"TOA5","CR1000-CONTROL","CR1000","86633","CR1000.Std.31.03","CPU:Sapflow_SERC.CR1","8974","Table1"
"TIMESTAMP","RECORD","DiffVolt_Avg(1)","DiffVolt_Avg(2)","DiffVolt_Avg(3)","DiffVolt_Avg(4)","DiffVolt_Avg(5)","DiffVolt_Avg(6)","DiffVolt_Avg(7)","DiffVolt_Avg(8)"
"TS","RN","mV","mV","mV","mV","mV","mV","mV","mV"
"","","Avg","Avg","Avg","Avg","Avg","Avg","Avg","Avg"
"2018-06-21 17:30:00",2028,0.457,0.462,0.48,0.434,0.429,0.466,0.502,0.528
"2018-06-21 18:00:00",2029,0.463,0.468,0.488,0.44,0.437,0.476,0.512,0.54
"2018-06-21 18:30:00",2030,0.467,0.474,0.493,0.448,0.443,0.485,0.528,0.551
"2018-06-21 19:00:00",2031,0.477,0.488,0.507,0.463,0.46,0.506,0.552,0.569
"2018-06-21 19:30:00",2032,0.498,0.506,0.525,0.485,0.486,0.535,0.573,0.584
"2018-06-21 20:00:00",2033,0.52,0.526,0.544,0.512,0.51,0.559,0.59,0.595
"2018-06-21 20:30:00",2034,0.533,0.537,0.554,0.524,0.525,0.569,0.601,0.602
"2018-06-21 21:00:00",2035,0.548,0.548,0.564,0.532,0.538,0.577,0.608,0.607
"2018-06-21 21:30:00",2036,0.559,0.556,0.573,0.536,0.549,0.581,0.614,0.609
"2018-06-21 22:00:00",2037,0.568,0.561,0.579,0.538,0.556,0.582,0.618,0.612
"2018-06-21 22:30:00",2038,0.575,0.56,0.585,0.54,0.562,0.582,0.621,0.613
"2018-06-21 23:00:00",2039,0.576,0.555,0.587,0.54,0.565,0.582,0.624,0.614
"2018-06-21 23:30:00",2040,0.574,0.549,0.588,0.538,0.566,0.581,0.625,0.615
"2018-06-22 00:00:00",2041,0.573,0.545,0.589,0.537,0.566,0.581,0.626,0.616
"2018-06-22 00:30:00",2042,0.571,0.543,0.59,0.537,0.566,0.58,0.626,0.616
"2018-06-22 01:00:00",2043,0.569,0.541,0.59,0.537,0.566,0.58,0.627,0.618
"2018-06-22 01:30:00",2044,0.568,0.54,0.59,0.537,0.566,0.58,0.627,0.618
"2018-06-22 02:00:00",2045,0.569,0.539,0.59,0.538,0.566,0.581,0.626,0.618
"2018-06-22 02:30:00",2046,0.57,0.539,0.59,0.538,0.567,0.581,0.627,0.619
"2018-06-22 03:00:00",2047,0.572,0.54,0.592,0.539,0.568,0.581,0.627,0.619
"2018-06-22 03:30:00",2048,0.571,0.54,0.591,0.539,0.569,0.582,0.626,0.62
"2018-06-22 04:00:00",2049,0.564,0.536,0.589,0.539,0.566,0.582,0.626,0.62
"2018-06-22 04:30:00",2050,0.557,0.533,0.587,0.539,0.563,0.584,0.626,0.622
"2018-06-22 05:00:00",2051,0.545,0.525,0.581,0.54,0.555,0.586,0.627,0.623
"2018-06-22 05:30:00",2052,0.533,0.517,0.573,0.54,0.541,0.588,0.628,0.625
"2018-06-22 06:00:00",2053,0.519,0.503,0.56,0.539,0.524,0.586,0.627,0.625
"2018-06-22 06:30:00",2054,0.501,0.48,0.537,0.528,0.503,0.563,0.626,0.625
"2018-06-22 07:00:00",2055,0.497,0.474,0.525,0.506,0.495,0.548,0.62,0.622
"2018-06-22 07:30:00",2056,0.494,0.473,0.52,0.492,0.491,0.542,0.613,0.616
"2018-06-22 08:00:00",2057,0.499,0.478,0.522,0.49,0.496,0.544,0.608,0.607
"2018-06-22 08:30:00",2058,0.529,0.502,0.544,0.515,0.522,0.562,0.606,0.607
"2018-06-22 09:00:00",2059,0.544,0.514,0.556,0.529,0.538,0.57,0.603,0.604
"2018-06-22 09:30:00",2060,0.559,0.522,0.566,0.535,0.55,0.575,0.601,0.604
"2018-06-22 10:00:00",2061,0.555,0.517,0.566,0.533,0.552,0.572,0.6,0.603
"2018-06-22 10:30:00",2062,0.531,0.498,0.551,0.521,0.54,0.561,0.598,0.599
"2018-06-22 11:00:00",2063,0.51,0.483,0.534,0.504,0.523,0.547,0.594,0.593
"2018-06-22 11:30:00",2064,0.511,0.484,0.53,0.497,0.516,0.543,0.591,0.591
"2018-06-22 12:00:00",2065,0.525,0.494,0.54,0.505,0.522,0.548,0.593,0.593
"2018-06-22 12:30:00",2066,0.514,0.488,0.537,0.502,0.521,0.545,0.592,0.593
"2018-06-22 13:00:00",2067,0.497,0.475,0.522,0.485,0.503,0.53,0.587,0.588
"2018-06-22 13:30:00",2068,0.511,0.486,0.531,0.494,0.51,0.538,0.587,0.588
"2018-06-22 14:00:00",2069,0.533,0.502,0.545,0.509,0.526,0.552,0.589,0.589
"2018-06-22 14:30:00",2070,0.553,0.517,0.557,0.522,0.54,0.564,0.593,0.591
"2018-06-22 15:00:00",2071,0.563,0.524,0.565,0.528,0.548,0.569,0.598,0.595
"2018-06-22 15:30:00",2072,0.573,0.533,0.572,0.535,0.556,0.575,0.602,0.597
"2018-06-22 16:00:00",2073,0.58,0.539,0.578,0.537,0.562,0.578,0.606,0.599
"2018-06-22 16:30:00",2074,0.582,0.539,0.579,0.538,0.563,0.579,0.605,0.599
"2018-06-22 17:00:00",2075,0.583,0.539,0.579,0.539,0.564,0.579,0.605,0.563
"2018-06-22 17:30:00",2076,0.586,0.54,0.581,0.539,0.567,0.581,0.604,0.542
"2018-06-22 18:00:00",2077,0.588,0.543,0.584,0.538,0.569,0.58,0.606,0.543
"2018-06-22 18:30:00",2078,0.589,0.542,0.585,0.537,0.57,0.578,0.607,0.505
"2018-06-22 19:00:00",2079,0.588,0.541,0.584,0.537,0.569,0.577,0.603,0.508
"2018-06-22 19:30:00",2080,0.589,0.541,0.585,0.536,0.571,0.577,0.597,0.525
"2018-06-22 20:00:00",2081,0.589,0.54,0.585,0.535,0.571,0.577,0.593,0.539
"2018-06-22 20:30:00",2082,0.589,0.541,0.586,0.534,0.571,0.577,0.591,0.548
"2018-06-22 21:00:00",2083,0.589,0.54,0.585,0.533,0.571,0.577,0.591,0.55
"2018-06-22 21:30:00",2084,0.589,0.54,0.586,0.532,0.572,0.576,0.592,0.554
"2018-06-22 22:00:00",2085,0.588,0.54,0.584,0.532,0.571,0.575,0.591,0.552
"2018-06-22 22:30:00",2086,0.588,0.542,0.585,0.531,0.57,0.573,0.594,0.549
"2018-06-22 23:00:00",2087,0.587,0.542,0.585,0.532,0.57,0.571,0.595,0.55
"2018-06-22 23:30:00",2088,0.588,0.542,0.586,0.533,0.571,0.57,0.596,0.551
"2018-06-23 00:00:00",2089,0.591,0.541,0.586,0.533,0.571,0.568,0.594,0.55
"2018-06-23 00:30:00",2090,0.591,0.539,0.585,0.533,0.571,0.567,0.594,0.551
"2018-06-23 01:00:00",2091,0.59,0.538,0.586,0.532,0.57,0.567,0.597,0.552
"2018-06-23 01:30:00",2092,0.589,0.538,0.587,0.532,0.569,0.567,0.601,0.555
"2018-06-23 02:00:00",2093,0.588,0.538,0.586,0.532,0.569,0.567,0.602,0.557
"2018-06-23 02:30:00",2094,0.586,0.536,0.585,0.531,0.568,0.566,0.601,0.555
"2018-06-23 03:00:00",2095,0.585,0.536,0.586,0.531,0.568,0.566,0.604,0.555
"2018-06-23 03:30:00",2096,0.584,0.535,0.586,0.531,0.568,0.565,0.606,0.556
"2018-06-23 04:00:00",2097,0.583,0.534,0.588,0.53,0.568,0.565,0.612,0.561
"2018-06-23 04:30:00",2098,0.582,0.533,0.586,0.53,0.568,0.564,0.61,0.559
"2018-06-23 05:00:00",2099,0.581,0.533,0.586,0.53,0.568,0.563,0.609,0.557
"2018-06-23 05:30:00",2100,0.58,0.532,0.586,0.529,0.567,0.562,0.609,0.559
"2018-06-23 06:00:00",2101,0.579,0.531,0.585,0.529,0.566,0.561,0.606,0.555
"2018-06-23 06:30:00",2102,0.578,0.53,0.585,0.528,0.566,0.56,0.609,0.558
"2018-06-23 07:00:00",2103,0.578,0.529,0.585,0.527,0.566,0.559,0.608,0.558
"2018-06-23 07:30:00",2104,0.577,0.528,0.586,0.527,0.565,0.558,0.609,0.554
"2018-06-23 08:00:00",2105,0.577,0.528,0.585,0.527,0.565,0.558,0.61,0.552
"2018-06-23 08:30:00",2106,0.577,0.527,0.585,0.527,0.565,0.557,0.607,0.549
"2018-06-23 09:00:00",2107,0.578,0.526,0.585,0.527,0.566,0.557,0.606,0.549
"2018-06-23 09:30:00",2108,0.577,0.525,0.586,0.528,0.566,0.558,0.604,0.547
"2018-06-23 10:00:00",2109,0.576,0.525,0.588,0.528,0.567,0.558,0.608,0.551
"2018-06-23 10:30:00",2110,0.574,0.525,0.589,0.529,0.568,0.559,0.61,0.554
"2018-06-23 11:00:00",2111,0.576,0.525,0.589,0.529,0.57,0.56,0.611,0.555
"2018-06-23 11:30:00",2112,0.577,0.526,0.59,0.53,0.57,0.561,0.612,0.556
"2018-06-23 12:00:00",2113,0.578,0.527,0.591,0.53,0.571,0.561,0.612,0.555
"2018-06-23 12:30:00",2114,0.575,0.526,0.59,0.529,0.57,0.56,0.613,0.556
"2018-06-23 13:00:00",2115,0.564,0.518,0.585,0.523,0.566,0.559,0.613,0.555
"2018-06-23 13:30:00",2116,0.543,0.504,0.574,0.51,0.555,0.554,0.61,0.55
"2018-06-23 14:00:00",2117,0.508,0.479,0.55,0.483,0.526,0.535,0.606,0.546
"2018-06-23 14:30:00",2118,0.474,0.45,0.52,0.447,0.481,0.495,0.6,0.539
"2018-06-23 15:00:00",2119,0.463,0.443,0.507,0.434,0.46,0.475,0.595,0.533
"2018-06-23 15:30:00",2120,0.465,0.444,0.501,0.433,0.454,0.471,0.586,0.526
"2018-06-23 16:00:00",2121,0.456,0.436,0.486,0.427,0.436,0.451,0.581,0.526
"2018-06-23 16:30:00",2122,0.461,0.44,0.487,0.429,0.437,0.457,0.57,0.516
"2018-06-23 17:00:00",2123,0.491,0.468,0.515,0.457,0.474,0.498,0.572,0.521
"2018-06-23 17:30:00",2124,0.477,0.458,0.505,0.451,0.462,0.485,0.562,0.513
"2018-06-23 18:00:00",2125,0.491,0.469,0.516,0.46,0.472,0.499,0.562,0.52
"2018-06-23 18:30:00",2126,0.514,0.491,0.538,0.483,0.503,0.529,0.573,0.534
"2018-06-23 19:00:00",2127,0.521,0.498,0.544,0.495,0.512,0.541,0.582,0.54
"2018-06-23 19:30:00",2128,0.509,0.488,0.541,0.488,0.494,0.531,0.588,0.545
"2018-06-23 20:00:00",2129,0.531,0.506,0.554,0.503,0.516,0.547,0.595,0.55
"2018-06-23 20:30:00",2130,0.554,0.524,0.569,0.52,0.539,0.561,0.602,0.553
"2018-06-23 21:00:00",2131,0.569,0.536,0.578,0.528,0.553,0.568,0.608,0.554
"2018-06-23 21:30:00",2132,0.577,0.542,0.584,0.531,0.56,0.569,0.61,0.555
"2018-06-23 22:00:00",2133,0.58,0.544,0.586,0.532,0.564,0.569,0.614,0.556
"2018-06-23 22:30:00",2134,0.582,0.546,0.585,0.533,0.567,0.569,0.616,0.553
"2018-06-23 23:00:00",2135,0.582,0.547,0.586,0.533,0.569,0.569,0.618,0.554
"2018-06-23 23:30:00",2136,0.583,0.547,0.589,0.533,0.57,0.569,0.619,0.557
"2018-06-24 00:00:00",2137,0.583,0.548,0.585,0.533,0.57,0.568,0.619,0.553
"2018-06-24 00:30:00",2138,0.583,0.548,0.586,0.533,0.57,0.568,0.621,0.555
"2018-06-24 01:00:00",2139,0.584,0.547,0.585,0.533,0.57,0.569,0.621,0.554
"2018-06-24 01:30:00",2140,0.584,0.54,0.586,0.534,0.571,0.569,0.622,0.556
"2018-06-24 02:00:00",2141,0.584,0.534,0.585,0.534,0.572,0.568,0.623,0.558
"2018-06-24 02:30:00",2142,0.584,0.535,0.586,0.534,0.572,0.569,0.624,0.558
"2018-06-24 03:00:00",2143,0.584,0.534,0.585,0.535,0.573,0.569,0.625,0.558
"2018-06-24 03:30:00",2144,0.584,0.534,0.584,0.534,0.573,0.569,0.625,0.557
"2018-06-24 04:00:00",2145,0.584,0.534,0.584,0.534,0.573,0.569,0.626,0.559
"2018-06-24 04:30:00",2146,0.584,0.534,0.583,0.534,0.573,0.569,0.626,0.558
"2018-06-24 05:00:00",2147,0.584,0.532,0.583,0.534,0.573,0.569,0.626,0.558
"2018-06-24 05:30:00",2148,0.584,0.533,0.583,0.534,0.573,0.568,0.626,0.558
"2018-06-24 06:00:00",2149,0.584,0.533,0.584,0.533,0.573,0.568,0.627,0.558
"2018-06-24 06:30:00",2150,0.585,0.532,0.583,0.532,0.572,0.567,0.627,0.557
"2018-06-24 07:00:00",2151,0.585,0.531,0.582,0.531,0.572,0.566,0.626,0.555
"2018-06-24 07:30:00",2152,0.583,0.53,0.584,0.529,0.572,0.566,0.625,0.555
"2018-06-24 08:00:00",2153,0.568,0.519,0.583,0.528,0.569,0.563,0.623,0.557
"2018-06-24 08:30:00",2154,0.536,0.497,0.572,0.519,0.555,0.551,0.621,0.556
"2018-06-24 09:00:00",2155,0.474,0.449,0.528,0.454,0.493,0.503,0.612,0.549
"2018-06-24 09:30:00",2156,0.444,0.424,0.49,0.411,0.438,0.458,0.585,0.529
"2018-06-24 10:00:00",2157,0.445,0.427,0.485,0.411,0.43,0.453,0.547,0.508
"2018-06-24 10:30:00",2158,0.447,0.428,0.485,0.413,0.43,0.452,0.517,0.491
"2018-06-24 11:00:00",2159,0.445,0.427,0.482,0.408,0.428,0.45,0.501,0.482
"2018-06-24 11:30:00",2160,0.448,0.428,0.484,0.412,0.429,0.452,0.501,0.48
"2018-06-24 12:00:00",2161,0.436,0.418,0.471,0.395,0.414,0.438,0.48,0.469
"2018-06-24 12:30:00",2162,0.431,0.412,0.46,0.387,0.403,0.43,0.453,0.452
"2018-06-24 13:00:00",2163,0.429,0.41,0.457,0.389,0.399,0.429,0.443,0.446
"2018-06-24 13:30:00",2164,0.431,0.413,0.459,0.393,0.4,0.433,0.444,0.447
"2018-06-24 14:00:00",2165,0.432,0.415,0.46,0.395,0.399,0.434,0.445,0.448
"2018-06-24 14:30:00",2166,0.433,0.416,0.461,0.396,0.399,0.435,0.446,0.447
"2018-06-24 15:00:00",2167,0.433,0.416,0.461,0.396,0.4,0.434,0.446,0.448
"2018-06-24 15:30:00",2168,0.434,0.417,0.461,0.397,0.401,0.434,0.445,0.449
"2018-06-24 16:00:00",2169,0.436,0.422,0.463,0.401,0.406,0.439,0.453,0.454
"2018-06-24 16:30:00",2170,0.441,0.428,0.469,0.407,0.412,0.446,0.466,0.463
"2018-06-24 17:00:00",2171,0.451,0.437,0.48,0.418,0.424,0.458,0.481,0.473
"2018-06-24 17:30:00",2172,0.463,0.451,0.494,0.434,0.44,0.475,0.517,0.494
"2018-06-24 18:00:00",2173,0.45,0.437,0.478,0.423,0.425,0.459,0.514,0.498
"2018-06-24 18:30:00",2174,0.452,0.442,0.481,0.425,0.425,0.462,0.519,0.51
"2018-06-24 19:00:00",2175,0.457,0.448,0.485,0.429,0.427,0.471,0.538,0.525
"2018-06-24 19:30:00",2176,0.477,0.472,0.507,0.455,0.452,0.502,0.562,0.54
"2018-06-24 20:00:00",2177,0.491,0.485,0.524,0.477,0.475,0.519,0.579,0.551
"2018-06-24 20:30:00",2178,0.513,0.504,0.54,0.499,0.506,0.545,0.591,0.556
"2018-06-24 21:00:00",2179,0.517,0.512,0.546,0.514,0.519,0.563,0.601,0.562
"2018-06-24 21:30:00",2180,0.523,0.52,0.554,0.523,0.528,0.575,0.608,0.567
"2018-06-24 22:00:00",2181,0.535,0.527,0.561,0.529,0.536,0.58,0.612,0.57
"2018-06-24 22:30:00",2182,0.545,0.532,0.565,0.533,0.545,0.582,0.614,0.571
"2018-06-24 23:00:00",2183,0.551,0.537,0.568,0.534,0.55,0.582,0.617,0.573
"2018-06-24 23:30:00",2184,0.558,0.541,0.571,0.536,0.556,0.581,0.618,0.573
"2018-06-25 00:00:00",2185,0.566,0.545,0.574,0.537,0.56,0.58,0.62,0.574
"2018-06-25 00:30:00",2186,0.575,0.549,0.576,0.539,0.564,0.58,0.621,0.576
"2018-06-25 01:00:00",2187,0.58,0.552,0.578,0.539,0.567,0.58,0.623,0.579
"2018-06-25 01:30:00",2188,0.583,0.553,0.578,0.539,0.569,0.579,0.624,0.579
"2018-06-25 02:00:00",2189,0.587,0.554,0.579,0.539,0.57,0.579,0.625,0.581
"2018-06-25 02:30:00",2190,0.589,0.555,0.582,0.539,0.571,0.579,0.627,0.583
"2018-06-25 03:00:00",2191,0.592,0.555,0.578,0.539,0.572,0.578,0.626,0.583
"2018-06-25 03:30:00",2192,0.594,0.556,0.58,0.538,0.573,0.577,0.626,0.585
"2018-06-25 04:00:00",2193,0.593,0.555,0.585,0.537,0.573,0.577,0.628,0.587
"2018-06-25 04:30:00",2194,0.59,0.553,0.586,0.536,0.572,0.576,0.628,0.59
"2018-06-25 05:00:00",2195,0.583,0.55,0.586,0.535,0.571,0.577,0.629,0.592
"2018-06-25 05:30:00",2196,0.575,0.546,0.581,0.537,0.572,0.579,0.627,0.592
"2018-06-25 06:00:00",2197,0.561,0.54,0.58,0.537,0.571,0.581,0.628,0.595
"2018-06-25 06:30:00",2198,0.538,0.523,0.566,0.534,0.562,0.583,0.626,0.596
"2018-06-25 07:00:00",2199,0.517,0.496,0.544,0.514,0.539,0.576,0.625,0.595
"2018-06-25 07:30:00",2200,0.497,0.477,0.524,0.487,0.513,0.555,0.62,0.591
"2018-06-25 08:00:00",2201,0.479,0.462,0.506,0.462,0.492,0.53,0.615,0.587
"2018-06-25 08:30:00",2202,0.463,0.451,0.49,0.439,0.465,0.503,0.602,0.574
"2018-06-25 09:00:00",2203,0.454,0.445,0.48,0.423,0.447,0.484,0.582,0.561
"2018-06-25 09:30:00",2204,0.45,0.442,0.476,0.416,0.436,0.474,0.556,0.544
"2018-06-25 10:00:00",2205,0.443,0.437,0.469,0.407,0.425,0.461,0.527,0.527
"2018-06-25 10:30:00",2206,0.44,0.435,0.464,0.403,0.415,0.453,0.499,0.507
"2018-06-25 11:00:00",2207,0.439,0.435,0.463,0.402,0.412,0.45,0.481,0.492
"2018-06-25 11:30:00",2208,0.44,0.436,0.464,0.402,0.411,0.45,0.465,0.483
"2018-06-25 12:00:00",2209,0.438,0.435,0.46,0.402,0.408,0.446,0.452,0.474
"2018-06-25 12:30:00",2210,0.438,0.436,0.46,0.403,0.407,0.444,0.449,0.471
"2018-06-25 13:00:00",2211,0.438,0.436,0.46,0.403,0.407,0.442,0.447,0.468
"2018-06-25 13:30:00",2212,0.437,0.435,0.458,0.403,0.404,0.44,0.446,0.466
"2018-06-25 14:00:00",2213,0.439,0.437,0.462,0.407,0.408,0.443,0.454,0.47
"2018-06-25 14:30:00",2214,0.439,0.437,0.462,0.409,0.408,0.444,0.454,0.471
"2018-06-25 15:00:00",2215,0.439,0.438,0.462,0.409,0.409,0.444,0.456,0.472
"2018-06-25 15:30:00",2216,0.441,0.439,0.462,0.41,0.411,0.444,0.458,0.473
"2018-06-25 16:00:00",2217,0.444,0.442,0.466,0.414,0.417,0.449,0.464,0.478
"2018-06-25 16:30:00",2218,0.448,0.447,0.473,0.42,0.424,0.457,0.477,0.488
"2018-06-25 17:00:00",2219,0.453,0.452,0.48,0.428,0.43,0.465,0.492,0.499
"2018-06-25 17:30:00",2220,0.457,0.459,0.487,0.434,0.438,0.475,0.507,0.51
"2018-06-25 18:00:00",2221,0.456,0.458,0.486,0.437,0.434,0.471,0.516,0.519
"2018-06-25 18:30:00",2222,0.458,0.46,0.488,0.441,0.433,0.474,0.527,0.532
"2018-06-25 19:00:00",2223,0.465,0.469,0.497,0.449,0.441,0.487,0.547,0.549
"2018-06-25 19:30:00",2224,0.492,0.496,0.52,0.482,0.478,0.528,0.572,0.567
"2018-06-25 20:00:00",2225,0.508,0.512,0.535,0.502,0.507,0.55,0.589,0.579
"2018-06-25 20:30:00",2226,0.526,0.527,0.546,0.517,0.529,0.565,0.602,0.587
"2018-06-25 21:00:00",2227,0.532,0.535,0.554,0.527,0.542,0.573,0.611,0.595
"2018-06-25 21:30:00",2228,0.533,0.537,0.561,0.531,0.548,0.578,0.618,0.598
"2018-06-25 22:00:00",2229,0.54,0.541,0.565,0.534,0.553,0.58,0.622,0.602
"2018-06-25 22:30:00",2230,0.541,0.543,0.567,0.536,0.555,0.582,0.624,0.603
"2018-06-25 23:00:00",2231,0.545,0.546,0.566,0.537,0.558,0.583,0.624,0.604
"2018-06-25 23:30:00",2232,0.551,0.55,0.567,0.539,0.56,0.584,0.625,0.606
"2018-06-26 00:00:00",2233,0.559,0.554,0.567,0.54,0.563,0.585,0.626,0.606
"2018-06-26 00:30:00",2234,0.563,0.557,0.569,0.541,0.566,0.585,0.627,0.608
"2018-06-26 01:00:00",2235,0.566,0.56,0.571,0.542,0.568,0.586,0.629,0.609
"2018-06-26 01:30:00",2236,0.569,0.562,0.571,0.542,0.57,0.585,0.629,0.609
"2018-06-26 02:00:00",2237,0.572,0.563,0.573,0.542,0.571,0.585,0.629,0.61
"2018-06-26 02:30:00",2238,0.571,0.562,0.572,0.542,0.572,0.586,0.63,0.611
"2018-06-26 03:00:00",2239,0.568,0.56,0.575,0.543,0.572,0.587,0.631,0.612
"2018-06-26 03:30:00",2240,0.562,0.556,0.574,0.543,0.573,0.587,0.633,0.613
"2018-06-26 04:00:00",2241,0.557,0.552,0.573,0.543,0.572,0.588,0.633,0.612
"2018-06-26 04:30:00",2242,0.555,0.549,0.57,0.543,0.572,0.588,0.634,0.613
"2018-06-26 05:00:00",2243,0.553,0.547,0.57,0.543,0.571,0.589,0.633,0.613
"2018-06-26 05:30:00",2244,0.553,0.546,0.57,0.543,0.571,0.589,0.633,0.613
"2018-06-26 06:00:00",2245,0.556,0.547,0.568,0.543,0.571,0.59,0.633,0.612
"2018-06-26 06:30:00",2246,0.532,0.525,0.55,0.532,0.564,0.588,0.633,0.612
"2018-06-26 07:00:00",2247,0.533,0.519,0.546,0.522,0.554,0.586,0.632,0.611
"2018-06-26 07:30:00",2248,0.522,0.514,0.548,0.513,0.543,0.574,0.632,0.61
"2018-06-26 08:00:00",2249,0.505,0.501,0.538,0.494,0.526,0.555,0.631,0.608
"2018-06-26 08:30:00",2250,0.49,0.488,0.523,0.475,0.505,0.537,0.627,0.604
"2018-06-26 09:00:00",2251,0.461,0.461,0.495,0.436,0.465,0.497,0.613,0.592
"2018-06-26 09:30:00",2252,0.452,0.452,0.481,0.421,0.443,0.477,0.576,0.564
"2018-06-26 10:00:00",2253,0.449,0.45,0.48,0.414,0.435,0.468,0.548,0.545
"2018-06-26 10:30:00",2254,0.449,0.449,0.479,0.411,0.432,0.466,0.526,0.53
"2018-06-26 11:00:00",2255,0.448,0.447,0.477,0.407,0.428,0.462,0.51,0.517
"2018-06-26 11:30:00",2256,0.447,0.445,0.473,0.405,0.424,0.459,0.489,0.504
"2018-06-26 12:00:00",2257,0.447,0.445,0.472,0.408,0.424,0.458,0.477,0.497
"2018-06-26 12:30:00",2258,0.442,0.441,0.467,0.406,0.419,0.449,0.467,0.489
"2018-06-26 13:00:00",2259,0.437,0.438,0.459,0.404,0.411,0.442,0.454,0.476
"2018-06-26 13:30:00",2260,0.436,0.437,0.458,0.405,0.407,0.441,0.454,0.474
"2018-06-26 14:00:00",2261,0.435,0.437,0.457,0.405,0.404,0.44,0.455,0.472
"2018-06-26 14:30:00",2262,0.435,0.438,0.456,0.406,0.404,0.441,0.458,0.473
"2018-06-26 15:00:00",2263,0.436,0.439,0.457,0.407,0.405,0.442,0.46,0.478
"2018-06-26 15:30:00",2264,0.438,0.441,0.457,0.409,0.407,0.443,0.461,0.482
"2018-06-26 16:00:00",2265,0.439,0.442,0.458,0.412,0.408,0.445,0.463,0.486
"2018-06-26 16:30:00",2266,0.441,0.444,0.459,0.415,0.409,0.448,0.471,0.49
"2018-06-26 17:00:00",2267,0.444,0.447,0.46,0.42,0.412,0.452,0.481,0.496
"2018-06-26 17:30:00",2268,0.447,0.451,0.464,0.424,0.415,0.458,0.492,0.508
"2018-06-26 18:00:00",2269,0.449,0.454,0.467,0.428,0.416,0.461,0.505,0.522
"2018-06-26 18:30:00",2270,0.453,0.458,0.473,0.432,0.419,0.466,0.513,0.535
"2018-06-26 19:00:00",2271,0.458,0.465,0.482,0.439,0.423,0.477,0.534,0.551
"2018-06-26 19:30:00",2272,0.468,0.481,0.497,0.458,0.435,0.501,0.561,0.568
"2018-06-26 20:00:00",2273,0.478,0.491,0.51,0.478,0.453,0.514,0.58,0.581
"2018-06-26 20:30:00",2274,0.501,0.511,0.526,0.503,0.485,0.539,0.594,0.59
"2018-06-26 21:00:00",2275,0.524,0.533,0.544,0.522,0.515,0.564,0.604,0.598
"2018-06-26 21:30:00",2276,0.54,0.546,0.556,0.531,0.533,0.576,0.61,0.602
"2018-06-26 22:00:00",2277,0.548,0.553,0.563,0.537,0.544,0.581,0.616,0.605
"2018-06-26 22:30:00",2278,0.551,0.556,0.568,0.539,0.55,0.582,0.619,0.607
"2018-06-26 23:00:00",2279,0.553,0.558,0.57,0.54,0.554,0.584,0.623,0.608
"2018-06-26 23:30:00",2280,0.554,0.559,0.571,0.54,0.558,0.584,0.625,0.609
"2018-06-27 00:00:00",2281,0.555,0.56,0.573,0.54,0.56,0.584,0.627,0.61
"2018-06-27 00:30:00",2282,0.558,0.562,0.577,0.539,0.563,0.583,0.627,0.61
"2018-06-27 01:00:00",2283,0.561,0.563,0.579,0.538,0.565,0.582,0.627,0.61
"2018-06-27 01:30:00",2284,0.562,0.564,0.58,0.538,0.566,0.581,0.627,0.61
"2018-06-27 02:00:00",2285,0.563,0.564,0.582,0.538,0.567,0.58,0.627,0.609
"2018-06-27 02:30:00",2286,0.566,0.565,0.585,0.538,0.568,0.579,0.627,0.61
"2018-06-27 03:00:00",2287,0.568,0.565,0.585,0.538,0.569,0.579,0.626,0.609
"2018-06-27 03:30:00",2288,0.569,0.566,0.587,0.538,0.57,0.578,0.627,0.61
"2018-06-27 04:00:00",2289,0.57,0.566,0.588,0.537,0.57,0.578,0.627,0.609
"2018-06-27 04:30:00",2290,0.572,0.567,0.588,0.537,0.57,0.577,0.626,0.609
"2018-06-27 05:00:00",2291,0.575,0.568,0.589,0.536,0.57,0.576,0.626,0.609
"2018-06-27 05:30:00",2292,0.576,0.568,0.588,0.535,0.571,0.575,0.625,0.607
"2018-06-27 06:00:00",2293,0.576,0.567,0.587,0.535,0.571,0.575,0.625,0.607
"2018-06-27 06:30:00",2294,0.573,0.565,0.586,0.534,0.57,0.574,0.625,0.607
"2018-06-27 07:00:00",2295,0.563,0.558,0.58,0.532,0.568,0.575,0.624,0.606
"2018-06-27 07:30:00",2296,0.55,0.543,0.57,0.524,0.561,0.575,0.622,0.604
"2018-06-27 08:00:00",2297,0.531,0.525,0.553,0.507,0.545,0.57,0.619,0.601
"2018-06-27 08:30:00",2298,0.526,0.521,0.547,0.5,0.537,0.564,0.614,0.598
"2018-06-27 09:00:00",2299,0.524,0.523,0.546,0.499,0.535,0.561,0.612,0.597
"2018-06-27 09:30:00",2300,0.487,0.494,0.517,0.462,0.499,0.525,0.599,0.586
"2018-06-27 10:00:00",2301,0.49,0.493,0.514,0.46,0.488,0.513,0.587,0.579
"2018-06-27 10:30:00",2302,0.489,0.493,0.517,0.46,0.488,0.511,0.584,0.578
"2018-06-27 11:00:00",2303,0.5,0.501,0.522,0.469,0.497,0.518,0.578,0.573
"2018-06-27 11:30:00",2304,0.501,0.502,0.525,0.473,0.502,0.52,0.579,0.577
"2018-06-27 12:00:00",2305,0.489,0.492,0.514,0.459,0.488,0.509,0.571,0.571
"2018-06-27 12:30:00",2306,0.485,0.488,0.506,0.453,0.481,0.504,0.561,0.561
"2018-06-27 13:00:00",2307,0.489,0.491,0.507,0.456,0.482,0.507,0.554,0.557
"2018-06-27 13:30:00",2308,0.522,0.519,0.531,0.489,0.514,0.535,0.568,0.569
"2018-06-27 14:00:00",2309,0.545,0.537,0.549,0.508,0.534,0.552,0.585,0.581
"2018-06-27 14:30:00",2310,0.526,0.522,0.542,0.499,0.524,0.546,0.593,0.584
"2018-06-27 15:00:00",2311,0.501,0.502,0.525,0.478,0.505,0.527,0.595,0.583
"2018-06-27 15:30:00",2312,0.475,0.479,0.5,0.449,0.472,0.496,0.584,0.573
"2018-06-27 16:00:00",2313,0.472,0.476,0.492,0.441,0.46,0.49,0.562,0.559
"2018-06-27 16:30:00",2314,0.468,0.472,0.487,0.436,0.452,0.486,0.541,0.544
"2018-06-27 17:00:00",2315,0.475,0.479,0.492,0.445,0.462,0.497,0.531,0.537
"2018-06-27 17:30:00",2316,0.474,0.479,0.492,0.449,0.461,0.499,0.533,0.541
"2018-06-27 18:00:00",2317,0.477,0.481,0.492,0.45,0.464,0.5,0.533,0.541
"2018-06-27 18:30:00",2318,0.485,0.489,0.499,0.46,0.474,0.516,0.541,0.55
"2018-06-27 19:00:00",2319,0.482,0.486,0.499,0.463,0.467,0.519,0.549,0.556
"2018-06-27 19:30:00",2320,0.491,0.496,0.509,0.475,0.477,0.526,0.562,0.569
"2018-06-27 20:00:00",2321,0.515,0.519,0.528,0.501,0.509,0.55,0.579,0.58
"2018-06-27 20:30:00",2322,0.54,0.54,0.549,0.519,0.536,0.565,0.593,0.588
"2018-06-27 21:00:00",2323,0.554,0.551,0.563,0.527,0.55,0.57,0.603,0.593
"2018-06-27 21:30:00",2324,0.561,0.556,0.571,0.529,0.557,0.571,0.609,0.596
"2018-06-27 22:00:00",2325,0.563,0.559,0.574,0.53,0.561,0.57,0.613,0.598
"2018-06-27 22:30:00",2326,0.564,0.56,0.574,0.53,0.563,0.569,0.614,0.598
"2018-06-27 23:00:00",2327,0.564,0.56,0.576,0.53,0.565,0.569,0.616,0.599
"2018-06-27 23:30:00",2328,0.569,0.562,0.58,0.531,0.566,0.569,0.619,0.602
"2018-06-28 00:00:00",2329,0.572,0.564,0.578,0.532,0.568,0.569,0.62,0.601
"2018-06-28 00:30:00",2330,0.575,0.565,0.58,0.532,0.569,0.568,0.621,0.601
"2018-06-28 01:00:00",2331,0.578,0.567,0.581,0.532,0.57,0.568,0.621,0.602
"2018-06-28 01:30:00",2332,0.583,0.569,0.583,0.532,0.57,0.568,0.623,0.602
"2018-06-28 02:00:00",2333,0.587,0.57,0.583,0.532,0.571,0.567,0.623,0.603
"2018-06-28 02:30:00",2334,0.589,0.571,0.584,0.532,0.571,0.567,0.624,0.603
"2018-06-28 03:00:00",2335,0.591,0.571,0.587,0.531,0.57,0.566,0.624,0.603
"2018-06-28 03:30:00",2336,0.591,0.571,0.587,0.531,0.57,0.566,0.624,0.603
"2018-06-28 04:00:00",2337,0.591,0.571,0.585,0.53,0.57,0.565,0.623,0.602
"2018-06-28 04:30:00",2338,0.59,0.57,0.584,0.529,0.57,0.565,0.622,0.601
"2018-06-28 05:00:00",2339,0.591,0.57,0.586,0.529,0.57,0.564,0.623,0.601
"2018-06-28 05:30:00",2340,0.593,0.571,0.589,0.53,0.57,0.564,0.624,0.602
"2018-06-28 06:00:00",2341,0.593,0.57,0.588,0.53,0.569,0.564,0.624,0.603
"2018-06-28 06:30:00",2342,0.594,0.57,0.588,0.53,0.57,0.564,0.624,0.603
"2018-06-28 07:00:00",2343,0.591,0.567,0.588,0.53,0.569,0.565,0.624,0.603
"2018-06-28 07:30:00",2344,0.564,0.547,0.579,0.527,0.565,0.567,0.624,0.603
"2018-06-28 08:00:00",2345,0.517,0.508,0.548,0.498,0.54,0.555,0.62,0.601
"2018-06-28 08:30:00",2346,0.512,0.503,0.534,0.485,0.518,0.543,0.615,0.597
"2018-06-28 09:00:00",2347,0.503,0.496,0.526,0.471,0.504,0.53,0.607,0.592
"2018-06-28 09:30:00",2348,0.481,0.478,0.509,0.444,0.477,0.503,0.591,0.578
"2018-06-28 10:00:00",2349,0.47,0.468,0.497,0.428,0.456,0.481,0.566,0.559
"2018-06-28 10:30:00",2350,0.456,0.457,0.48,0.413,0.434,0.459,0.529,0.53
"2018-06-28 11:00:00",2351,0.451,0.451,0.473,0.406,0.423,0.45,0.504,0.513
"2018-06-28 11:30:00",2352,0.452,0.452,0.473,0.41,0.421,0.45,0.491,0.505
"2018-06-28 12:00:00",2353,0.448,0.448,0.469,0.404,0.416,0.446,0.478,0.498
"2018-06-28 12:30:00",2354,0.438,0.44,0.454,0.395,0.401,0.432,0.453,0.477
"2018-06-28 13:00:00",2355,0.439,0.441,0.455,0.396,0.4,0.434,0.447,0.472
"2018-06-28 13:30:00",2356,0.439,0.441,0.455,0.397,0.399,0.435,0.446,0.471
"2018-06-28 14:00:00",2357,0.446,0.447,0.465,0.406,0.408,0.444,0.459,0.479
"2018-06-28 14:30:00",2358,0.444,0.445,0.461,0.405,0.406,0.443,0.46,0.479
"2018-06-28 15:00:00",2359,0.443,0.443,0.459,0.404,0.404,0.44,0.457,0.478
"2018-06-28 15:30:00",2360,0.442,0.441,0.455,0.4,0.402,0.437,0.451,0.473
"2018-06-28 16:00:00",2361,0.446,0.446,0.461,0.406,0.409,0.445,0.461,0.48
"2018-06-28 16:30:00",2362,0.446,0.445,0.46,0.406,0.408,0.443,0.465,0.482
"2018-06-28 17:00:00",2363,0.447,0.447,0.46,0.409,0.407,0.444,0.468,0.486
"2018-06-28 17:30:00",2364,0.45,0.448,0.463,0.413,0.409,0.447,0.479,0.495
"2018-06-28 18:00:00",2365,0.45,0.448,0.462,0.414,0.408,0.447,0.485,0.504
"2018-06-28 18:30:00",2366,0.453,0.452,0.467,0.417,0.41,0.452,0.495,0.519
"2018-06-28 19:00:00",2367,0.461,0.461,0.481,0.429,0.416,0.464,0.522,0.541
"2018-06-28 19:30:00",2368,0.467,0.472,0.494,0.444,0.425,0.476,0.549,0.561
"2018-06-28 20:00:00",2369,0.472,0.48,0.501,0.459,0.435,0.489,0.567,0.575
"2018-06-28 20:30:00",2370,0.49,0.499,0.519,0.484,0.462,0.519,0.582,0.584
"2018-06-28 21:00:00",2371,0.513,0.518,0.54,0.507,0.497,0.549,0.593,0.591
"2018-06-28 21:30:00",2372,0.528,0.53,0.55,0.519,0.52,0.565,0.601,0.595
"2018-06-28 22:00:00",2373,0.535,0.536,0.557,0.525,0.532,0.572,0.607,0.597
"2018-06-28 22:30:00",2374,0.542,0.541,0.561,0.529,0.54,0.575,0.611,0.6
"2018-06-28 23:00:00",2375,0.548,0.545,0.563,0.531,0.546,0.577,0.615,0.602
"2018-06-28 23:30:00",2376,0.55,0.548,0.565,0.533,0.551,0.578,0.617,0.603
"2018-06-29 00:00:00",2377,0.554,0.55,0.566,0.534,0.554,0.578,0.619,0.604
"2018-06-29 00:30:00",2378,0.556,0.551,0.569,0.534,0.557,0.579,0.621,0.604
"2018-06-29 01:00:00",2379,0.557,0.552,0.573,0.534,0.558,0.579,0.623,0.605
"2018-06-29 01:30:00",2380,0.559,0.553,0.572,0.535,0.56,0.579,0.622,0.605
"2018-06-29 02:00:00",2381,0.561,0.554,0.569,0.535,0.561,0.579,0.62,0.605
"2018-06-29 02:30:00",2382,0.562,0.555,0.573,0.536,0.562,0.58,0.623,0.606
"2018-06-29 03:00:00",2383,0.562,0.555,0.576,0.536,0.563,0.58,0.624,0.605
"2018-06-29 03:30:00",2384,0.563,0.554,0.574,0.536,0.563,0.58,0.623,0.605
"2018-06-29 04:00:00",2385,0.563,0.555,0.571,0.537,0.564,0.58,0.621,0.605
"2018-06-29 04:30:00",2386,0.566,0.556,0.569,0.538,0.564,0.581,0.618,0.604
"2018-06-29 05:00:00",2387,0.569,0.558,0.57,0.538,0.565,0.58,0.618,0.604
"2018-06-29 05:30:00",2388,0.571,0.56,0.574,0.538,0.566,0.58,0.621,0.605
"2018-06-29 06:00:00",2389,0.574,0.561,0.572,0.538,0.567,0.58,0.62,0.605
"2018-06-29 06:30:00",2390,0.567,0.556,0.566,0.537,0.564,0.58,0.62,0.604
"2018-06-29 07:00:00",2391,0.543,0.532,0.553,0.528,0.548,0.578,0.622,0.604
"2018-06-29 07:30:00",2392,0.511,0.501,0.529,0.498,0.516,0.56,0.62,0.603
"2018-06-29 08:00:00",2393,0.492,0.487,0.511,0.471,0.493,0.535,0.617,0.601
"2018-06-29 08:30:00",2394,0.473,0.472,0.496,0.442,0.468,0.505,0.607,0.593
"2018-06-29 09:00:00",2395,0.457,0.46,0.48,0.42,0.44,0.476,0.581,0.574
"2018-06-29 09:30:00",2396,0.452,0.455,0.473,0.41,0.427,0.462,0.548,0.552
"2018-06-29 10:00:00",2397,0.451,0.452,0.47,0.408,0.421,0.456,0.516,0.526
"2018-06-29 10:30:00",2398,0.453,0.453,0.474,0.409,0.424,0.456,0.506,0.517
"2018-06-29 11:00:00",2399,0.444,0.444,0.461,0.396,0.408,0.442,0.484,0.497
"2018-06-29 11:30:00",2400,0.444,0.443,0.459,0.395,0.404,0.441,0.465,0.485
"2018-06-29 12:00:00",2401,0.443,0.442,0.457,0.395,0.402,0.439,0.453,0.476
"2018-06-29 12:30:00",2402,0.443,0.44,0.456,0.396,0.401,0.437,0.447,0.472
"2018-06-29 13:00:00",2403,0.442,0.441,0.454,0.396,0.4,0.435,0.442,0.466
"2018-06-29 13:30:00",2404,0.442,0.441,0.454,0.397,0.4,0.435,0.445,0.467
"2018-06-29 14:00:00",2405,0.442,0.441,0.454,0.398,0.399,0.434,0.448,0.468
"2018-06-29 14:30:00",2406,0.442,0.44,0.454,0.398,0.397,0.434,0.45,0.47
"2018-06-29 15:00:00",2407,0.442,0.439,0.453,0.399,0.398,0.434,0.452,0.472
"2018-06-29 15:30:00",2408,0.444,0.441,0.454,0.401,0.401,0.436,0.455,0.478
"2018-06-29 16:00:00",2409,0.445,0.441,0.454,0.403,0.403,0.436,0.459,0.481
"2018-06-29 16:30:00",2410,0.446,0.442,0.454,0.406,0.403,0.438,0.465,0.484
"2018-06-29 17:00:00",2411,0.448,0.445,0.457,0.41,0.405,0.441,0.475,0.489
"2018-06-29 17:30:00",2412,0.451,0.448,0.46,0.415,0.408,0.446,0.487,0.5
"2018-06-29 18:00:00",2413,0.453,0.45,0.464,0.418,0.409,0.449,0.497,0.514
"2018-06-29 18:30:00",2414,0.458,0.458,0.474,0.426,0.415,0.457,0.51,0.528
"2018-06-29 19:00:00",2415,0.463,0.465,0.484,0.433,0.421,0.468,0.53,0.544
"2018-06-29 19:30:00",2416,0.473,0.478,0.5,0.451,0.437,0.489,0.554,0.561
"2018-06-29 20:00:00",2417,0.488,0.495,0.516,0.477,0.466,0.512,0.572,0.575
"2018-06-29 20:30:00",2418,0.506,0.513,0.53,0.499,0.496,0.537,0.587,0.585
"2018-06-29 21:00:00",2419,0.528,0.531,0.544,0.517,0.522,0.559,0.598,0.592
"2018-06-29 21:30:00",2420,0.54,0.541,0.555,0.526,0.537,0.57,0.606,0.596
"2018-06-29 22:00:00",2421,0.545,0.545,0.561,0.53,0.545,0.574,0.611,0.598
"2018-06-29 22:30:00",2422,0.551,0.549,0.562,0.532,0.55,0.576,0.614,0.601
"2018-06-29 23:00:00",2423,0.557,0.553,0.566,0.533,0.555,0.577,0.616,0.602
"2018-06-29 23:30:00",2424,0.56,0.556,0.567,0.534,0.558,0.577,0.619,0.603
"2018-06-30 00:00:00",2425,0.564,0.558,0.57,0.535,0.561,0.577,0.621,0.603
"2018-06-30 00:30:00",2426,0.565,0.558,0.571,0.535,0.562,0.577,0.623,0.604
"2018-06-30 01:00:00",2427,0.566,0.558,0.571,0.535,0.564,0.577,0.623,0.605
"2018-06-30 01:30:00",2428,0.565,0.557,0.572,0.535,0.564,0.577,0.625,0.604
"2018-06-30 02:00:00",2429,0.561,0.556,0.57,0.535,0.564,0.577,0.627,0.605
"2018-06-30 02:30:00",2430,0.558,0.554,0.569,0.536,0.564,0.578,0.626,0.605
"2018-06-30 03:00:00",2431,0.56,0.554,0.57,0.537,0.564,0.579,0.627,0.605
"2018-06-30 03:30:00",2432,0.559,0.554,0.569,0.537,0.564,0.58,0.627,0.605
"2018-06-30 04:00:00",2433,0.563,0.556,0.57,0.537,0.565,0.58,0.627,0.607
"2018-06-30 04:30:00",2434,0.566,0.557,0.573,0.538,0.566,0.58,0.628,0.606
"2018-06-30 05:00:00",2435,0.566,0.558,0.573,0.538,0.566,0.58,0.629,0.607
"2018-06-30 05:30:00",2436,0.567,0.558,0.572,0.538,0.567,0.58,0.629,0.606
"2018-06-30 06:00:00",2437,0.567,0.558,0.571,0.537,0.567,0.58,0.63,0.606
"2018-06-30 06:30:00",2438,0.553,0.549,0.56,0.534,0.559,0.58,0.629,0.605
"2018-06-30 07:00:00",2439,0.532,0.522,0.542,0.522,0.536,0.578,0.628,0.603
"2018-06-30 07:30:00",2440,0.509,0.499,0.524,0.495,0.511,0.565,0.627,0.603
"2018-06-30 08:00:00",2441,0.484,0.481,0.503,0.462,0.481,0.534,0.623,0.601
"2018-06-30 08:30:00",2442,0.467,0.469,0.487,0.435,0.455,0.502,0.611,0.595
"2018-06-30 09:00:00",2443,0.456,0.459,0.478,0.417,0.437,0.476,0.584,0.58
"2018-06-30 09:30:00",2444,0.448,0.45,0.467,0.405,0.418,0.454,0.543,0.555
"2018-06-30 10:00:00",2445,0.446,0.447,0.464,0.399,0.412,0.447,0.51,0.529
"2018-06-30 10:30:00",2446,0.444,0.442,0.459,0.394,0.406,0.441,0.489,0.506
"2018-06-30 11:00:00",2447,0.442,0.44,0.456,0.391,0.402,0.438,0.47,0.487
"2018-06-30 11:30:00",2448,0.441,0.439,0.454,0.39,0.399,0.436,0.456,0.476
"2018-06-30 12:00:00",2449,0.441,0.438,0.453,0.39,0.399,0.434,0.447,0.47
"2018-06-30 12:30:00",2450,0.44,0.437,0.451,0.391,0.398,0.432,0.442,0.465
"2018-06-30 13:00:00",2451,0.439,0.436,0.449,0.391,0.397,0.43,0.441,0.462
"2018-06-30 13:30:00",2452,0.44,0.437,0.45,0.392,0.397,0.43,0.445,0.464
"2018-06-30 14:00:00",2453,0.439,0.436,0.45,0.393,0.396,0.43,0.447,0.465
"2018-06-30 14:30:00",2454,0.44,0.436,0.449,0.394,0.396,0.431,0.448,0.466
"2018-06-30 15:00:00",2455,0.44,0.435,0.448,0.394,0.396,0.43,0.449,0.468
"2018-06-30 15:30:00",2456,0.441,0.436,0.449,0.396,0.397,0.431,0.449,0.47
"2018-06-30 16:00:00",2457,0.442,0.436,0.448,0.397,0.397,0.431,0.453,0.474
"2018-06-30 16:30:00",2458,0.443,0.439,0.45,0.401,0.4,0.433,0.462,0.479
"2018-06-30 17:00:00",2459,0.446,0.44,0.452,0.405,0.401,0.437,0.471,0.485
"2018-06-30 17:30:00",2460,0.448,0.442,0.455,0.409,0.403,0.441,0.482,0.495
"2018-06-30 18:00:00",2461,0.45,0.446,0.459,0.414,0.406,0.445,0.493,0.509
"2018-06-30 18:30:00",2462,0.456,0.455,0.47,0.423,0.413,0.456,0.507,0.525
"2018-06-30 19:00:00",2463,0.462,0.462,0.48,0.432,0.418,0.466,0.529,0.541
"2018-06-30 19:30:00",2464,0.473,0.475,0.496,0.45,0.434,0.485,0.554,0.561
"2018-06-30 20:00:00",2465,0.486,0.491,0.515,0.475,0.461,0.509,0.572,0.575
"2018-06-30 20:30:00",2466,0.498,0.506,0.529,0.495,0.49,0.53,0.585,0.584
"2018-06-30 21:00:00",2467,0.518,0.525,0.542,0.512,0.516,0.555,0.595,0.59
"2018-06-30 21:30:00",2468,0.531,0.535,0.55,0.523,0.532,0.568,0.602,0.594
"2018-06-30 22:00:00",2469,0.537,0.541,0.556,0.528,0.541,0.573,0.609,0.597
"2018-06-30 22:30:00",2470,0.542,0.544,0.56,0.531,0.548,0.576,0.613,0.599
"2018-06-30 23:00:00",2471,0.546,0.548,0.561,0.532,0.552,0.577,0.616,0.601
"2018-06-30 23:30:00",2472,0.551,0.551,0.565,0.534,0.556,0.578,0.618,0.602
"2018-07-01 00:00:00",2473,0.553,0.553,0.569,0.534,0.559,0.578,0.62,0.602
"2018-07-01 00:30:00",2474,0.555,0.554,0.571,0.534,0.561,0.578,0.623,0.603
"2018-07-01 01:00:00",2475,0.558,0.556,0.572,0.534,0.562,0.577,0.624,0.604
"2018-07-01 01:30:00",2476,0.56,0.557,0.574,0.534,0.564,0.577,0.625,0.605
"2018-07-01 02:00:00",2477,0.559,0.556,0.573,0.534,0.565,0.577,0.626,0.604
"2018-07-01 02:30:00",2478,0.559,0.556,0.573,0.533,0.565,0.576,0.626,0.604
"2018-07-01 03:00:00",2479,0.559,0.556,0.572,0.533,0.566,0.576,0.626,0.605
"2018-07-01 03:30:00",2480,0.559,0.556,0.572,0.534,0.566,0.576,0.626,0.604
"2018-07-01 04:00:00",2481,0.56,0.557,0.572,0.534,0.566,0.576,0.626,0.604
"2018-07-01 04:30:00",2482,0.563,0.558,0.572,0.535,0.567,0.577,0.625,0.604
"2018-07-01 05:00:00",2483,0.566,0.56,0.572,0.535,0.568,0.577,0.625,0.604
"2018-07-01 05:30:00",2484,0.573,0.563,0.576,0.535,0.569,0.577,0.628,0.606
"2018-07-01 06:00:00",2485,0.579,0.566,0.577,0.535,0.57,0.577,0.627,0.605
"2018-07-01 06:30:00",2486,0.579,0.566,0.574,0.534,0.57,0.577,0.628,0.606
"2018-07-01 07:00:00",2487,0.57,0.559,0.574,0.533,0.567,0.578,0.628,0.605
"2018-07-01 07:30:00",2488,0.545,0.538,0.564,0.529,0.556,0.578,0.628,0.605
"2018-07-01 08:00:00",2489,0.504,0.504,0.535,0.5,0.525,0.564,0.627,0.604
"2018-07-01 08:30:00",2490,0.471,0.479,0.506,0.456,0.483,0.525,0.62,0.599
"2018-07-01 09:00:00",2491,0.452,0.463,0.486,0.424,0.449,0.484,0.6,0.588
"2018-07-01 09:30:00",2492,0.441,0.451,0.472,0.407,0.424,0.457,0.562,0.563
"2018-07-01 10:00:00",2493,0.437,0.446,0.465,0.399,0.414,0.447,0.523,0.534
"2018-07-01 10:30:00",2494,0.434,0.442,0.458,0.394,0.407,0.44,0.497,0.509
"2018-07-01 11:00:00",2495,0.435,0.441,0.459,0.392,0.405,0.44,0.48,0.494
"2018-07-01 11:30:00",2496,0.436,0.439,0.457,0.391,0.402,0.437,0.463,0.481
"2018-07-01 12:00:00",2497,0.435,0.437,0.453,0.39,0.399,0.434,0.448,0.47
"2018-07-01 12:30:00",2498,0.435,0.437,0.452,0.391,0.4,0.433,0.444,0.468
"2018-07-01 13:00:00",2499,0.435,0.436,0.45,0.391,0.398,0.431,0.441,0.463
"2018-07-01 13:30:00",2500,0.434,0.435,0.448,0.391,0.396,0.429,0.441,0.461
"2018-07-01 14:00:00",2501,0.435,0.436,0.449,0.392,0.396,0.43,0.446,0.462
"2018-07-01 14:30:00",2502,0.435,0.436,0.449,0.393,0.396,0.43,0.449,0.464
"2018-07-01 15:00:00",2503,0.436,0.435,0.449,0.394,0.396,0.431,0.451,0.469
"2018-07-01 15:30:00",2504,0.437,0.436,0.447,0.396,0.396,0.43,0.453,0.471
"2018-07-01 16:00:00",2505,0.439,0.437,0.448,0.398,0.397,0.433,0.456,0.474
"2018-07-01 16:30:00",2506,0.441,0.438,0.45,0.401,0.399,0.434,0.464,0.48
"2018-07-01 17:00:00",2507,0.444,0.441,0.452,0.406,0.402,0.438,0.475,0.487
"2018-07-01 17:30:00",2508,0.446,0.443,0.454,0.411,0.403,0.442,0.484,0.496
"2018-07-01 18:00:00",2509,0.451,0.448,0.461,0.418,0.408,0.449,0.497,0.511
"2018-07-01 18:30:00",2510,0.456,0.456,0.471,0.426,0.414,0.458,0.513,0.529
"2018-07-01 19:00:00",2511,0.465,0.465,0.486,0.439,0.424,0.473,0.535,0.547
"2018-07-01 19:30:00",2512,0.475,0.476,0.5,0.456,0.44,0.491,0.555,0.563
"2018-07-01 20:00:00",2513,0.495,0.496,0.52,0.484,0.471,0.52,0.573,0.576
"2018-07-01 20:30:00",2514,0.517,0.518,0.538,0.507,0.504,0.548,0.587,0.585
"2018-07-01 21:00:00",2515,0.535,0.534,0.548,0.521,0.528,0.565,0.598,0.59
"2018-07-01 21:30:00",2516,0.547,0.543,0.558,0.527,0.542,0.572,0.606,0.594
"2018-07-01 22:00:00",2517,0.554,0.549,0.565,0.53,0.55,0.574,0.612,0.597
"2018-07-01 22:30:00",2518,0.561,0.554,0.57,0.531,0.556,0.574,0.616,0.599
"2018-07-01 23:00:00",2519,0.568,0.559,0.573,0.531,0.56,0.573,0.619,0.6
"2018-07-01 23:30:00",2520,0.575,0.564,0.576,0.531,0.563,0.572,0.621,0.601
"2018-07-02 00:00:00",2521,0.577,0.565,0.577,0.53,0.565,0.571,0.623,0.601
"2018-07-02 00:30:00",2522,0.575,0.565,0.576,0.53,0.566,0.571,0.624,0.601
"2018-07-02 01:00:00",2523,0.575,0.564,0.578,0.529,0.567,0.57,0.625,0.602
"2018-07-02 01:30:00",2524,0.579,0.566,0.579,0.529,0.568,0.57,0.625,0.602
"2018-07-02 02:00:00",2525,0.581,0.567,0.581,0.53,0.568,0.57,0.626,0.602
"2018-07-02 02:30:00",2526,0.585,0.569,0.58,0.53,0.569,0.57,0.627,0.602
"2018-07-02 03:00:00",2527,0.588,0.57,0.579,0.53,0.57,0.569,0.627,0.602
"2018-07-02 03:30:00",2528,0.591,0.571,0.582,0.53,0.57,0.569,0.628,0.602
"2018-07-02 04:00:00",2529,0.592,0.572,0.582,0.53,0.57,0.569,0.629,0.603
"2018-07-02 04:30:00",2530,0.592,0.572,0.581,0.53,0.571,0.569,0.629,0.603
"2018-07-02 05:00:00",2531,0.593,0.571,0.582,0.53,0.571,0.569,0.629,0.604
"2018-07-02 05:30:00",2532,0.593,0.572,0.581,0.53,0.571,0.569,0.629,0.604
"2018-07-02 06:00:00",2533,0.593,0.572,0.582,0.529,0.571,0.569,0.63,0.603
"2018-07-02 06:30:00",2534,0.592,0.571,0.581,0.529,0.571,0.569,0.63,0.603
"2018-07-02 07:00:00",2535,0.591,0.57,0.583,0.528,0.571,0.569,0.631,0.602
"2018-07-02 07:30:00",2536,0.58,0.562,0.582,0.527,0.57,0.57,0.631,0.602
"2018-07-02 08:00:00",2537,0.533,0.527,0.569,0.521,0.563,0.567,0.631,0.601
"2018-07-02 08:30:00",2538,0.474,0.484,0.527,0.474,0.516,0.534,0.626,0.598
"2018-07-02 09:00:00",2539,0.448,0.463,0.494,0.428,0.462,0.489,0.61,0.592
"2018-07-02 09:30:00",2540,0.438,0.451,0.48,0.408,0.435,0.463,0.583,0.577
"2018-07-02 10:00:00",2541,0.432,0.444,0.47,0.397,0.42,0.448,0.548,0.55
"2018-07-02 10:30:00",2542,0.429,0.44,0.462,0.391,0.411,0.439,0.51,0.521
"2018-07-02 11:00:00",2543,0.428,0.437,0.457,0.388,0.405,0.434,0.483,0.497
"2018-07-02 11:30:00",2544,0.428,0.435,0.453,0.387,0.399,0.431,0.458,0.477
"2018-07-02 12:00:00",2545,0.432,0.435,0.455,0.389,0.402,0.435,0.45,0.471
"2018-07-02 12:30:00",2546,0.432,0.435,0.453,0.39,0.401,0.433,0.444,0.467
"2018-07-02 13:00:00",2547,0.431,0.434,0.45,0.389,0.399,0.429,0.441,0.462
"2018-07-02 13:30:00",2548,0.43,0.432,0.448,0.388,0.396,0.427,0.441,0.459
"2018-07-02 14:00:00",2549,0.43,0.432,0.447,0.39,0.395,0.427,0.445,0.46
"2018-07-02 14:30:00",2550,0.43,0.432,0.448,0.392,0.395,0.428,0.454,0.466
"2018-07-02 15:00:00",2551,0.431,0.431,0.446,0.391,0.394,0.428,0.45,0.466
"2018-07-02 15:30:00",2552,0.432,0.432,0.446,0.393,0.394,0.428,0.451,0.469
"2018-07-02 16:00:00",2553,0.433,0.433,0.446,0.395,0.396,0.43,0.455,0.473
"2018-07-02 16:30:00",2554,0.435,0.434,0.447,0.398,0.397,0.431,0.463,0.477
"2018-07-02 17:00:00",2555,0.437,0.435,0.448,0.401,0.398,0.434,0.47,0.482
"2018-07-02 17:30:00",2556,0.44,0.438,0.452,0.407,0.401,0.438,0.48,0.492
"2018-07-02 18:00:00",2557,0.442,0.441,0.455,0.41,0.403,0.441,0.489,0.504
"2018-07-02 18:30:00",2558,0.447,0.447,0.464,0.418,0.409,0.449,0.503,0.52
"2018-07-02 19:00:00",2559,0.455,0.458,0.478,0.431,0.418,0.463,0.526,0.539
"2018-07-02 19:30:00",2560,0.464,0.468,0.492,0.448,0.432,0.481,0.549,0.557
"2018-07-02 20:00:00",2561,0.479,0.485,0.509,0.474,0.458,0.508,0.567,0.571
"2018-07-02 20:30:00",2562,0.499,0.505,0.525,0.499,0.492,0.537,0.582,0.58
"2018-07-02 21:00:00",2563,0.514,0.52,0.537,0.515,0.516,0.559,0.593,0.586
"2018-07-02 21:30:00",2564,0.524,0.529,0.549,0.523,0.531,0.57,0.601,0.59
"2018-07-02 22:00:00",2565,0.534,0.537,0.556,0.527,0.541,0.573,0.608,0.594
"2018-07-02 22:30:00",2566,0.542,0.543,0.559,0.53,0.549,0.574,0.612,0.596
"2018-07-02 23:00:00",2567,0.55,0.549,0.563,0.532,0.554,0.575,0.615,0.598
"2018-07-02 23:30:00",2568,0.555,0.553,0.566,0.532,0.558,0.574,0.618,0.599
"2018-07-03 00:00:00",2569,0.56,0.556,0.571,0.533,0.561,0.574,0.621,0.6
"2018-07-03 00:30:00",2570,0.564,0.559,0.573,0.533,0.563,0.573,0.623,0.601
"2018-07-03 01:00:00",2571,0.566,0.56,0.575,0.532,0.565,0.573,0.625,0.601
"2018-07-03 01:30:00",2572,0.569,0.561,0.575,0.532,0.566,0.573,0.626,0.602
"2018-07-03 02:00:00",2573,0.573,0.563,0.575,0.532,0.567,0.572,0.626,0.602
"2018-07-03 02:30:00",2574,0.573,0.563,0.577,0.531,0.568,0.572,0.627,0.602
"2018-07-03 03:00:00",2575,0.571,0.562,0.578,0.53,0.568,0.572,0.628,0.602
"2018-07-03 03:30:00",2576,0.571,0.563,0.577,0.53,0.569,0.572,0.628,0.602
"2018-07-03 04:00:00",2577,0.575,0.565,0.578,0.531,0.569,0.572,0.628,0.602
"2018-07-03 04:30:00",2578,0.58,0.567,0.581,0.531,0.569,0.571,0.628,0.602
"2018-07-03 05:00:00",2579,0.584,0.569,0.581,0.531,0.57,0.57,0.629,0.602
"2018-07-03 05:30:00",2580,0.587,0.57,0.58,0.531,0.57,0.57,0.629,0.601
"2018-07-03 06:00:00",2581,0.588,0.57,0.579,0.53,0.57,0.57,0.629,0.6
"2018-07-03 06:30:00",2582,0.589,0.57,0.581,0.53,0.57,0.57,0.63,0.601
"2018-07-03 07:00:00",2583,0.582,0.565,0.58,0.529,0.569,0.571,0.63,0.6
"2018-07-03 07:30:00",2584,0.545,0.539,0.571,0.526,0.561,0.572,0.629,0.599
"2018-07-03 08:00:00",2585,0.492,0.497,0.538,0.494,0.527,0.551,0.627,0.599
"2018-07-03 08:30:00",2586,0.466,0.474,0.506,0.454,0.487,0.517,0.62,0.596
"2018-07-03 09:00:00",2587,0.453,0.461,0.493,0.428,0.46,0.491,0.603,0.587
"2018-07-03 09:30:00",2588,0.444,0.452,0.481,0.412,0.441,0.469,0.579,0.571
"2018-07-03 10:00:00",2589,0.438,0.444,0.473,0.402,0.428,0.454,0.548,0.547
"2018-07-03 10:30:00",2590,0.435,0.439,0.465,0.396,0.418,0.445,0.514,0.521
"2018-07-03 11:00:00",2591,0.436,0.439,0.464,0.396,0.415,0.445,0.491,0.505
"2018-07-03 11:30:00",2592,0.433,0.436,0.458,0.391,0.409,0.44,0.47,0.487
"2018-07-03 12:00:00",2593,0.432,0.435,0.456,0.39,0.406,0.437,0.457,0.478
"2018-07-03 12:30:00",2594,0.431,0.434,0.454,0.391,0.404,0.434,0.451,0.472
"2018-07-03 13:00:00",2595,0.429,0.432,0.449,0.39,0.401,0.431,0.446,0.462
"2018-07-03 13:30:00",2596,0.429,0.429,0.45,0.39,0.398,0.428,0.449,0.464
"2018-07-03 14:00:00",2597,0.427,0.428,0.446,0.39,0.394,0.427,0.448,0.462
"2018-07-03 14:30:00",2598,0.428,0.427,0.448,0.391,0.395,0.428,0.453,0.463
"2018-07-03 15:00:00",2599,0.428,0.427,0.447,0.391,0.395,0.427,0.455,0.467
"2018-07-03 15:30:00",2600,0.429,0.427,0.447,0.392,0.396,0.428,0.455,0.47
"2018-07-03 16:00:00",2601,0.43,0.427,0.446,0.395,0.397,0.429,0.459,0.474
"2018-07-03 16:30:00",2602,0.43,0.427,0.446,0.397,0.396,0.43,0.463,0.476
"2018-07-03 17:00:00",2603,0.433,0.43,0.449,0.401,0.399,0.433,0.47,0.481
"2018-07-03 17:30:00",2604,0.435,0.432,0.452,0.406,0.402,0.437,0.48,0.492
"2018-07-03 18:00:00",2605,0.438,0.436,0.457,0.412,0.405,0.441,0.491,0.504
"2018-07-03 18:30:00",2606,0.442,0.441,0.464,0.418,0.41,0.447,0.5,0.515
"2018-07-03 19:00:00",2607,0.448,0.449,0.474,0.427,0.417,0.459,0.516,0.528
"2018-07-03 19:30:00",2608,0.467,0.468,0.493,0.452,0.446,0.492,0.539,0.546
"2018-07-03 20:00:00",2609,0.49,0.492,0.517,0.485,0.481,0.532,0.561,0.565
"2018-07-03 20:30:00",2610,0.506,0.51,0.532,0.508,0.508,0.556,0.58,0.577
"2018-07-03 21:00:00",2611,0.514,0.518,0.541,0.519,0.525,0.568,0.592,0.585
"2018-07-03 21:30:00",2612,0.522,0.525,0.549,0.525,0.536,0.573,0.601,0.59
"2018-07-03 22:00:00",2613,0.529,0.531,0.556,0.528,0.544,0.575,0.607,0.592
"2018-07-03 22:30:00",2614,0.533,0.533,0.556,0.528,0.547,0.574,0.605,0.59
"2018-07-03 23:00:00",2615,0.523,0.526,0.556,0.526,0.546,0.572,0.605,0.592
"2018-07-03 23:30:00",2616,0.529,0.531,0.558,0.527,0.55,0.572,0.611,0.595
"2018-07-04 00:00:00",2617,0.538,0.537,0.561,0.53,0.553,0.572,0.614,0.596
"2018-07-04 00:30:00",2618,0.546,0.542,0.565,0.531,0.556,0.572,0.616,0.599
"2018-07-04 01:00:00",2619,0.553,0.547,0.568,0.531,0.56,0.572,0.619,0.599
"2018-07-04 01:30:00",2620,0.56,0.551,0.57,0.532,0.562,0.571,0.621,0.598
"2018-07-04 02:00:00",2621,0.563,0.554,0.572,0.531,0.564,0.571,0.623,0.6
"2018-07-04 02:30:00",2622,0.568,0.556,0.575,0.531,0.566,0.571,0.625,0.601
"2018-07-04 03:00:00",2623,0.572,0.558,0.574,0.531,0.568,0.57,0.626,0.6
"2018-07-04 03:30:00",2624,0.576,0.56,0.574,0.53,0.568,0.57,0.625,0.6
"2018-07-04 04:00:00",2625,0.582,0.563,0.577,0.53,0.569,0.569,0.627,0.6
"2018-07-04 04:30:00",2626,0.586,0.564,0.578,0.53,0.57,0.569,0.628,0.601
"2018-07-04 05:00:00",2627,0.587,0.565,0.578,0.529,0.57,0.569,0.628,0.601
"2018-07-04 05:30:00",2628,0.587,0.565,0.58,0.528,0.57,0.568,0.629,0.601
"2018-07-04 06:00:00",2629,0.589,0.564,0.579,0.528,0.571,0.568,0.629,0.601
"2018-07-04 06:30:00",2630,0.588,0.562,0.577,0.527,0.571,0.568,0.628,0.6
"2018-07-04 07:00:00",2631,0.581,0.546,0.577,0.528,0.569,0.57,0.628,0.6
"2018-07-04 07:30:00",2632,0.55,0.515,0.568,0.525,0.56,0.572,0.627,0.599
"2018-07-04 08:00:00",2633,0.499,0.474,0.539,0.498,0.528,0.554,0.625,0.599
"2018-07-04 08:30:00",2634,0.469,0.447,0.507,0.455,0.484,0.516,0.616,0.593
"2018-07-04 09:00:00",2635,0.478,0.455,0.512,0.456,0.486,0.516,0.605,0.587
"2018-07-04 09:30:00",2636,0.463,0.442,0.5,0.437,0.467,0.497,0.592,0.576
"2018-07-04 10:00:00",2637,0.453,0.433,0.487,0.422,0.451,0.476,0.567,0.558
"2018-07-04 10:30:00",2638,0.44,0.42,0.469,0.401,0.426,0.453,0.533,0.533
"2018-07-04 11:00:00",2639,0.436,0.42,0.458,0.395,0.412,0.443,0.496,0.506
"2018-07-04 11:30:00",2640,0.435,0.419,0.454,0.393,0.405,0.44,0.469,0.486
"2018-07-04 12:00:00",2641,0.435,0.42,0.453,0.393,0.403,0.438,0.455,0.475
"2018-07-04 12:30:00",2642,0.437,0.419,0.452,0.393,0.402,0.437,0.449,0.468
"2018-07-04 13:00:00",2643,0.436,0.419,0.45,0.394,0.401,0.435,0.448,0.466
"2018-07-04 13:30:00",2644,0.434,0.417,0.446,0.393,0.396,0.432,0.447,0.462
"2018-07-04 14:00:00",2645,0.435,0.418,0.447,0.396,0.396,0.433,0.451,0.465
"2018-07-04 14:30:00",2646,0.435,0.418,0.448,0.397,0.396,0.433,0.456,0.466
"2018-07-04 15:00:00",2647,0.436,0.419,0.447,0.398,0.397,0.434,0.456,0.468
"2018-07-04 15:30:00",2648,0.437,0.419,0.447,0.398,0.398,0.433,0.454,0.47
"2018-07-04 16:00:00",2649,0.438,0.419,0.447,0.401,0.399,0.434,0.459,0.475
"2018-07-04 16:30:00",2650,0.438,0.42,0.447,0.404,0.399,0.435,0.466,0.478
"2018-07-04 17:00:00",2651,0.44,0.421,0.448,0.406,0.399,0.437,0.47,0.482
"2018-07-04 17:30:00",2652,0.445,0.427,0.457,0.413,0.408,0.448,0.482,0.491
"2018-07-04 18:00:00",2653,0.456,0.441,0.473,0.429,0.427,0.468,0.501,0.508
"2018-07-04 18:30:00",2654,0.47,0.46,0.49,0.452,0.451,0.495,0.524,0.528
"2018-07-04 19:00:00",2655,0.497,0.487,0.516,0.485,0.49,0.535,0.549,0.549
"2018-07-04 19:30:00",2656,0.5,0.491,0.526,0.498,0.503,0.548,0.565,0.564
"2018-07-04 20:00:00",2657,0.514,0.503,0.536,0.512,0.519,0.561,0.579,0.576
"2018-07-04 20:30:00",2658,0.524,0.511,0.543,0.523,0.533,0.571,0.592,0.584
"2018-07-04 21:00:00",2659,0.527,0.511,0.551,0.527,0.542,0.574,0.601,0.588
"2018-07-04 21:30:00",2660,0.529,0.51,0.556,0.529,0.548,0.574,0.608,0.592
"2018-07-04 22:00:00",2661,0.529,0.506,0.559,0.529,0.551,0.573,0.613,0.595
"2018-07-04 22:30:00",2662,0.533,0.508,0.562,0.53,0.554,0.571,0.616,0.597
"2018-07-04 23:00:00",2663,0.539,0.511,0.564,0.53,0.556,0.57,0.617,0.597
"2018-07-04 23:30:00",2664,0.545,0.514,0.568,0.53,0.559,0.569,0.619,0.597
"2018-07-05 00:00:00",2665,0.552,0.517,0.572,0.53,0.561,0.567,0.62,0.598
"2018-07-05 00:30:00",2666,0.557,0.52,0.572,0.53,0.563,0.566,0.621,0.598
"2018-07-05 01:00:00",2667,0.561,0.521,0.573,0.53,0.564,0.566,0.622,0.598
"2018-07-05 01:30:00",2668,0.567,0.524,0.576,0.53,0.566,0.566,0.623,0.599
"2018-07-05 02:00:00",2669,0.575,0.528,0.578,0.53,0.567,0.565,0.624,0.599
"2018-07-05 02:30:00",2670,0.58,0.53,0.577,0.529,0.568,0.564,0.625,0.598
"2018-07-05 03:00:00",2671,0.584,0.531,0.58,0.529,0.569,0.564,0.626,0.598
"2018-07-05 03:30:00",2672,0.59,0.533,0.579,0.529,0.57,0.564,0.626,0.598
"2018-07-05 04:00:00",2673,0.593,0.534,0.58,0.529,0.57,0.564,0.627,0.598
"2018-07-05 04:30:00",2674,0.595,0.533,0.578,0.528,0.571,0.564,0.627,0.597
"2018-07-05 05:00:00",2675,0.597,0.533,0.579,0.528,0.571,0.564,0.628,0.598
"2018-07-05 05:30:00",2676,0.597,0.532,0.58,0.528,0.571,0.564,0.629,0.598
"2018-07-05 06:00:00",2677,0.598,0.532,0.579,0.527,0.571,0.564,0.628,0.597
"2018-07-05 06:30:00",2678,0.597,0.531,0.577,0.527,0.571,0.564,0.628,0.596
"2018-07-05 07:00:00",2679,0.597,0.53,0.577,0.526,0.571,0.564,0.629,0.595
"2018-07-05 07:30:00",2680,0.596,0.529,0.578,0.525,0.57,0.564,0.629,0.594
"2018-07-05 08:00:00",2681,0.596,0.528,0.579,0.525,0.57,0.564,0.627,0.594
"2018-07-05 08:30:00",2682,0.597,0.526,0.58,0.526,0.569,0.563,0.626,0.593
"2018-07-05 09:00:00",2683,0.579,0.514,0.579,0.518,0.565,0.562,0.626,0.592
"2018-07-05 09:30:00",2684,0.508,0.462,0.548,0.48,0.529,0.546,0.622,0.591
"2018-07-05 10:00:00",2685,0.471,0.433,0.515,0.441,0.481,0.506,0.618,0.591
"2018-07-05 10:30:00",2686,0.454,0.417,0.485,0.418,0.446,0.471,0.604,0.58
"2018-07-05 11:00:00",2687,0.447,0.411,0.474,0.408,0.43,0.454,0.577,0.56
"2018-07-05 11:30:00",2688,0.438,0.403,0.456,0.397,0.409,0.436,0.516,0.515
"2018-07-05 12:00:00",2689,0.437,0.405,0.451,0.396,0.405,0.434,0.479,0.49
"2018-07-05 12:30:00",2690,0.444,0.416,0.459,0.405,0.413,0.445,0.471,0.484
"2018-07-05 13:00:00",2691,0.44,0.412,0.451,0.399,0.405,0.437,0.463,0.476
"2018-07-05 13:30:00",2692,0.438,0.411,0.447,0.396,0.399,0.432,0.452,0.466
"2018-07-05 14:00:00",2693,0.438,0.411,0.447,0.396,0.398,0.433,0.455,0.465
"2018-07-05 14:30:00",2694,0.438,0.411,0.447,0.397,0.397,0.433,0.459,0.465
"2018-07-05 15:00:00",2695,0.44,0.411,0.446,0.398,0.398,0.434,0.458,0.467
"2018-07-05 15:30:00",2696,0.441,0.413,0.446,0.399,0.4,0.434,0.459,0.472
"2018-07-05 16:00:00",2697,0.442,0.415,0.446,0.403,0.401,0.436,0.464,0.475
"2018-07-05 16:30:00",2698,0.447,0.42,0.45,0.41,0.406,0.442,0.477,0.483
"2018-07-05 17:00:00",2699,0.451,0.425,0.456,0.418,0.414,0.45,0.49,0.492
"2018-07-05 17:30:00",2700,0.453,0.429,0.46,0.423,0.416,0.454,0.496,0.5
"2018-07-05 18:00:00",2701,0.457,0.434,0.467,0.432,0.422,0.463,0.508,0.516
"2018-07-05 18:30:00",2702,0.457,0.433,0.466,0.433,0.416,0.462,0.514,0.528
"2018-07-05 19:00:00",2703,0.461,0.441,0.476,0.44,0.42,0.472,0.528,0.543
"2018-07-05 19:30:00",2704,0.471,0.453,0.491,0.458,0.435,0.494,0.551,0.559
"2018-07-05 20:00:00",2705,0.495,0.48,0.516,0.491,0.476,0.535,0.571,0.572
"2018-07-05 20:30:00",2706,0.519,0.502,0.538,0.516,0.511,0.562,0.587,0.582
"2018-07-05 21:00:00",2707,0.533,0.513,0.549,0.526,0.532,0.572,0.598,0.587
"2018-07-05 21:30:00",2708,0.547,0.522,0.559,0.531,0.545,0.574,0.606,0.589
"2018-07-05 22:00:00",2709,0.559,0.53,0.564,0.532,0.553,0.574,0.611,0.59
"2018-07-05 22:30:00",2710,0.564,0.532,0.566,0.532,0.558,0.573,0.614,0.591
"2018-07-05 23:00:00",2711,0.566,0.531,0.568,0.532,0.561,0.572,0.618,0.593
"2018-07-05 23:30:00",2712,0.567,0.53,0.569,0.532,0.564,0.571,0.62,0.593
"2018-07-06 00:00:00",2713,0.564,0.527,0.569,0.531,0.565,0.57,0.62,0.593
"2018-07-06 00:30:00",2714,0.567,0.527,0.571,0.531,0.566,0.569,0.623,0.595
"2018-07-06 01:00:00",2715,0.572,0.529,0.572,0.532,0.568,0.568,0.623,0.594
"2018-07-06 01:30:00",2716,0.577,0.53,0.574,0.532,0.569,0.567,0.625,0.595
"2018-07-06 02:00:00",2717,0.582,0.532,0.576,0.531,0.57,0.567,0.626,0.595
"2018-07-06 02:30:00",2718,0.585,0.532,0.578,0.53,0.571,0.567,0.627,0.595
"2018-07-06 03:00:00",2719,0.582,0.53,0.58,0.529,0.571,0.566,0.627,0.595
"2018-07-06 03:30:00",2720,0.578,0.527,0.579,0.528,0.571,0.566,0.627,0.595
"2018-07-06 04:00:00",2721,0.575,0.524,0.579,0.528,0.571,0.565,0.627,0.595
"2018-07-06 04:30:00",2722,0.572,0.522,0.578,0.528,0.571,0.566,0.627,0.595
"2018-07-06 05:00:00",2723,0.568,0.519,0.579,0.528,0.57,0.567,0.627,0.594
"2018-07-06 05:30:00",2724,0.565,0.517,0.579,0.528,0.57,0.567,0.628,0.595
"2018-07-06 06:00:00",2725,0.566,0.516,0.579,0.529,0.57,0.568,0.627,0.595
"2018-07-06 06:30:00",2726,0.561,0.513,0.576,0.528,0.569,0.569,0.627,0.595
"2018-07-06 07:00:00",2727,0.551,0.505,0.569,0.529,0.564,0.572,0.626,0.595
"2018-07-06 07:30:00",2728,0.534,0.488,0.554,0.524,0.55,0.573,0.623,0.593
"2018-07-06 08:00:00",2729,0.517,0.471,0.537,0.51,0.528,0.567,0.618,0.59
"2018-07-06 08:30:00",2730,0.507,0.463,0.528,0.496,0.513,0.556,0.611,0.586
"2018-07-06 09:00:00",2731,0.5,0.457,0.52,0.486,0.504,0.544,0.603,0.58
"2018-07-06 09:30:00",2732,0.488,0.447,0.51,0.47,0.488,0.525,0.59,0.571
"2018-07-06 10:00:00",2733,0.484,0.442,0.507,0.463,0.479,0.512,0.574,0.56
"2018-07-06 10:30:00",2734,0.482,0.442,0.506,0.462,0.475,0.506,0.564,0.555
"2018-07-06 11:00:00",2735,0.469,0.428,0.492,0.444,0.458,0.488,0.546,0.543
"2018-07-06 11:30:00",2736,0.459,0.419,0.479,0.435,0.442,0.47,0.53,0.53
"2018-07-06 12:00:00",2737,0.457,0.417,0.476,0.432,0.436,0.465,0.517,0.521
"2018-07-06 12:30:00",2738,0.463,0.426,0.484,0.439,0.444,0.477,0.521,0.524
"2018-07-06 13:00:00",2739,0.46,0.422,0.481,0.436,0.439,0.473,0.518,0.519
"2018-07-06 13:30:00",2740,0.462,0.424,0.483,0.438,0.443,0.475,0.52,0.521
"2018-07-06 14:00:00",2741,0.453,0.416,0.472,0.426,0.428,0.46,0.508,0.51
"2018-07-06 14:30:00",2742,0.449,0.413,0.465,0.419,0.421,0.453,0.498,0.5
"2018-07-06 15:00:00",2743,0.443,0.408,0.454,0.408,0.408,0.44,0.48,0.486
"2018-07-06 15:30:00",2744,0.448,0.418,0.464,0.415,0.416,0.45,0.485,0.49
"2018-07-06 16:00:00",2745,0.449,0.419,0.462,0.416,0.417,0.449,0.485,0.491
"2018-07-06 16:30:00",2746,0.447,0.418,0.456,0.411,0.412,0.445,0.477,0.484
"2018-07-06 17:00:00",2747,0.465,0.438,0.48,0.432,0.439,0.478,0.498,0.505
"2018-07-06 17:30:00",2748,0.477,0.45,0.494,0.449,0.457,0.499,0.522,0.525
"2018-07-06 18:00:00",2749,0.485,0.459,0.504,0.463,0.471,0.514,0.536,0.538
"2018-07-06 18:30:00",2750,0.489,0.465,0.51,0.472,0.48,0.525,0.545,0.549
"2018-07-06 19:00:00",2751,0.501,0.477,0.519,0.493,0.496,0.545,0.559,0.562
"2018-07-06 19:30:00",2752,0.491,0.473,0.514,0.499,0.493,0.554,0.57,0.572
"2018-07-06 20:00:00",2753,0.485,0.469,0.509,0.501,0.486,0.559,0.58,0.579
"2018-07-06 20:30:00",2754,0.497,0.483,0.522,0.512,0.504,0.57,0.593,0.585
"2018-07-06 21:00:00",2755,0.506,0.494,0.53,0.524,0.518,0.579,0.603,0.589
"2018-07-06 21:30:00",2756,0.517,0.503,0.537,0.53,0.53,0.58,0.609,0.592
"2018-07-06 22:00:00",2757,0.526,0.508,0.546,0.533,0.539,0.579,0.614,0.594
"2018-07-06 22:30:00",2758,0.532,0.512,0.55,0.534,0.545,0.578,0.618,0.595
"2018-07-06 23:00:00",2759,0.534,0.512,0.555,0.532,0.549,0.576,0.621,0.596
"2018-07-06 23:30:00",2760,0.525,0.508,0.553,0.532,0.551,0.574,0.624,0.598
"2018-07-07 00:00:00",2761,0.507,0.495,0.543,0.529,0.543,0.573,0.625,0.598
"2018-07-07 00:30:00",2762,0.495,0.487,0.534,0.527,0.528,0.573,0.623,0.594
"2018-07-07 01:00:00",2763,0.491,0.483,0.525,0.528,0.51,0.573,0.611,0.587
"2018-07-07 01:30:00",2764,0.491,0.482,0.52,0.526,0.503,0.572,0.6,0.581
"2018-07-07 02:00:00",2765,0.492,0.484,0.519,0.527,0.504,0.572,0.597,0.579
"2018-07-07 02:30:00",2766,0.493,0.485,0.519,0.529,0.506,0.571,0.597,0.58
"2018-07-07 03:00:00",2767,0.493,0.484,0.516,0.531,0.504,0.573,0.595,0.579
"2018-07-07 03:30:00",2768,0.493,0.482,0.513,0.532,0.501,0.574,0.592,0.576
"2018-07-07 04:00:00",2769,0.491,0.481,0.507,0.533,0.496,0.575,0.59,0.575
"2018-07-07 04:30:00",2770,0.489,0.479,0.506,0.533,0.49,0.575,0.59,0.576
"2018-07-07 05:00:00",2771,0.489,0.478,0.506,0.534,0.487,0.575,0.591,0.576
"2018-07-07 05:30:00",2772,0.491,0.48,0.511,0.535,0.49,0.574,0.594,0.58
"2018-07-07 06:00:00",2773,0.492,0.48,0.51,0.534,0.493,0.576,0.593,0.579
"2018-07-07 06:30:00",2774,0.484,0.46,0.491,0.503,0.478,0.566,0.589,0.576
"2018-07-07 07:00:00",2775,0.48,0.452,0.484,0.473,0.465,0.538,0.585,0.575
"2018-07-07 07:30:00",2776,0.479,0.45,0.483,0.468,0.463,0.53,0.578,0.57
"2018-07-07 08:00:00",2777,0.478,0.447,0.481,0.464,0.462,0.525,0.568,0.562
"2018-07-07 08:30:00",2778,0.475,0.443,0.476,0.459,0.458,0.517,0.557,0.554
"2018-07-07 09:00:00",2779,0.471,0.44,0.473,0.451,0.452,0.503,0.544,0.543
"2018-07-07 09:30:00",2780,0.466,0.435,0.468,0.443,0.445,0.491,0.531,0.533
"2018-07-07 10:00:00",2781,0.46,0.429,0.462,0.432,0.434,0.478,0.518,0.522
"2018-07-07 10:30:00",2782,0.453,0.424,0.455,0.419,0.422,0.465,0.506,0.511
"2018-07-07 11:00:00",2783,0.449,0.42,0.451,0.412,0.414,0.456,0.489,0.496
"2018-07-07 11:30:00",2784,0.447,0.419,0.447,0.409,0.409,0.452,0.471,0.483
"2018-07-07 12:00:00",2785,0.448,0.419,0.445,0.41,0.409,0.451,0.461,0.477
"2018-07-07 12:30:00",2786,0.449,0.42,0.448,0.411,0.409,0.451,0.459,0.475
"2018-07-07 13:00:00",2787,0.45,0.422,0.447,0.412,0.408,0.451,0.456,0.471
"2018-07-07 13:30:00",2788,0.451,0.424,0.45,0.414,0.41,0.453,0.46,0.474
"2018-07-07 14:00:00",2789,0.452,0.427,0.452,0.416,0.41,0.453,0.468,0.476
"2018-07-07 14:30:00",2790,0.449,0.424,0.448,0.412,0.405,0.448,0.467,0.474
"2018-07-07 15:00:00",2791,0.451,0.427,0.451,0.416,0.409,0.451,0.472,0.481
"2018-07-07 15:30:00",2792,0.45,0.425,0.447,0.414,0.406,0.447,0.467,0.48
"2018-07-07 16:00:00",2793,0.451,0.426,0.447,0.417,0.407,0.448,0.468,0.482
"2018-07-07 16:30:00",2794,0.451,0.426,0.446,0.42,0.407,0.449,0.475,0.486
"2018-07-07 17:00:00",2795,0.452,0.427,0.448,0.423,0.407,0.451,0.483,0.49
"2018-07-07 17:30:00",2796,0.452,0.429,0.45,0.425,0.407,0.453,0.491,0.499
"2018-07-07 18:00:00",2797,0.453,0.431,0.455,0.426,0.408,0.455,0.498,0.512
"2018-07-07 18:30:00",2798,0.454,0.433,0.459,0.427,0.41,0.459,0.504,0.523
"2018-07-07 19:00:00",2799,0.457,0.437,0.466,0.431,0.413,0.465,0.526,0.539
"2018-07-07 19:30:00",2800,0.46,0.442,0.472,0.439,0.42,0.476,0.553,0.557
"2018-07-07 20:00:00",2801,0.471,0.456,0.486,0.46,0.438,0.496,0.571,0.569
"2018-07-07 20:30:00",2802,0.485,0.479,0.507,0.492,0.467,0.528,0.587,0.579
"2018-07-07 21:00:00",2803,0.497,0.492,0.52,0.512,0.489,0.555,0.6,0.586
"2018-07-07 21:30:00",2804,0.506,0.502,0.531,0.525,0.507,0.573,0.608,0.591
"2018-07-07 22:00:00",2805,0.513,0.507,0.538,0.533,0.521,0.58,0.611,0.593
"2018-07-07 22:30:00",2806,0.517,0.51,0.543,0.537,0.53,0.583,0.615,0.595
"2018-07-07 23:00:00",2807,0.52,0.513,0.547,0.539,0.537,0.584,0.62,0.597
"2018-07-07 23:30:00",2808,0.521,0.515,0.549,0.54,0.542,0.585,0.623,0.599
"2018-07-08 00:00:00",2809,0.524,0.517,0.551,0.541,0.547,0.584,0.626,0.601
"2018-07-08 00:30:00",2810,0.525,0.519,0.554,0.541,0.55,0.584,0.628,0.601
"2018-07-08 01:00:00",2811,0.524,0.52,0.556,0.54,0.552,0.583,0.629,0.601
"2018-07-08 01:30:00",2812,0.526,0.521,0.554,0.542,0.555,0.582,0.629,0.603
"2018-07-08 02:00:00",2813,0.534,0.525,0.553,0.543,0.559,0.582,0.629,0.604
"2018-07-08 02:30:00",2814,0.541,0.53,0.554,0.545,0.564,0.582,0.629,0.606
"2018-07-08 03:00:00",2815,0.548,0.536,0.559,0.546,0.568,0.582,0.631,0.607
"2018-07-08 03:30:00",2816,0.553,0.539,0.563,0.546,0.572,0.582,0.633,0.607
"2018-07-08 04:00:00",2817,0.553,0.543,0.564,0.547,0.576,0.582,0.634,0.608
"2018-07-08 04:30:00",2818,0.538,0.546,0.569,0.546,0.578,0.581,0.636,0.608
"2018-07-08 05:00:00",2819,0.527,0.546,0.571,0.546,0.58,0.58,0.637,0.608
"2018-07-08 05:30:00",2820,0.522,0.548,0.574,0.545,0.582,0.58,0.638,0.609
"2018-07-08 06:00:00",2821,0.52,0.547,0.574,0.544,0.583,0.58,0.638,0.609
"2018-07-08 06:30:00",2822,0.516,0.546,0.575,0.543,0.583,0.579,0.64,0.609
"2018-07-08 07:00:00",2823,0.504,0.539,0.575,0.542,0.583,0.58,0.64,0.609
"2018-07-08 07:30:00",2824,0.464,0.511,0.564,0.54,0.574,0.583,0.639,0.607
"2018-07-08 08:00:00",2825,0.406,0.466,0.528,0.518,0.537,0.573,0.638,0.604
"2018-07-08 08:30:00",2826,0.376,0.44,0.496,0.47,0.487,0.533,0.634,0.599
"2018-07-08 09:00:00",2827,0.357,0.428,0.475,0.433,0.449,0.493,0.613,0.58
"2018-07-08 09:30:00",2828,0.351,0.422,0.466,0.419,0.431,0.476,0.586,0.557
"2018-07-08 10:00:00",2829,0.361,0.419,0.461,0.41,0.42,0.464,0.556,0.532
"2018-07-08 10:30:00",2830,0.365,0.417,0.453,0.403,0.412,0.456,0.519,0.504
"2018-07-08 11:00:00",2831,0.369,0.417,0.449,0.4,0.407,0.45,0.491,0.485
"2018-07-08 11:30:00",2832,0.373,0.42,0.447,0.399,0.404,0.448,0.47,0.476
"2018-07-08 12:00:00",2833,0.377,0.421,0.447,0.4,0.404,0.448,0.459,0.471
"2018-07-08 12:30:00",2834,0.379,0.422,0.447,0.4,0.403,0.445,0.453,0.468
"2018-07-08 13:00:00",2835,0.38,0.422,0.445,0.4,0.401,0.442,0.45,0.464
"2018-07-08 13:30:00",2836,0.38,0.422,0.445,0.401,0.399,0.441,0.451,0.464
"2018-07-08 14:00:00",2837,0.382,0.422,0.445,0.402,0.398,0.44,0.453,0.464
"2018-07-08 14:30:00",2838,0.383,0.422,0.445,0.404,0.399,0.441,0.456,0.465
"2018-07-08 15:00:00",2839,0.385,0.422,0.446,0.403,0.399,0.44,0.458,0.469
"2018-07-08 15:30:00",2840,0.388,0.422,0.446,0.405,0.401,0.441,0.459,0.473
"2018-07-08 16:00:00",2841,0.39,0.423,0.447,0.409,0.403,0.442,0.463,0.475
"2018-07-08 16:30:00",2842,0.391,0.424,0.448,0.412,0.404,0.442,0.474,0.48
"2018-07-08 17:00:00",2843,0.394,0.426,0.45,0.416,0.405,0.446,0.484,0.487
"2018-07-08 17:30:00",2844,0.395,0.428,0.453,0.421,0.407,0.45,0.494,0.499
"2018-07-08 18:00:00",2845,0.397,0.43,0.457,0.423,0.409,0.454,0.501,0.514
"2018-07-08 18:30:00",2846,0.402,0.436,0.466,0.43,0.413,0.461,0.514,0.529
"2018-07-08 19:00:00",2847,0.405,0.441,0.475,0.436,0.416,0.468,0.535,0.544
"2018-07-08 19:30:00",2848,0.411,0.45,0.485,0.449,0.424,0.482,0.559,0.558
"2018-07-08 20:00:00",2849,0.422,0.466,0.501,0.478,0.444,0.505,0.576,0.57
"2018-07-08 20:30:00",2850,0.438,0.485,0.516,0.505,0.474,0.534,0.59,0.58
"2018-07-08 21:00:00",2851,0.455,0.503,0.529,0.524,0.503,0.562,0.599,0.586
"2018-07-08 21:30:00",2852,0.464,0.512,0.541,0.534,0.522,0.577,0.609,0.59
"2018-07-08 22:00:00",2853,0.465,0.512,0.546,0.537,0.532,0.582,0.616,0.593
"2018-07-08 22:30:00",2854,0.467,0.512,0.55,0.538,0.538,0.583,0.62,0.595
"2018-07-08 23:00:00",2855,0.468,0.513,0.551,0.54,0.542,0.584,0.622,0.597
"2018-07-08 23:30:00",2856,0.471,0.514,0.552,0.542,0.546,0.585,0.624,0.597
"2018-07-09 00:00:00",2857,0.477,0.517,0.555,0.544,0.55,0.586,0.627,0.598
"2018-07-09 00:30:00",2858,0.478,0.517,0.556,0.544,0.553,0.586,0.629,0.601
"2018-07-09 01:00:00",2859,0.485,0.521,0.557,0.546,0.557,0.586,0.627,0.603
"2018-07-09 01:30:00",2860,0.493,0.525,0.56,0.546,0.561,0.586,0.626,0.604
"2018-07-09 02:00:00",2861,0.501,0.53,0.559,0.547,0.566,0.585,0.628,0.606
"2018-07-09 02:30:00",2862,0.505,0.532,0.561,0.548,0.57,0.584,0.63,0.607
"2018-07-09 03:00:00",2863,0.51,0.533,0.563,0.548,0.573,0.583,0.631,0.609
"2018-07-09 03:30:00",2864,0.513,0.536,0.566,0.548,0.576,0.582,0.633,0.608
"2018-07-09 04:00:00",2865,0.515,0.538,0.566,0.548,0.578,0.582,0.634,0.609
"2018-07-09 04:30:00",2866,0.52,0.541,0.57,0.548,0.58,0.581,0.634,0.609
"2018-07-09 05:00:00",2867,0.522,0.543,0.571,0.548,0.581,0.58,0.635,0.608
"2018-07-09 05:30:00",2868,0.522,0.543,0.57,0.547,0.582,0.579,0.635,0.609
"2018-07-09 06:00:00",2869,0.518,0.542,0.571,0.545,0.582,0.579,0.636,0.608
"2018-07-09 06:30:00",2870,0.515,0.54,0.57,0.544,0.582,0.579,0.637,0.609
"2018-07-09 07:00:00",2871,0.501,0.527,0.566,0.543,0.576,0.581,0.638,0.607
"2018-07-09 07:30:00",2872,0.463,0.491,0.546,0.537,0.551,0.582,0.639,0.605
"2018-07-09 08:00:00",2873,0.429,0.461,0.518,0.507,0.519,0.565,0.639,0.603
"2018-07-09 08:30:00",2874,0.406,0.441,0.497,0.461,0.483,0.529,0.636,0.6
"2018-07-09 09:00:00",2875,0.395,0.43,0.483,0.432,0.454,0.496,0.627,0.593
"2018-07-09 09:30:00",2876,0.389,0.423,0.472,0.417,0.435,0.476,0.605,0.577
"2018-07-09 10:00:00",2877,0.386,0.419,0.464,0.408,0.423,0.463,0.57,0.55
"2018-07-09 10:30:00",2878,0.388,0.418,0.46,0.402,0.416,0.458,0.535,0.523
