"TOA5","CR1000-CONTROL","CR1000","86633","CR1000.Std.31.03","CPU:Sapflow_SERC.CR1","8974","Table1"
"TIMESTAMP","RECORD","DiffVolt_Avg(1)","DiffVolt_Avg(2)","DiffVolt_Avg(3)","DiffVolt_Avg(4)","DiffVolt_Avg(5)","DiffVolt_Avg(6)","DiffVolt_Avg(7)","DiffVolt_Avg(8)"
"TS","RN","mV","mV","mV","mV","mV","mV","mV","mV"
"","","Avg","Avg","Avg","Avg","Avg","Avg","Avg","Avg"
"2018-07-16 17:30:00",3228,0.415,0.465,0.472,0.434,0.432,0.486,0.514,0.514
"2018-07-16 18:00:00",3229,0.423,0.476,0.481,0.447,0.444,0.505,0.536,0.53
"2018-07-16 18:30:00",3230,0.438,0.497,0.498,0.474,0.47,0.539,0.556,0.549
"2018-07-16 19:00:00",3231,0.444,0.508,0.51,0.499,0.488,0.565,0.576,0.564
"2018-07-16 19:30:00",3232,0.454,0.518,0.522,0.515,0.504,0.577,0.59,0.575
"2018-07-16 20:00:00",3233,0.463,0.526,0.535,0.527,0.521,0.581,0.602,0.583
"2018-07-16 20:30:00",3234,0.479,0.538,0.546,0.534,0.537,0.58,0.609,0.588
"2018-07-16 21:00:00",3235,0.491,0.551,0.558,0.539,0.554,0.575,0.616,0.592
"2018-07-16 21:30:00",3236,0.491,0.555,0.562,0.54,0.563,0.569,0.62,0.594
"2018-07-16 22:00:00",3237,0.494,0.56,0.567,0.54,0.568,0.565,0.623,0.595
"2018-07-16 22:30:00",3238,0.506,0.566,0.573,0.541,0.573,0.561,0.624,0.596
"2018-07-16 23:00:00",3239,0.513,0.57,0.578,0.541,0.576,0.561,0.626,0.597
"2018-07-16 23:30:00",3240,0.517,0.573,0.581,0.542,0.578,0.56,0.628,0.598
"2018-07-17 00:00:00",3241,0.52,0.574,0.582,0.542,0.58,0.561,0.628,0.598
"2018-07-17 00:30:00",3242,0.518,0.574,0.582,0.541,0.581,0.562,0.63,0.599
"2018-07-17 01:00:00",3243,0.513,0.573,0.583,0.54,0.581,0.562,0.631,0.599
"2018-07-17 01:30:00",3244,0.512,0.573,0.585,0.54,0.582,0.563,0.632,0.6
"2018-07-17 02:00:00",3245,0.51,0.573,0.584,0.54,0.582,0.563,0.632,0.6
"2018-07-17 02:30:00",3246,0.506,0.571,0.583,0.54,0.583,0.564,0.633,0.6
"2018-07-17 03:00:00",3247,0.502,0.57,0.582,0.54,0.583,0.563,0.633,0.601
"2018-07-17 03:30:00",3248,0.497,0.569,0.582,0.541,0.583,0.563,0.633,0.601
"2018-07-17 04:00:00",3249,0.495,0.569,0.582,0.541,0.583,0.563,0.634,0.601
"2018-07-17 04:30:00",3250,0.493,0.568,0.581,0.542,0.583,0.563,0.633,0.601
"2018-07-17 05:00:00",3251,0.487,0.566,0.58,0.54,0.583,0.563,0.634,0.601
"2018-07-17 05:30:00",3252,0.483,0.565,0.578,0.54,0.583,0.563,0.634,0.601
"2018-07-17 06:00:00",3253,0.486,0.566,0.579,0.54,0.583,0.563,0.634,0.602
"2018-07-17 06:30:00",3254,0.487,0.567,0.58,0.54,0.583,0.563,0.634,0.602
"2018-07-17 07:00:00",3255,0.475,0.557,0.575,0.541,0.578,0.568,0.634,0.602
"2018-07-17 07:30:00",3256,0.445,0.53,0.553,0.534,0.559,0.577,0.632,0.602
"2018-07-17 08:00:00",3257,0.43,0.513,0.537,0.518,0.537,0.58,0.629,0.602
"2018-07-17 08:30:00",3258,0.41,0.487,0.51,0.475,0.499,0.559,0.624,0.599
"2018-07-17 09:00:00",3259,0.399,0.468,0.488,0.439,0.462,0.517,0.608,0.591
"2018-07-17 09:30:00",3260,0.397,0.461,0.477,0.425,0.44,0.487,0.573,0.568
"2018-07-17 10:00:00",3261,0.404,0.466,0.48,0.431,0.445,0.491,0.548,0.552
"2018-07-17 10:30:00",3262,0.397,0.454,0.47,0.41,0.429,0.472,0.537,0.541
"2018-07-17 11:00:00",3263,0.396,0.447,0.461,0.402,0.417,0.459,0.508,0.517
"2018-07-17 11:30:00",3264,0.396,0.446,0.457,0.4,0.411,0.457,0.483,0.498
"2018-07-17 12:00:00",3265,0.396,0.446,0.456,0.402,0.41,0.457,0.472,0.491
"2018-07-17 12:30:00",3266,0.397,0.446,0.454,0.403,0.409,0.454,0.467,0.486
"2018-07-17 13:00:00",3267,0.399,0.446,0.457,0.406,0.41,0.455,0.47,0.487
"2018-07-17 13:30:00",3268,0.4,0.447,0.457,0.407,0.411,0.457,0.47,0.484
"2018-07-17 14:00:00",3269,0.403,0.451,0.457,0.411,0.414,0.462,0.473,0.484
"2018-07-17 14:30:00",3270,0.415,0.464,0.477,0.431,0.433,0.484,0.505,0.506
"2018-07-17 15:00:00",3271,0.41,0.457,0.469,0.423,0.426,0.47,0.507,0.506
"2018-07-17 15:30:00",3272,0.419,0.468,0.478,0.436,0.436,0.489,0.513,0.517
"2018-07-17 16:00:00",3273,0.447,0.497,0.497,0.471,0.469,0.533,0.53,0.532
"2018-07-17 16:30:00",3274,0.492,0.534,0.535,0.517,0.519,0.567,0.56,0.489
"2018-07-17 17:00:00",3275,0.517,0.55,0.557,0.537,0.545,0.577,0.585,0.483
"2018-07-17 17:30:00",3276,0.529,0.562,0.567,0.544,0.56,0.578,0.598,0.486
"2018-07-17 18:00:00",3277,0.533,0.568,0.574,0.545,0.57,0.578,0.607,0.491
"2018-07-17 18:30:00",3278,0.532,0.569,0.578,0.545,0.572,0.576,0.616,0.512
"2018-07-17 19:00:00",3279,0.526,0.567,0.577,0.544,0.572,0.575,0.621,0.528
"2018-07-17 19:30:00",3280,0.526,0.567,0.579,0.543,0.574,0.577,0.623,0.543
"2018-07-17 20:00:00",3281,0.527,0.568,0.58,0.544,0.577,0.578,0.626,0.552
"2018-07-17 20:30:00",3282,0.532,0.571,0.583,0.544,0.581,0.576,0.628,0.555
"2018-07-17 21:00:00",3283,0.534,0.573,0.58,0.544,0.583,0.575,0.628,0.554
"2018-07-17 21:30:00",3284,0.534,0.573,0.582,0.543,0.583,0.574,0.63,0.553
"2018-07-17 22:00:00",3285,0.535,0.572,0.584,0.541,0.583,0.574,0.631,0.555
"2018-07-17 22:30:00",3286,0.535,0.572,0.583,0.54,0.583,0.574,0.63,0.555
"2018-07-17 23:00:00",3287,0.536,0.572,0.583,0.539,0.583,0.573,0.63,0.552
"2018-07-17 23:30:00",3288,0.537,0.571,0.584,0.538,0.583,0.573,0.63,0.553
"2018-07-18 00:00:00",3289,0.536,0.571,0.584,0.537,0.582,0.572,0.63,0.553
"2018-07-18 00:30:00",3290,0.536,0.57,0.578,0.536,0.582,0.572,0.628,0.548
"2018-07-18 01:00:00",3291,0.536,0.57,0.579,0.534,0.583,0.573,0.629,0.548
"2018-07-18 01:30:00",3292,0.538,0.572,0.584,0.535,0.584,0.576,0.631,0.551
"2018-07-18 02:00:00",3293,0.539,0.573,0.585,0.537,0.585,0.577,0.634,0.553
"2018-07-18 02:30:00",3294,0.54,0.574,0.583,0.538,0.586,0.579,0.633,0.553
"2018-07-18 03:00:00",3295,0.541,0.574,0.584,0.538,0.586,0.58,0.634,0.553
"2018-07-18 03:30:00",3296,0.542,0.575,0.581,0.538,0.587,0.58,0.633,0.552
"2018-07-18 04:00:00",3297,0.541,0.574,0.583,0.538,0.588,0.582,0.634,0.552
"2018-07-18 04:30:00",3298,0.538,0.572,0.585,0.539,0.589,0.583,0.635,0.554
"2018-07-18 05:00:00",3299,0.53,0.569,0.581,0.541,0.589,0.586,0.635,0.555
"2018-07-18 05:30:00",3300,0.517,0.562,0.577,0.541,0.589,0.589,0.635,0.555
"2018-07-18 06:00:00",3301,0.509,0.557,0.569,0.541,0.588,0.59,0.633,0.554
"2018-07-18 06:30:00",3302,0.502,0.551,0.564,0.541,0.586,0.592,0.631,0.554
"2018-07-18 07:00:00",3303,0.485,0.53,0.552,0.54,0.575,0.591,0.63,0.554
"2018-07-18 07:30:00",3304,0.459,0.497,0.535,0.533,0.547,0.58,0.632,0.554
"2018-07-18 08:00:00",3305,0.439,0.475,0.514,0.512,0.517,0.558,0.629,0.553
"2018-07-18 08:30:00",3306,0.42,0.456,0.494,0.473,0.483,0.529,0.624,0.551
"2018-07-18 09:00:00",3307,0.406,0.445,0.48,0.443,0.456,0.503,0.616,0.546
"2018-07-18 09:30:00",3308,0.396,0.437,0.471,0.425,0.437,0.481,0.596,0.534
"2018-07-18 10:00:00",3309,0.393,0.432,0.465,0.414,0.424,0.468,0.564,0.516
"2018-07-18 10:30:00",3310,0.393,0.43,0.459,0.407,0.418,0.461,0.531,0.495
"2018-07-18 11:00:00",3311,0.393,0.428,0.454,0.404,0.409,0.456,0.498,0.474
"2018-07-18 11:30:00",3312,0.396,0.429,0.453,0.404,0.409,0.455,0.48,0.463
"2018-07-18 12:00:00",3313,0.397,0.428,0.452,0.404,0.408,0.453,0.469,0.457
"2018-07-18 12:30:00",3314,0.398,0.427,0.449,0.404,0.405,0.45,0.461,0.452
"2018-07-18 13:00:00",3315,0.399,0.427,0.448,0.405,0.403,0.45,0.456,0.448
"2018-07-18 13:30:00",3316,0.401,0.428,0.448,0.406,0.402,0.451,0.456,0.448
"2018-07-18 14:00:00",3317,0.403,0.428,0.45,0.407,0.404,0.45,0.461,0.449
"2018-07-18 14:30:00",3318,0.404,0.427,0.45,0.408,0.403,0.45,0.461,0.45
"2018-07-18 15:00:00",3319,0.409,0.43,0.456,0.413,0.41,0.454,0.466,0.456
"2018-07-18 15:30:00",3320,0.408,0.428,0.454,0.411,0.409,0.45,0.47,0.458
"2018-07-18 16:00:00",3321,0.409,0.428,0.453,0.412,0.408,0.448,0.467,0.459
"2018-07-18 16:30:00",3322,0.412,0.429,0.453,0.417,0.41,0.45,0.472,0.462
"2018-07-18 17:00:00",3323,0.414,0.431,0.456,0.421,0.412,0.453,0.485,0.471
"2018-07-18 17:30:00",3324,0.416,0.433,0.458,0.424,0.413,0.456,0.495,0.481
"2018-07-18 18:00:00",3325,0.418,0.436,0.463,0.428,0.415,0.459,0.505,0.493
"2018-07-18 18:30:00",3326,0.423,0.442,0.471,0.434,0.419,0.465,0.516,0.507
"2018-07-18 19:00:00",3327,0.426,0.446,0.478,0.44,0.421,0.473,0.532,0.521
"2018-07-18 19:30:00",3328,0.43,0.454,0.487,0.45,0.428,0.485,0.554,0.532
"2018-07-18 20:00:00",3329,0.445,0.471,0.506,0.478,0.452,0.515,0.571,0.544
"2018-07-18 20:30:00",3330,0.459,0.486,0.519,0.501,0.478,0.54,0.586,0.553
"2018-07-18 21:00:00",3331,0.475,0.501,0.534,0.52,0.509,0.563,0.595,0.56
"2018-07-18 21:30:00",3332,0.483,0.508,0.545,0.531,0.529,0.577,0.605,0.565
"2018-07-18 22:00:00",3333,0.492,0.505,0.55,0.537,0.542,0.583,0.611,0.569
"2018-07-18 22:30:00",3334,0.5,0.504,0.556,0.541,0.554,0.586,0.614,0.572
"2018-07-18 23:00:00",3335,0.497,0.503,0.559,0.543,0.559,0.588,0.618,0.575
"2018-07-18 23:30:00",3336,0.494,0.501,0.559,0.544,0.561,0.59,0.621,0.576
"2018-07-19 00:00:00",3337,0.498,0.503,0.562,0.545,0.565,0.591,0.623,0.579
"2018-07-19 00:30:00",3338,0.502,0.506,0.564,0.547,0.568,0.593,0.626,0.58
"2018-07-19 01:00:00",3339,0.505,0.509,0.565,0.548,0.571,0.594,0.627,0.582
"2018-07-19 01:30:00",3340,0.504,0.507,0.563,0.549,0.573,0.594,0.626,0.583
"2018-07-19 02:00:00",3341,0.507,0.509,0.565,0.549,0.575,0.595,0.626,0.584
"2018-07-19 02:30:00",3342,0.511,0.509,0.567,0.55,0.578,0.596,0.627,0.584
"2018-07-19 03:00:00",3343,0.513,0.513,0.572,0.551,0.582,0.596,0.629,0.585
"2018-07-19 03:30:00",3344,0.517,0.516,0.573,0.551,0.584,0.596,0.629,0.586
"2018-07-19 04:00:00",3345,0.521,0.519,0.577,0.551,0.585,0.596,0.63,0.586
"2018-07-19 04:30:00",3346,0.523,0.52,0.577,0.551,0.587,0.596,0.631,0.586
"2018-07-19 05:00:00",3347,0.471,0.521,0.579,0.551,0.588,0.596,0.631,0.586
"2018-07-19 05:30:00",3348,0.424,0.52,0.581,0.55,0.589,0.596,0.632,0.588
"2018-07-19 06:00:00",3349,0.424,0.52,0.58,0.551,0.59,0.595,0.632,0.588
"2018-07-19 06:30:00",3350,0.404,0.51,0.574,0.549,0.588,0.595,0.632,0.587
"2018-07-19 07:00:00",3351,0.359,0.466,0.543,0.53,0.561,0.592,0.631,0.585
"2018-07-19 07:30:00",3352,0.339,0.441,0.519,0.496,0.521,0.566,0.63,0.584
"2018-07-19 08:00:00",3353,0.338,0.441,0.517,0.483,0.506,0.552,0.627,0.582
"2018-07-19 08:30:00",3354,0.323,0.43,0.509,0.464,0.493,0.539,0.625,0.582
"2018-07-19 09:00:00",3355,0.306,0.408,0.474,0.429,0.441,0.486,0.606,0.571
"2018-07-19 09:30:00",3356,0.326,0.403,0.467,0.418,0.427,0.472,0.57,0.547
"2018-07-19 10:00:00",3357,0.34,0.401,0.462,0.411,0.418,0.464,0.532,0.519
"2018-07-19 10:30:00",3358,0.344,0.401,0.458,0.407,0.413,0.462,0.505,0.494
"2018-07-19 11:00:00",3359,0.348,0.401,0.456,0.404,0.41,0.459,0.49,0.48
"2018-07-19 11:30:00",3360,0.353,0.403,0.455,0.403,0.408,0.457,0.475,0.469
"2018-07-19 12:00:00",3361,0.357,0.406,0.453,0.403,0.409,0.455,0.465,0.463
"2018-07-19 12:30:00",3362,0.36,0.407,0.453,0.404,0.409,0.453,0.461,0.46
"2018-07-19 13:00:00",3363,0.362,0.409,0.454,0.405,0.409,0.451,0.46,0.461
"2018-07-19 13:30:00",3364,0.363,0.41,0.453,0.407,0.409,0.449,0.461,0.46
"2018-07-19 14:00:00",3365,0.365,0.411,0.455,0.409,0.408,0.448,0.465,0.463
"2018-07-19 14:30:00",3366,0.366,0.412,0.456,0.411,0.407,0.447,0.469,0.466
"2018-07-19 15:00:00",3367,0.368,0.414,0.455,0.413,0.409,0.449,0.469,0.469
"2018-07-19 15:30:00",3368,0.371,0.416,0.456,0.414,0.411,0.449,0.47,0.472
"2018-07-19 16:00:00",3369,0.374,0.418,0.457,0.418,0.413,0.451,0.475,0.476
"2018-07-19 16:30:00",3370,0.376,0.419,0.455,0.421,0.412,0.451,0.479,0.479
"2018-07-19 17:00:00",3371,0.38,0.42,0.458,0.425,0.413,0.453,0.487,0.484
"2018-07-19 17:30:00",3372,0.384,0.424,0.461,0.43,0.415,0.457,0.497,0.494
"2018-07-19 18:00:00",3373,0.388,0.428,0.466,0.435,0.418,0.461,0.507,0.51
"2018-07-19 18:30:00",3374,0.391,0.433,0.474,0.44,0.421,0.467,0.517,0.524
"2018-07-19 19:00:00",3375,0.395,0.439,0.483,0.446,0.426,0.478,0.535,0.538
"2018-07-19 19:30:00",3376,0.404,0.451,0.498,0.465,0.44,0.5,0.559,0.551
"2018-07-19 20:00:00",3377,0.415,0.465,0.513,0.489,0.464,0.526,0.578,0.563
"2018-07-19 20:30:00",3378,0.43,0.482,0.526,0.511,0.496,0.554,0.591,0.573
"2018-07-19 21:00:00",3379,0.441,0.495,0.536,0.526,0.522,0.572,0.6,0.58
"2018-07-19 21:30:00",3380,0.45,0.503,0.544,0.534,0.538,0.581,0.607,0.585
"2018-07-19 22:00:00",3381,0.456,0.509,0.55,0.539,0.549,0.585,0.612,0.589
"2018-07-19 22:30:00",3382,0.465,0.516,0.556,0.542,0.558,0.587,0.617,0.592
"2018-07-19 23:00:00",3383,0.468,0.52,0.561,0.544,0.565,0.588,0.62,0.594
"2018-07-19 23:30:00",3384,0.474,0.525,0.567,0.546,0.571,0.588,0.623,0.594
"2018-07-20 00:00:00",3385,0.473,0.526,0.571,0.546,0.576,0.588,0.626,0.595
"2018-07-20 00:30:00",3386,0.468,0.527,0.574,0.546,0.58,0.587,0.627,0.595
"2018-07-20 01:00:00",3387,0.467,0.528,0.575,0.545,0.582,0.586,0.628,0.594
"2018-07-20 01:30:00",3388,0.467,0.528,0.577,0.545,0.583,0.586,0.629,0.596
"2018-07-20 02:00:00",3389,0.465,0.527,0.576,0.545,0.584,0.585,0.629,0.596
"2018-07-20 02:30:00",3390,0.466,0.527,0.578,0.546,0.585,0.586,0.63,0.597
"2018-07-20 03:00:00",3391,0.468,0.529,0.578,0.547,0.586,0.586,0.63,0.597
"2018-07-20 03:30:00",3392,0.469,0.53,0.58,0.548,0.587,0.586,0.63,0.597
"2018-07-20 04:00:00",3393,0.469,0.53,0.583,0.548,0.588,0.586,0.631,0.597
"2018-07-20 04:30:00",3394,0.47,0.528,0.584,0.547,0.589,0.586,0.632,0.597
"2018-07-20 05:00:00",3395,0.477,0.532,0.586,0.548,0.591,0.585,0.632,0.599
"2018-07-20 05:30:00",3396,0.482,0.535,0.585,0.548,0.592,0.585,0.631,0.598
"2018-07-20 06:00:00",3397,0.484,0.536,0.586,0.547,0.592,0.593,0.631,0.598
"2018-07-20 06:30:00",3398,0.487,0.537,0.588,0.547,0.593,0.604,0.632,0.6
"2018-07-20 07:00:00",3399,0.484,0.534,0.59,0.546,0.592,0.607,0.632,0.599
"2018-07-20 07:30:00",3400,0.45,0.511,0.583,0.545,0.585,0.612,0.633,0.597
"2018-07-20 08:00:00",3401,0.411,0.479,0.564,0.529,0.566,0.609,0.633,0.596
"2018-07-20 08:30:00",3402,0.385,0.456,0.538,0.496,0.538,0.587,0.632,0.595
"2018-07-20 09:00:00",3403,0.358,0.433,0.509,0.452,0.492,0.544,0.627,0.592
"2018-07-20 09:30:00",3404,0.354,0.42,0.49,0.429,0.458,0.504,0.614,0.584
"2018-07-20 10:00:00",3405,0.357,0.416,0.483,0.419,0.445,0.489,0.59,0.567
"2018-07-20 10:30:00",3406,0.356,0.411,0.473,0.408,0.433,0.481,0.56,0.545
"2018-07-20 11:00:00",3407,0.359,0.411,0.47,0.408,0.427,0.474,0.529,0.521
"2018-07-20 11:30:00",3408,0.359,0.41,0.464,0.406,0.42,0.462,0.504,0.502
"2018-07-20 12:00:00",3409,0.358,0.408,0.458,0.404,0.413,0.453,0.481,0.484
"2018-07-20 12:30:00",3410,0.36,0.409,0.455,0.404,0.41,0.449,0.471,0.474
"2018-07-20 13:00:00",3411,0.363,0.41,0.452,0.405,0.407,0.448,0.465,0.467
"2018-07-20 13:30:00",3412,0.365,0.412,0.451,0.406,0.405,0.448,0.462,0.463
"2018-07-20 14:00:00",3413,0.368,0.413,0.451,0.407,0.404,0.446,0.463,0.462
"2018-07-20 14:30:00",3414,0.372,0.415,0.454,0.41,0.407,0.45,0.469,0.467
"2018-07-20 15:00:00",3415,0.375,0.416,0.454,0.411,0.408,0.451,0.471,0.469
"2018-07-20 15:30:00",3416,0.379,0.42,0.459,0.415,0.413,0.456,0.477,0.476
"2018-07-20 16:00:00",3417,0.378,0.418,0.455,0.415,0.411,0.452,0.474,0.476
"2018-07-20 16:30:00",3418,0.382,0.42,0.457,0.421,0.414,0.456,0.48,0.482
"2018-07-20 17:00:00",3419,0.384,0.424,0.462,0.425,0.418,0.463,0.493,0.489
"2018-07-20 17:30:00",3420,0.385,0.425,0.462,0.428,0.417,0.463,0.503,0.499
"2018-07-20 18:00:00",3421,0.388,0.43,0.469,0.434,0.422,0.468,0.514,0.516
"2018-07-20 18:30:00",3422,0.394,0.437,0.478,0.441,0.43,0.481,0.525,0.527
"2018-07-20 19:00:00",3423,0.405,0.453,0.492,0.458,0.447,0.51,0.544,0.541
"2018-07-20 19:30:00",3424,0.415,0.467,0.508,0.482,0.467,0.54,0.567,0.555
"2018-07-20 20:00:00",3425,0.421,0.473,0.518,0.499,0.481,0.556,0.583,0.566
"2018-07-20 20:30:00",3426,0.433,0.489,0.531,0.518,0.507,0.577,0.594,0.574
"2018-07-20 21:00:00",3427,0.442,0.499,0.543,0.53,0.532,0.587,0.603,0.579
"2018-07-20 21:30:00",3428,0.446,0.503,0.548,0.534,0.545,0.587,0.604,0.58
"2018-07-20 22:00:00",3429,0.448,0.505,0.551,0.537,0.553,0.585,0.606,0.58
"2018-07-20 22:30:00",3430,0.452,0.508,0.554,0.538,0.558,0.582,0.607,0.58
"2018-07-20 23:00:00",3431,0.455,0.51,0.556,0.539,0.563,0.58,0.608,0.582
"2018-07-20 23:30:00",3432,0.457,0.511,0.559,0.54,0.566,0.579,0.611,0.584
"2018-07-21 00:00:00",3433,0.459,0.513,0.561,0.541,0.569,0.578,0.613,0.585
"2018-07-21 00:30:00",3434,0.462,0.514,0.564,0.542,0.572,0.578,0.615,0.587
"2018-07-21 01:00:00",3435,0.465,0.516,0.568,0.543,0.574,0.577,0.617,0.589
"2018-07-21 01:30:00",3436,0.47,0.519,0.573,0.543,0.577,0.576,0.619,0.59
"2018-07-21 02:00:00",3437,0.474,0.52,0.575,0.543,0.579,0.575,0.621,0.592
"2018-07-21 02:30:00",3438,0.475,0.521,0.577,0.544,0.58,0.574,0.622,0.592
"2018-07-21 03:00:00",3439,0.475,0.521,0.579,0.543,0.581,0.574,0.623,0.593
"2018-07-21 03:30:00",3440,0.476,0.523,0.58,0.544,0.582,0.573,0.623,0.594
"2018-07-21 04:00:00",3441,0.479,0.524,0.582,0.544,0.583,0.573,0.624,0.594
"2018-07-21 04:30:00",3442,0.478,0.525,0.582,0.544,0.584,0.573,0.624,0.594
"2018-07-21 05:00:00",3443,0.477,0.525,0.582,0.543,0.585,0.572,0.624,0.593
"2018-07-21 05:30:00",3444,0.483,0.527,0.585,0.543,0.586,0.571,0.625,0.594
"2018-07-21 06:00:00",3445,0.484,0.528,0.587,0.543,0.586,0.571,0.625,0.594
"2018-07-21 06:30:00",3446,0.486,0.532,0.589,0.543,0.587,0.57,0.626,0.594
"2018-07-21 07:00:00",3447,0.487,0.533,0.59,0.543,0.587,0.57,0.626,0.593
"2018-07-21 07:30:00",3448,0.48,0.53,0.589,0.542,0.587,0.571,0.626,0.593
"2018-07-21 08:00:00",3449,0.463,0.519,0.583,0.542,0.584,0.574,0.625,0.592
"2018-07-21 08:30:00",3450,0.445,0.508,0.574,0.541,0.578,0.577,0.625,0.592
"2018-07-21 09:00:00",3451,0.457,0.514,0.574,0.544,0.578,0.579,0.621,0.591
"2018-07-21 09:30:00",3452,0.476,0.524,0.584,0.549,0.583,0.579,0.622,0.593
"2018-07-21 10:00:00",3453,0.483,0.528,0.586,0.549,0.585,0.579,0.621,0.593
"2018-07-21 10:30:00",3454,0.491,0.532,0.59,0.549,0.587,0.576,0.622,0.591
"2018-07-21 11:00:00",3455,0.494,0.531,0.585,0.547,0.585,0.574,0.614,0.584
"2018-07-21 11:30:00",3456,0.497,0.53,0.581,0.545,0.582,0.573,0.605,0.576
"2018-07-21 12:00:00",3457,0.499,0.528,0.582,0.542,0.58,0.569,0.604,0.536
"2018-07-21 12:30:00",3458,0.502,0.525,0.582,0.541,0.58,0.568,0.604,0.479
"2018-07-21 13:00:00",3459,0.49,0.524,0.58,0.542,0.579,0.571,0.603,0.471
"2018-07-21 13:30:00",3460,0.48,0.519,0.571,0.54,0.573,0.569,0.596,0.465
"2018-07-21 14:00:00",3461,0.476,0.514,0.569,0.537,0.57,0.565,0.595,0.465
"2018-07-21 14:30:00",3462,0.471,0.509,0.563,0.53,0.566,0.563,0.589,0.463
"2018-07-21 15:00:00",3463,0.468,0.505,0.556,0.527,0.564,0.562,0.583,0.461
"2018-07-21 15:30:00",3464,0.466,0.502,0.556,0.522,0.564,0.56,0.583,0.46
"2018-07-21 16:00:00",3465,0.462,0.498,0.555,0.519,0.564,0.555,0.581,0.459
"2018-07-21 16:30:00",3466,0.458,0.493,0.553,0.518,0.562,0.554,0.58,0.457
"2018-07-21 17:00:00",3467,0.439,0.49,0.549,0.517,0.561,0.552,0.578,0.456
"2018-07-21 17:30:00",3468,0.41,0.49,0.551,0.517,0.562,0.55,0.58,0.456
"2018-07-21 18:00:00",3469,0.408,0.489,0.552,0.517,0.563,0.549,0.581,0.456
"2018-07-21 18:30:00",3470,0.407,0.489,0.553,0.517,0.564,0.545,0.583,0.462
"2018-07-21 19:00:00",3471,0.406,0.487,0.551,0.516,0.562,0.542,0.58,0.475
"2018-07-21 19:30:00",3472,0.405,0.486,0.55,0.515,0.561,0.542,0.579,0.474
"2018-07-21 20:00:00",3473,0.403,0.484,0.548,0.514,0.559,0.542,0.579,0.453
"2018-07-21 20:30:00",3474,0.402,0.482,0.55,0.514,0.56,0.541,0.579,0.449
"2018-07-21 21:00:00",3475,0.401,0.482,0.551,0.513,0.56,0.54,0.58,0.447
"2018-07-21 21:30:00",3476,0.4,0.482,0.555,0.512,0.561,0.538,0.583,0.446
"2018-07-21 22:00:00",3477,0.399,0.441,0.56,0.512,0.568,0.538,0.597,0.443
"2018-07-21 22:30:00",3478,0.399,0.42,0.56,0.513,0.568,0.536,0.598,0.441
"2018-07-21 23:00:00",3479,0.398,0.423,0.562,0.512,0.568,0.535,0.599,0.44
"2018-07-21 23:30:00",3480,0.398,0.463,0.562,0.511,0.569,0.534,0.604,0.44
"2018-07-22 00:00:00",3481,0.397,0.441,0.562,0.512,0.57,0.529,0.604,0.437
"2018-07-22 00:30:00",3482,0.397,0.464,0.562,0.511,0.571,0.532,0.606,0.438
"2018-07-22 01:00:00",3483,0.399,0.466,0.562,0.511,0.571,0.532,0.608,0.454
"2018-07-22 01:30:00",3484,0.4,0.465,0.561,0.512,0.572,0.533,0.61,0.466
"2018-07-22 02:00:00",3485,0.402,0.465,0.563,0.513,0.574,0.534,0.613,0.475
"2018-07-22 02:30:00",3486,0.403,0.465,0.566,0.513,0.574,0.535,0.616,0.494
"2018-07-22 03:00:00",3487,0.406,0.465,0.569,0.515,0.575,0.535,0.617,0.506
"2018-07-22 03:30:00",3488,0.409,0.464,0.565,0.518,0.575,0.538,0.614,0.509
"2018-07-22 04:00:00",3489,0.414,0.464,0.569,0.523,0.577,0.543,0.615,0.515
"2018-07-22 04:30:00",3490,0.419,0.463,0.571,0.525,0.577,0.547,0.617,0.521
"2018-07-22 05:00:00",3491,0.423,0.464,0.573,0.526,0.579,0.55,0.62,0.525
"2018-07-22 05:30:00",3492,0.426,0.463,0.573,0.527,0.579,0.552,0.623,0.527
"2018-07-22 06:00:00",3493,0.428,0.462,0.573,0.528,0.579,0.553,0.624,0.528
"2018-07-22 06:30:00",3494,0.429,0.46,0.572,0.529,0.581,0.553,0.625,0.529
"2018-07-22 07:00:00",3495,0.43,0.459,0.572,0.53,0.581,0.554,0.622,0.53
"2018-07-22 07:30:00",3496,0.431,0.458,0.573,0.53,0.581,0.553,0.624,0.53
"2018-07-22 08:00:00",3497,0.423,0.452,0.574,0.53,0.582,0.551,0.624,0.53
"2018-07-22 08:30:00",3498,0.392,0.432,0.567,0.527,0.576,0.538,0.623,0.53
"2018-07-22 09:00:00",3499,0.352,0.395,0.542,0.497,0.548,0.514,0.62,0.529
"2018-07-22 09:30:00",3500,0.338,0.377,0.529,0.474,0.527,0.503,0.617,0.528
"2018-07-22 10:00:00",3501,0.331,0.373,0.516,0.456,0.501,0.485,0.614,0.527
"2018-07-22 10:30:00",3502,0.318,0.364,0.503,0.438,0.481,0.468,0.612,0.525
"2018-07-22 11:00:00",3503,0.316,0.362,0.499,0.434,0.474,0.462,0.606,0.522
"2018-07-22 11:30:00",3504,0.299,0.349,0.481,0.411,0.452,0.443,0.596,0.515
"2018-07-22 12:00:00",3505,0.324,0.366,0.498,0.436,0.473,0.465,0.588,0.509
"2018-07-22 12:30:00",3506,0.345,0.383,0.518,0.457,0.499,0.488,0.592,0.511
"2018-07-22 13:00:00",3507,0.341,0.383,0.518,0.459,0.501,0.489,0.597,0.513
"2018-07-22 13:30:00",3508,0.321,0.37,0.503,0.438,0.479,0.467,0.594,0.509
"2018-07-22 14:00:00",3509,0.304,0.357,0.485,0.42,0.456,0.446,0.586,0.502
"2018-07-22 14:30:00",3510,0.323,0.374,0.498,0.439,0.477,0.468,0.582,0.499
"2018-07-22 15:00:00",3511,0.377,0.415,0.532,0.484,0.528,0.512,0.589,0.463
"2018-07-22 15:30:00",3512,0.393,0.4,0.554,0.503,0.56,0.519,0.594,0.426
"2018-07-22 16:00:00",3513,0.395,0.396,0.564,0.505,0.57,0.52,0.598,0.425
"2018-07-22 16:30:00",3514,0.394,0.395,0.569,0.504,0.57,0.519,0.6,0.435
"2018-07-22 17:00:00",3515,0.394,0.393,0.571,0.503,0.573,0.52,0.597,0.428
"2018-07-22 17:30:00",3516,0.393,0.396,0.57,0.503,0.576,0.521,0.597,0.447
"2018-07-22 18:00:00",3517,0.394,0.408,0.568,0.503,0.575,0.522,0.593,0.457
"2018-07-22 18:30:00",3518,0.395,0.423,0.568,0.503,0.575,0.523,0.597,0.477
"2018-07-22 19:00:00",3519,0.396,0.429,0.565,0.505,0.575,0.525,0.597,0.469
"2018-07-22 19:30:00",3520,0.395,0.398,0.567,0.505,0.575,0.524,0.597,0.434
"2018-07-22 20:00:00",3521,0.395,0.41,0.57,0.504,0.576,0.524,0.603,0.465
"2018-07-22 20:30:00",3522,0.395,0.426,0.572,0.502,0.576,0.523,0.605,0.487
"2018-07-22 21:00:00",3523,0.396,0.43,0.572,0.501,0.575,0.522,0.606,0.495
"2018-07-22 21:30:00",3524,0.399,0.432,0.573,0.503,0.574,0.522,0.605,0.5
"2018-07-22 22:00:00",3525,0.402,0.433,0.574,0.505,0.574,0.522,0.604,0.503
"2018-07-22 22:30:00",3526,0.405,0.435,0.574,0.507,0.575,0.522,0.603,0.503
"2018-07-22 23:00:00",3527,0.408,0.436,0.575,0.509,0.574,0.522,0.603,0.504
"2018-07-22 23:30:00",3528,0.409,0.437,0.574,0.508,0.573,0.521,0.6,0.501
"2018-07-23 00:00:00",3529,0.407,0.436,0.571,0.506,0.569,0.517,0.596,0.456
"2018-07-23 00:30:00",3530,0.395,0.421,0.565,0.493,0.566,0.51,0.591,0.424
"2018-07-23 01:00:00",3531,0.384,0.399,0.561,0.489,0.564,0.502,0.588,0.423
"2018-07-23 01:30:00",3532,0.382,0.394,0.558,0.489,0.562,0.499,0.586,0.428
"2018-07-23 02:00:00",3533,0.382,0.41,0.557,0.49,0.562,0.501,0.587,0.451
"2018-07-23 02:30:00",3534,0.385,0.417,0.557,0.49,0.563,0.503,0.588,0.468
"2018-07-23 03:00:00",3535,0.388,0.42,0.558,0.49,0.563,0.504,0.587,0.475
"2018-07-23 03:30:00",3536,0.392,0.424,0.559,0.49,0.564,0.505,0.588,0.48
"2018-07-23 04:00:00",3537,0.394,0.427,0.56,0.492,0.564,0.506,0.588,0.483
"2018-07-23 04:30:00",3538,0.397,0.43,0.563,0.495,0.565,0.507,0.588,0.484
"2018-07-23 05:00:00",3539,0.398,0.43,0.561,0.499,0.565,0.508,0.587,0.485
"2018-07-23 05:30:00",3540,0.395,0.43,0.566,0.507,0.568,0.514,0.596,0.497
"2018-07-23 06:00:00",3541,0.403,0.434,0.571,0.509,0.571,0.519,0.599,0.5
"2018-07-23 06:30:00",3542,0.409,0.436,0.571,0.508,0.571,0.52,0.597,0.499
"2018-07-23 07:00:00",3543,0.395,0.429,0.566,0.508,0.57,0.518,0.597,0.499
"2018-07-23 07:30:00",3544,0.38,0.415,0.562,0.509,0.567,0.515,0.599,0.504
"2018-07-23 08:00:00",3545,0.353,0.386,0.546,0.499,0.554,0.503,0.601,0.508
"2018-07-23 08:30:00",3546,0.357,0.386,0.545,0.497,0.554,0.505,0.6,0.51
"2018-07-23 09:00:00",3547,0.351,0.385,0.537,0.489,0.544,0.502,0.602,0.51
"2018-07-23 09:30:00",3548,0.343,0.38,0.527,0.479,0.531,0.494,0.601,0.509
"2018-07-23 10:00:00",3549,0.311,0.356,0.5,0.439,0.493,0.46,0.597,0.503
"2018-07-23 10:30:00",3550,0.3,0.344,0.486,0.416,0.465,0.44,0.592,0.498
"2018-07-23 11:00:00",3551,0.31,0.353,0.494,0.43,0.477,0.45,0.591,0.497
"2018-07-23 11:30:00",3552,0.302,0.348,0.487,0.42,0.466,0.439,0.589,0.494
"2018-07-23 12:00:00",3553,0.301,0.347,0.485,0.42,0.464,0.437,0.584,0.488
"2018-07-23 12:30:00",3554,0.309,0.353,0.489,0.426,0.471,0.444,0.585,0.487
"2018-07-23 13:00:00",3555,0.371,0.398,0.531,0.474,0.525,0.493,0.592,0.495
"2018-07-23 13:30:00",3556,0.383,0.407,0.541,0.475,0.532,0.499,0.593,0.496
"2018-07-23 14:00:00",3557,0.345,0.378,0.518,0.447,0.503,0.476,0.589,0.493
"2018-07-23 14:30:00",3558,0.309,0.35,0.488,0.422,0.465,0.442,0.583,0.478
"2018-07-23 15:00:00",3559,0.277,0.328,0.457,0.392,0.425,0.406,0.576,0.472
"2018-07-23 15:30:00",3560,0.303,0.348,0.477,0.421,0.451,0.435,0.572,0.472
"2018-07-23 16:00:00",3561,0.292,0.341,0.47,0.418,0.443,0.422,0.574,0.476
"2018-07-23 16:30:00",3562,0.289,0.344,0.468,0.413,0.441,0.424,0.57,0.472
"2018-07-23 17:00:00",3563,0.292,0.349,0.47,0.42,0.445,0.428,0.567,0.473
"2018-07-23 17:30:00",3564,0.295,0.353,0.472,0.426,0.45,0.435,0.562,0.472
"2018-07-23 18:00:00",3565,0.297,0.358,0.475,0.432,0.456,0.441,0.562,0.476
"2018-07-23 18:30:00",3566,0.305,0.366,0.483,0.443,0.468,0.453,0.566,0.484
"2018-07-23 19:00:00",3567,0.35,0.399,0.517,0.473,0.508,0.488,0.571,0.49
"2018-07-23 19:30:00",3568,0.397,0.436,0.553,0.506,0.55,0.515,0.581,0.499
"2018-07-23 20:00:00",3569,0.408,0.447,0.564,0.517,0.565,0.522,0.589,0.502
"2018-07-23 20:30:00",3570,0.413,0.452,0.566,0.519,0.57,0.523,0.592,0.502
"2018-07-23 21:00:00",3571,0.415,0.454,0.569,0.52,0.573,0.523,0.594,0.502
"2018-07-23 21:30:00",3572,0.414,0.455,0.569,0.52,0.575,0.523,0.596,0.503
"2018-07-23 22:00:00",3573,0.411,0.454,0.57,0.519,0.575,0.523,0.597,0.503
"2018-07-23 22:30:00",3574,0.409,0.455,0.57,0.518,0.577,0.524,0.597,0.503
"2018-07-23 23:00:00",3575,0.406,0.454,0.569,0.518,0.577,0.523,0.597,0.502
"2018-07-23 23:30:00",3576,0.407,0.456,0.57,0.519,0.577,0.524,0.598,0.502
"2018-07-24 00:00:00",3577,0.409,0.458,0.571,0.52,0.578,0.524,0.598,0.502
"2018-07-24 00:30:00",3578,0.427,0.457,0.571,0.52,0.578,0.525,0.598,0.501
"2018-07-24 01:00:00",3579,0.456,0.461,0.571,0.521,0.579,0.526,0.599,0.502
"2018-07-24 01:30:00",3580,0.464,0.464,0.574,0.521,0.578,0.523,0.597,0.477
"2018-07-24 02:00:00",3581,0.466,0.465,0.573,0.523,0.578,0.524,0.588,0.429
"2018-07-24 02:30:00",3582,0.468,0.465,0.573,0.524,0.58,0.525,0.587,0.44
"2018-07-24 03:00:00",3583,0.466,0.464,0.572,0.524,0.58,0.525,0.586,0.462
"2018-07-24 03:30:00",3584,0.425,0.464,0.57,0.523,0.579,0.525,0.58,0.482
"2018-07-24 04:00:00",3585,0.404,0.463,0.57,0.522,0.579,0.524,0.57,0.487
"2018-07-24 04:30:00",3586,0.404,0.463,0.569,0.52,0.577,0.523,0.567,0.489
"2018-07-24 05:00:00",3587,0.405,0.462,0.571,0.519,0.577,0.521,0.568,0.492
"2018-07-24 05:30:00",3588,0.406,0.461,0.57,0.518,0.577,0.521,0.568,0.494
"2018-07-24 06:00:00",3589,0.407,0.459,0.569,0.517,0.576,0.521,0.567,0.493
"2018-07-24 06:30:00",3590,0.407,0.459,0.569,0.516,0.575,0.519,0.565,0.488
"2018-07-24 07:00:00",3591,0.408,0.459,0.567,0.516,0.576,0.52,0.566,0.486
"2018-07-24 07:30:00",3592,0.409,0.458,0.57,0.516,0.577,0.521,0.57,0.474
"2018-07-24 08:00:00",3593,0.407,0.458,0.572,0.516,0.577,0.522,0.57,0.479
"2018-07-24 08:30:00",3594,0.402,0.458,0.568,0.515,0.576,0.522,0.567,0.484
"2018-07-24 09:00:00",3595,0.404,0.458,0.569,0.515,0.577,0.524,0.567,0.49
"2018-07-24 09:30:00",3596,0.406,0.457,0.572,0.513,0.577,0.524,0.567,0.492
"2018-07-24 10:00:00",3597,0.406,0.454,0.57,0.508,0.576,0.521,0.562,0.468
"2018-07-24 10:30:00",3598,0.394,0.446,0.567,0.502,0.575,0.516,0.556,0.417
"2018-07-24 11:00:00",3599,0.389,0.44,0.563,0.499,0.574,0.51,0.556,0.414
"2018-07-24 11:30:00",3600,0.386,0.434,0.558,0.494,0.573,0.503,0.556,0.416
"2018-07-24 12:00:00",3601,0.385,0.43,0.558,0.492,0.572,0.482,0.556,0.424
"2018-07-24 12:30:00",3602,0.384,0.427,0.561,0.49,0.571,0.468,0.557,0.449
"2018-07-24 13:00:00",3603,0.367,0.41,0.556,0.48,0.563,0.451,0.555,0.467
"2018-07-24 13:30:00",3604,0.334,0.379,0.533,0.455,0.537,0.426,0.556,0.477
"2018-07-24 14:00:00",3605,0.302,0.347,0.498,0.422,0.486,0.402,0.553,0.479
"2018-07-24 14:30:00",3606,0.29,0.337,0.475,0.406,0.45,0.4,0.548,0.477
"2018-07-24 15:00:00",3607,0.292,0.338,0.474,0.409,0.449,0.404,0.546,0.478
"2018-07-24 15:30:00",3608,0.34,0.373,0.508,0.45,0.498,0.45,0.551,0.483
"2018-07-24 16:00:00",3609,0.374,0.4,0.535,0.483,0.533,0.476,0.557,0.488
"2018-07-24 16:30:00",3610,0.395,0.418,0.552,0.499,0.554,0.491,0.562,0.492
"2018-07-24 17:00:00",3611,0.396,0.419,0.556,0.504,0.559,0.494,0.563,0.493
"2018-07-24 17:30:00",3612,0.39,0.414,0.553,0.504,0.558,0.494,0.563,0.493
"2018-07-24 18:00:00",3613,0.377,0.404,0.552,0.503,0.554,0.491,0.565,0.496
"2018-07-24 18:30:00",3614,0.36,0.391,0.541,0.498,0.544,0.487,0.566,0.497
"2018-07-24 19:00:00",3615,0.357,0.389,0.534,0.498,0.542,0.489,0.565,0.495
"2018-07-24 19:30:00",3616,0.369,0.398,0.541,0.504,0.551,0.497,0.569,0.498
"2018-07-24 20:00:00",3617,0.395,0.418,0.555,0.513,0.565,0.504,0.572,0.498
"2018-07-24 20:30:00",3618,0.409,0.43,0.563,0.517,0.573,0.505,0.574,0.495
"2018-07-24 21:00:00",3619,0.414,0.433,0.563,0.519,0.577,0.504,0.576,0.494
"2018-07-24 21:30:00",3620,0.415,0.434,0.567,0.519,0.578,0.504,0.58,0.498
"2018-07-24 22:00:00",3621,0.418,0.435,0.571,0.518,0.579,0.503,0.584,0.504
"2018-07-24 22:30:00",3622,0.418,0.436,0.57,0.517,0.579,0.502,0.582,0.47
"2018-07-24 23:00:00",3623,0.405,0.434,0.566,0.51,0.578,0.498,0.578,0.419
"2018-07-24 23:30:00",3624,0.392,0.422,0.567,0.499,0.578,0.494,0.578,0.442
"2018-07-25 00:00:00",3625,0.389,0.42,0.564,0.495,0.577,0.49,0.578,0.465
"2018-07-25 00:30:00",3626,0.392,0.421,0.564,0.494,0.576,0.485,0.58,0.474
"2018-07-25 01:00:00",3627,0.393,0.422,0.566,0.493,0.576,0.484,0.584,0.486
"2018-07-25 01:30:00",3628,0.395,0.423,0.564,0.494,0.575,0.483,0.585,0.489
"2018-07-25 02:00:00",3629,0.397,0.424,0.565,0.497,0.575,0.482,0.586,0.493
"2018-07-25 02:30:00",3630,0.401,0.425,0.565,0.5,0.575,0.482,0.587,0.496
"2018-07-25 03:00:00",3631,0.404,0.427,0.563,0.503,0.575,0.483,0.587,0.497
"2018-07-25 03:30:00",3632,0.406,0.428,0.565,0.504,0.576,0.483,0.588,0.499
"2018-07-25 04:00:00",3633,0.408,0.429,0.566,0.506,0.576,0.483,0.589,0.501
"2018-07-25 04:30:00",3634,0.411,0.429,0.565,0.507,0.576,0.484,0.59,0.503
"2018-07-25 05:00:00",3635,0.413,0.43,0.567,0.508,0.576,0.484,0.592,0.504
"2018-07-25 05:30:00",3636,0.414,0.43,0.566,0.508,0.576,0.486,0.594,0.505
"2018-07-25 06:00:00",3637,0.415,0.431,0.566,0.507,0.576,0.487,0.595,0.505
"2018-07-25 06:30:00",3638,0.415,0.431,0.566,0.506,0.576,0.488,0.597,0.506
"2018-07-25 07:00:00",3639,0.416,0.431,0.567,0.505,0.575,0.489,0.598,0.508
"2018-07-25 07:30:00",3640,0.417,0.432,0.568,0.503,0.575,0.49,0.598,0.508
"2018-07-25 08:00:00",3641,0.416,0.432,0.57,0.502,0.576,0.492,0.598,0.509
"2018-07-25 08:30:00",3642,0.406,0.428,0.571,0.502,0.576,0.501,0.597,0.509
"2018-07-25 09:00:00",3643,0.356,0.394,0.553,0.478,0.552,0.475,0.595,0.508
"2018-07-25 09:30:00",3644,0.308,0.351,0.516,0.429,0.503,0.434,0.592,0.506
"2018-07-25 10:00:00",3645,0.32,0.359,0.512,0.435,0.495,0.439,0.591,0.508
"2018-07-25 10:30:00",3646,0.339,0.372,0.525,0.45,0.512,0.455,0.592,0.509
"2018-07-25 11:00:00",3647,0.339,0.373,0.527,0.453,0.515,0.457,0.593,0.509
"2018-07-25 11:30:00",3648,0.335,0.369,0.52,0.446,0.506,0.451,0.591,0.507
"2018-07-25 12:00:00",3649,0.338,0.371,0.523,0.449,0.508,0.453,0.591,0.508
"2018-07-25 12:30:00",3650,0.339,0.371,0.524,0.447,0.508,0.452,0.592,0.509
"2018-07-25 13:00:00",3651,0.352,0.379,0.532,0.455,0.519,0.461,0.593,0.509
"2018-07-25 13:30:00",3652,0.344,0.374,0.529,0.45,0.514,0.456,0.593,0.509
"2018-07-25 14:00:00",3653,0.334,0.366,0.521,0.44,0.502,0.446,0.592,0.508
"2018-07-25 14:30:00",3654,0.307,0.348,0.496,0.416,0.471,0.423,0.589,0.504
"2018-07-25 15:00:00",3655,0.289,0.333,0.474,0.397,0.445,0.402,0.581,0.496
"2018-07-25 15:30:00",3656,0.279,0.325,0.461,0.385,0.429,0.39,0.573,0.487
"2018-07-25 16:00:00",3657,0.282,0.327,0.461,0.39,0.43,0.395,0.565,0.476
"2018-07-25 16:30:00",3658,0.295,0.338,0.477,0.405,0.449,0.413,0.566,0.475
"2018-07-25 17:00:00",3659,0.302,0.343,0.483,0.416,0.458,0.421,0.565,0.477
"2018-07-25 17:30:00",3660,0.3,0.342,0.482,0.416,0.455,0.418,0.563,0.48
"2018-07-25 18:00:00",3661,0.309,0.35,0.492,0.425,0.468,0.431,0.564,0.484
"2018-07-25 18:30:00",3662,0.326,0.363,0.507,0.443,0.492,0.453,0.568,0.49
"2018-07-25 19:00:00",3663,0.337,0.373,0.516,0.46,0.51,0.469,0.574,0.495
"2018-07-25 19:30:00",3664,0.357,0.388,0.532,0.477,0.53,0.487,0.582,0.501
"2018-07-25 20:00:00",3665,0.376,0.404,0.548,0.492,0.549,0.502,0.59,0.506
"2018-07-25 20:30:00",3666,0.387,0.414,0.559,0.501,0.561,0.509,0.596,0.508
"2018-07-25 21:00:00",3667,0.394,0.421,0.563,0.505,0.568,0.513,0.6,0.509
"2018-07-25 21:30:00",3668,0.402,0.428,0.567,0.508,0.573,0.516,0.603,0.512
"2018-07-25 22:00:00",3669,0.407,0.433,0.566,0.51,0.576,0.517,0.603,0.511
"2018-07-25 22:30:00",3670,0.415,0.439,0.572,0.513,0.58,0.518,0.607,0.514
"2018-07-25 23:00:00",3671,0.42,0.446,0.573,0.515,0.582,0.519,0.609,0.518
"2018-07-25 23:30:00",3672,0.423,0.449,0.576,0.516,0.584,0.52,0.612,0.516
"2018-07-26 00:00:00",3673,0.424,0.452,0.576,0.517,0.585,0.52,0.613,0.518
"2018-07-26 00:30:00",3674,0.425,0.455,0.574,0.517,0.585,0.519,0.613,0.518
"2018-07-26 01:00:00",3675,0.425,0.457,0.576,0.517,0.585,0.519,0.614,0.519
"2018-07-26 01:30:00",3676,0.425,0.458,0.576,0.517,0.586,0.519,0.614,0.517
"2018-07-26 02:00:00",3677,0.425,0.459,0.577,0.516,0.585,0.515,0.615,0.519
"2018-07-26 02:30:00",3678,0.425,0.459,0.573,0.517,0.585,0.501,0.614,0.518
"2018-07-26 03:00:00",3679,0.425,0.459,0.576,0.517,0.584,0.495,0.613,0.518
"2018-07-26 03:30:00",3680,0.425,0.46,0.574,0.517,0.584,0.494,0.614,0.517
"2018-07-26 04:00:00",3681,0.425,0.46,0.576,0.516,0.584,0.493,0.614,0.518
"2018-07-26 04:30:00",3682,0.425,0.461,0.577,0.516,0.584,0.493,0.615,0.52
"2018-07-26 05:00:00",3683,0.425,0.462,0.578,0.516,0.584,0.492,0.615,0.52
"2018-07-26 05:30:00",3684,0.425,0.462,0.579,0.516,0.584,0.492,0.614,0.52
"2018-07-26 06:00:00",3685,0.425,0.463,0.58,0.516,0.583,0.491,0.615,0.52
"2018-07-26 06:30:00",3686,0.425,0.463,0.577,0.516,0.583,0.49,0.615,0.518
"2018-07-26 07:00:00",3687,0.425,0.463,0.578,0.516,0.583,0.489,0.616,0.518
"2018-07-26 07:30:00",3688,0.425,0.463,0.578,0.515,0.583,0.489,0.615,0.518
"2018-07-26 08:00:00",3689,0.419,0.46,0.577,0.514,0.582,0.489,0.614,0.518
"2018-07-26 08:30:00",3690,0.383,0.436,0.567,0.505,0.571,0.484,0.611,0.518
"2018-07-26 09:00:00",3691,0.334,0.396,0.535,0.462,0.532,0.469,0.609,0.517
"2018-07-26 09:30:00",3692,0.3,0.369,0.495,0.414,0.473,0.427,0.605,0.511
"2018-07-26 10:00:00",3693,0.312,0.365,0.486,0.406,0.456,0.414,0.598,0.508
"2018-07-26 10:30:00",3694,0.323,0.359,0.477,0.394,0.442,0.401,0.59,0.505
"2018-07-26 11:00:00",3695,0.329,0.356,0.468,0.386,0.432,0.392,0.571,0.494
"2018-07-26 11:30:00",3696,0.328,0.351,0.459,0.38,0.42,0.382,0.541,0.476
"2018-07-26 12:00:00",3697,0.329,0.352,0.452,0.378,0.414,0.378,0.507,0.453
"2018-07-26 12:30:00",3698,0.334,0.354,0.45,0.377,0.41,0.375,0.486,0.439
"2018-07-26 13:00:00",3699,0.336,0.354,0.448,0.378,0.407,0.373,0.477,0.43
"2018-07-26 13:30:00",3700,0.34,0.355,0.447,0.378,0.407,0.372,0.472,0.425
"2018-07-26 14:00:00",3701,0.341,0.361,0.454,0.385,0.413,0.379,0.48,0.429
"2018-07-26 14:30:00",3702,0.339,0.366,0.461,0.392,0.421,0.386,0.495,0.439
"2018-07-26 15:00:00",3703,0.333,0.361,0.453,0.386,0.413,0.377,0.496,0.441
"2018-07-26 15:30:00",3704,0.334,0.36,0.449,0.383,0.409,0.373,0.491,0.44
"2018-07-26 16:00:00",3705,0.339,0.366,0.452,0.391,0.416,0.38,0.497,0.447
"2018-07-26 16:30:00",3706,0.342,0.37,0.456,0.397,0.419,0.386,0.505,0.453
"2018-07-26 17:00:00",3707,0.347,0.376,0.462,0.408,0.427,0.393,0.52,0.467
"2018-07-26 17:30:00",3708,0.346,0.375,0.459,0.407,0.421,0.39,0.526,0.475
"2018-07-26 18:00:00",3709,0.347,0.378,0.462,0.409,0.421,0.392,0.531,0.484
"2018-07-26 18:30:00",3710,0.354,0.385,0.473,0.418,0.429,0.402,0.539,0.494
"2018-07-26 19:00:00",3711,0.359,0.393,0.485,0.426,0.438,0.411,0.548,0.503
"2018-07-26 19:30:00",3712,0.382,0.415,0.507,0.456,0.473,0.443,0.565,0.511
"2018-07-26 20:00:00",3713,0.409,0.443,0.532,0.49,0.515,0.478,0.581,0.517
"2018-07-26 20:30:00",3714,0.426,0.459,0.545,0.505,0.539,0.499,0.591,0.521
"2018-07-26 21:00:00",3715,0.445,0.474,0.558,0.513,0.555,0.511,0.598,0.523
"2018-07-26 21:30:00",3716,0.447,0.487,0.567,0.517,0.567,0.518,0.603,0.525
"2018-07-26 22:00:00",3717,0.44,0.494,0.574,0.519,0.573,0.52,0.607,0.526
"2018-07-26 22:30:00",3718,0.444,0.497,0.577,0.519,0.577,0.52,0.609,0.527
"2018-07-26 23:00:00",3719,0.445,0.498,0.574,0.519,0.579,0.52,0.611,0.527
"2018-07-26 23:30:00",3720,0.446,0.498,0.576,0.518,0.581,0.521,0.612,0.528
"2018-07-27 00:00:00",3721,0.446,0.499,0.581,0.518,0.582,0.522,0.614,0.531
"2018-07-27 00:30:00",3722,0.448,0.499,0.579,0.519,0.582,0.523,0.615,0.533
"2018-07-27 01:00:00",3723,0.45,0.5,0.579,0.52,0.583,0.522,0.616,0.535
"2018-07-27 01:30:00",3724,0.45,0.5,0.58,0.52,0.583,0.522,0.617,0.536
"2018-07-27 02:00:00",3725,0.451,0.5,0.581,0.519,0.583,0.522,0.619,0.537
"2018-07-27 02:30:00",3726,0.451,0.5,0.581,0.519,0.584,0.522,0.62,0.537
"2018-07-27 03:00:00",3727,0.451,0.5,0.578,0.519,0.584,0.522,0.62,0.538
"2018-07-27 03:30:00",3728,0.451,0.499,0.579,0.519,0.583,0.522,0.62,0.539
"2018-07-27 04:00:00",3729,0.451,0.5,0.578,0.519,0.583,0.522,0.619,0.54
"2018-07-27 04:30:00",3730,0.45,0.5,0.579,0.519,0.583,0.522,0.619,0.541
"2018-07-27 05:00:00",3731,0.45,0.5,0.577,0.518,0.583,0.521,0.619,0.541
"2018-07-27 05:30:00",3732,0.45,0.5,0.576,0.517,0.583,0.521,0.619,0.541
"2018-07-27 06:00:00",3733,0.449,0.499,0.576,0.517,0.582,0.52,0.618,0.542
"2018-07-27 06:30:00",3734,0.448,0.497,0.577,0.517,0.579,0.519,0.618,0.544
"2018-07-27 07:00:00",3735,0.447,0.496,0.576,0.516,0.577,0.518,0.618,0.545
"2018-07-27 07:30:00",3736,0.446,0.496,0.578,0.514,0.577,0.519,0.616,0.545
"2018-07-27 08:00:00",3737,0.438,0.492,0.579,0.513,0.574,0.519,0.615,0.547
"2018-07-27 08:30:00",3738,0.395,0.462,0.572,0.51,0.573,0.506,0.613,0.547
"2018-07-27 09:00:00",3739,0.339,0.415,0.536,0.461,0.532,0.462,0.609,0.546
"2018-07-27 09:30:00",3740,0.321,0.398,0.502,0.416,0.477,0.43,0.602,0.544
"2018-07-27 10:00:00",3741,0.307,0.387,0.483,0.392,0.451,0.41,0.591,0.537
"2018-07-27 10:30:00",3742,0.307,0.387,0.477,0.388,0.441,0.405,0.577,0.531
"2018-07-27 11:00:00",3743,0.315,0.378,0.464,0.376,0.423,0.391,0.544,0.512
"2018-07-27 11:30:00",3744,0.325,0.379,0.459,0.375,0.418,0.387,0.512,0.491
"2018-07-27 12:00:00",3745,0.329,0.381,0.456,0.378,0.416,0.387,0.492,0.472
"2018-07-27 12:30:00",3746,0.329,0.381,0.452,0.377,0.413,0.381,0.481,0.463
"2018-07-27 13:00:00",3747,0.331,0.384,0.453,0.381,0.409,0.382,0.479,0.459
"2018-07-27 13:30:00",3748,0.331,0.381,0.447,0.379,0.406,0.377,0.476,0.453
"2018-07-27 14:00:00",3749,0.343,0.393,0.462,0.392,0.419,0.393,0.49,0.464
"2018-07-27 14:30:00",3750,0.357,0.407,0.478,0.409,0.44,0.412,0.514,0.488
"2018-07-27 15:00:00",3751,0.364,0.413,0.486,0.419,0.454,0.419,0.527,0.503
"2018-07-27 15:30:00",3752,0.369,0.419,0.491,0.426,0.46,0.429,0.537,0.513
"2018-07-27 16:00:00",3753,0.369,0.42,0.49,0.427,0.458,0.431,0.539,0.518
"2018-07-27 16:30:00",3754,0.391,0.44,0.505,0.45,0.482,0.453,0.544,0.52
"2018-07-27 17:00:00",3755,0.394,0.49,0.546,0.493,0.538,0.504,0.567,0.454
"2018-07-27 17:30:00",3756,0.397,0.499,0.563,0.506,0.553,0.51,0.589,0.491
"2018-07-27 18:00:00",3757,0.381,0.482,0.557,0.505,0.552,0.5,0.599,0.507
"2018-07-27 18:30:00",3758,0.381,0.478,0.555,0.504,0.549,0.5,0.602,0.512
"2018-07-27 19:00:00",3759,0.371,0.471,0.542,0.498,0.534,0.498,0.602,0.509
"2018-07-27 19:30:00",3760,0.363,0.471,0.537,0.504,0.537,0.507,0.603,0.511
"2018-07-27 20:00:00",3761,0.362,0.474,0.537,0.51,0.545,0.516,0.606,0.517
"2018-07-27 20:30:00",3762,0.38,0.489,0.549,0.517,0.561,0.526,0.61,0.518
"2018-07-27 21:00:00",3763,0.403,0.504,0.563,0.524,0.572,0.529,0.612,0.517
"2018-07-27 21:30:00",3764,0.414,0.51,0.57,0.526,0.579,0.529,0.614,0.518
"2018-07-27 22:00:00",3765,0.42,0.513,0.573,0.526,0.583,0.529,0.615,0.518
"2018-07-27 22:30:00",3766,0.421,0.512,0.574,0.526,0.584,0.529,0.616,0.518
"2018-07-27 23:00:00",3767,0.419,0.511,0.573,0.525,0.584,0.53,0.616,0.518
"2018-07-27 23:30:00",3768,0.416,0.51,0.574,0.524,0.585,0.531,0.616,0.518
"2018-07-28 00:00:00",3769,0.418,0.511,0.575,0.524,0.585,0.531,0.617,0.518
"2018-07-28 00:30:00",3770,0.425,0.513,0.577,0.525,0.586,0.531,0.617,0.518
"2018-07-28 01:00:00",3771,0.431,0.514,0.575,0.525,0.586,0.53,0.617,0.518
"2018-07-28 01:30:00",3772,0.434,0.515,0.577,0.524,0.586,0.529,0.617,0.518
"2018-07-28 02:00:00",3773,0.435,0.514,0.575,0.523,0.586,0.529,0.617,0.516
"2018-07-28 02:30:00",3774,0.436,0.514,0.578,0.522,0.586,0.528,0.616,0.518
"2018-07-28 03:00:00",3775,0.436,0.514,0.578,0.522,0.586,0.528,0.616,0.52
"2018-07-28 03:30:00",3776,0.436,0.514,0.579,0.522,0.585,0.527,0.617,0.521
"2018-07-28 04:00:00",3777,0.437,0.514,0.579,0.523,0.585,0.527,0.618,0.521
"2018-07-28 04:30:00",3778,0.438,0.513,0.58,0.523,0.585,0.526,0.618,0.52
"2018-07-28 05:00:00",3779,0.438,0.512,0.579,0.523,0.585,0.525,0.618,0.519
"2018-07-28 05:30:00",3780,0.438,0.511,0.578,0.522,0.585,0.525,0.618,0.519
"2018-07-28 06:00:00",3781,0.437,0.51,0.576,0.521,0.585,0.524,0.618,0.519
"2018-07-28 06:30:00",3782,0.437,0.509,0.574,0.521,0.584,0.524,0.618,0.519
"2018-07-28 07:00:00",3783,0.437,0.507,0.576,0.52,0.584,0.525,0.618,0.519
"2018-07-28 07:30:00",3784,0.429,0.502,0.577,0.519,0.584,0.526,0.617,0.519
"2018-07-28 08:00:00",3785,0.402,0.486,0.574,0.517,0.579,0.524,0.617,0.52
"2018-07-28 08:30:00",3786,0.341,0.44,0.541,0.479,0.539,0.492,0.615,0.521
"2018-07-28 09:00:00",3787,0.306,0.411,0.497,0.426,0.476,0.442,0.612,0.52
"2018-07-28 09:30:00",3788,0.288,0.396,0.472,0.4,0.439,0.412,0.604,0.513
"2018-07-28 10:00:00",3789,0.297,0.392,0.463,0.389,0.426,0.402,0.588,0.503
"2018-07-28 10:30:00",3790,0.322,0.39,0.459,0.381,0.418,0.396,0.565,0.492
"2018-07-28 11:00:00",3791,0.331,0.386,0.447,0.377,0.407,0.386,0.521,0.464
"2018-07-28 11:30:00",3792,0.337,0.386,0.442,0.378,0.4,0.384,0.484,0.437
"2018-07-28 12:00:00",3793,0.346,0.391,0.445,0.382,0.403,0.386,0.477,0.433
"2018-07-28 12:30:00",3794,0.35,0.392,0.443,0.379,0.4,0.384,0.467,0.425
"2018-07-28 13:00:00",3795,0.356,0.394,0.442,0.382,0.401,0.386,0.464,0.422
"2018-07-28 13:30:00",3796,0.36,0.396,0.443,0.383,0.402,0.387,0.464,0.421
"2018-07-28 14:00:00",3797,0.363,0.396,0.443,0.383,0.401,0.388,0.463,0.421
"2018-07-28 14:30:00",3798,0.366,0.397,0.444,0.385,0.401,0.39,0.466,0.424
"2018-07-28 15:00:00",3799,0.37,0.397,0.443,0.384,0.4,0.389,0.468,0.427
"2018-07-28 15:30:00",3800,0.372,0.395,0.441,0.382,0.399,0.387,0.464,0.425
"2018-07-28 16:00:00",3801,0.379,0.4,0.445,0.388,0.403,0.393,0.466,0.431
"2018-07-28 16:30:00",3802,0.381,0.4,0.445,0.389,0.402,0.393,0.473,0.438
"2018-07-28 17:00:00",3803,0.387,0.405,0.451,0.396,0.408,0.401,0.485,0.45
"2018-07-28 17:30:00",3804,0.388,0.404,0.449,0.396,0.405,0.4,0.491,0.459
"2018-07-28 18:00:00",3805,0.397,0.414,0.461,0.409,0.417,0.412,0.504,0.475
"2018-07-28 18:30:00",3806,0.401,0.419,0.469,0.418,0.421,0.418,0.517,0.492
"2018-07-28 19:00:00",3807,0.404,0.423,0.475,0.422,0.424,0.423,0.53,0.504
"2018-07-28 19:30:00",3808,0.408,0.429,0.482,0.435,0.432,0.431,0.551,0.513
"2018-07-28 20:00:00",3809,0.418,0.442,0.496,0.456,0.454,0.448,0.569,0.52
"2018-07-28 20:30:00",3810,0.439,0.467,0.517,0.486,0.493,0.486,0.582,0.526
"2018-07-28 21:00:00",3811,0.453,0.484,0.536,0.505,0.523,0.513,0.592,0.531
"2018-07-28 21:30:00",3812,0.448,0.498,0.549,0.516,0.544,0.528,0.599,0.535
"2018-07-28 22:00:00",3813,0.418,0.498,0.551,0.521,0.553,0.536,0.604,0.536
"2018-07-28 22:30:00",3814,0.414,0.498,0.553,0.522,0.555,0.541,0.608,0.538
"2018-07-28 23:00:00",3815,0.404,0.497,0.549,0.522,0.556,0.543,0.61,0.541
"2018-07-28 23:30:00",3816,0.399,0.5,0.552,0.524,0.558,0.545,0.612,0.543
"2018-07-29 00:00:00",3817,0.4,0.506,0.557,0.526,0.563,0.548,0.614,0.544
"2018-07-29 00:30:00",3818,0.389,0.504,0.554,0.525,0.565,0.55,0.615,0.545
"2018-07-29 01:00:00",3819,0.385,0.503,0.553,0.525,0.566,0.551,0.615,0.548
"2018-07-29 01:30:00",3820,0.383,0.505,0.555,0.525,0.567,0.552,0.616,0.549
"2018-07-29 02:00:00",3821,0.384,0.506,0.556,0.526,0.568,0.553,0.617,0.55
"2018-07-29 02:30:00",3822,0.385,0.507,0.557,0.527,0.57,0.553,0.617,0.553
"2018-07-29 03:00:00",3823,0.378,0.505,0.554,0.527,0.57,0.553,0.616,0.552
"2018-07-29 03:30:00",3824,0.375,0.502,0.553,0.526,0.57,0.552,0.617,0.554
"2018-07-29 04:00:00",3825,0.378,0.503,0.553,0.527,0.57,0.552,0.616,0.556
"2018-07-29 04:30:00",3826,0.381,0.505,0.557,0.528,0.572,0.553,0.615,0.558
"2018-07-29 05:00:00",3827,0.391,0.511,0.56,0.531,0.573,0.554,0.615,0.559
"2018-07-29 05:30:00",3828,0.393,0.512,0.561,0.532,0.576,0.554,0.616,0.56
"2018-07-29 06:00:00",3829,0.394,0.511,0.56,0.532,0.576,0.554,0.616,0.561
"2018-07-29 06:30:00",3830,0.391,0.509,0.558,0.532,0.575,0.554,0.615,0.562
"2018-07-29 07:00:00",3831,0.386,0.501,0.555,0.529,0.568,0.551,0.615,0.562
"2018-07-29 07:30:00",3832,0.374,0.488,0.545,0.519,0.553,0.54,0.614,0.562
"2018-07-29 08:00:00",3833,0.359,0.472,0.532,0.5,0.531,0.522,0.612,0.561
"2018-07-29 08:30:00",3834,0.343,0.456,0.519,0.475,0.508,0.501,0.608,0.56
"2018-07-29 09:00:00",3835,0.329,0.445,0.508,0.455,0.488,0.481,0.603,0.558
"2018-07-29 09:30:00",3836,0.308,0.427,0.488,0.426,0.459,0.451,0.589,0.546
"2018-07-29 10:00:00",3837,0.299,0.414,0.472,0.406,0.437,0.429,0.568,0.532
"2018-07-29 10:30:00",3838,0.316,0.404,0.456,0.39,0.417,0.414,0.536,0.511
"2018-07-29 11:00:00",3839,0.339,0.402,0.452,0.386,0.41,0.409,0.507,0.489
"2018-07-29 11:30:00",3840,0.348,0.404,0.456,0.388,0.412,0.412,0.494,0.479
"2018-07-29 12:00:00",3841,0.346,0.402,0.449,0.384,0.407,0.406,0.48,0.467
"2018-07-29 12:30:00",3842,0.352,0.406,0.451,0.39,0.409,0.409,0.475,0.461
"2018-07-29 13:00:00",3843,0.357,0.409,0.452,0.392,0.411,0.41,0.475,0.461
"2018-07-29 13:30:00",3844,0.355,0.408,0.45,0.391,0.408,0.407,0.475,0.46
"2018-07-29 14:00:00",3845,0.354,0.408,0.448,0.391,0.403,0.405,0.475,0.457
"2018-07-29 14:30:00",3846,0.353,0.408,0.446,0.391,0.403,0.406,0.477,0.459
"2018-07-29 15:00:00",3847,0.353,0.41,0.448,0.392,0.404,0.408,0.48,0.463
"2018-07-29 15:30:00",3848,0.353,0.41,0.446,0.392,0.403,0.409,0.477,0.467
"2018-07-29 16:00:00",3849,0.354,0.412,0.446,0.394,0.403,0.41,0.478,0.47
"2018-07-29 16:30:00",3850,0.355,0.413,0.445,0.396,0.403,0.413,0.483,0.475
"2018-07-29 17:00:00",3851,0.357,0.417,0.448,0.401,0.405,0.417,0.491,0.483
"2018-07-29 17:30:00",3852,0.361,0.422,0.453,0.407,0.409,0.423,0.503,0.494
"2018-07-29 18:00:00",3853,0.365,0.427,0.46,0.412,0.415,0.428,0.512,0.51
"2018-07-29 18:30:00",3854,0.368,0.431,0.468,0.416,0.42,0.433,0.519,0.524
"2018-07-29 19:00:00",3855,0.374,0.438,0.478,0.424,0.427,0.442,0.533,0.536
"2018-07-29 19:30:00",3856,0.383,0.449,0.492,0.444,0.443,0.458,0.551,0.545
"2018-07-29 20:00:00",3857,0.392,0.464,0.507,0.467,0.467,0.48,0.57,0.552
"2018-07-29 20:30:00",3858,0.407,0.488,0.525,0.495,0.506,0.514,0.584,0.559
"2018-07-29 21:00:00",3859,0.388,0.502,0.537,0.512,0.531,0.534,0.593,0.563
"2018-07-29 21:30:00",3860,0.389,0.511,0.546,0.52,0.546,0.544,0.6,0.566
"2018-07-29 22:00:00",3861,0.394,0.518,0.551,0.525,0.556,0.551,0.604,0.568
"2018-07-29 22:30:00",3862,0.406,0.528,0.56,0.528,0.565,0.556,0.607,0.57
"2018-07-29 23:00:00",3863,0.414,0.535,0.568,0.531,0.571,0.559,0.61,0.57
"2018-07-29 23:30:00",3864,0.422,0.542,0.572,0.533,0.576,0.561,0.612,0.571
"2018-07-30 00:00:00",3865,0.429,0.546,0.576,0.533,0.579,0.562,0.614,0.572
"2018-07-30 00:30:00",3866,0.439,0.552,0.58,0.533,0.582,0.562,0.616,0.572
"2018-07-30 01:00:00",3867,0.445,0.553,0.582,0.533,0.583,0.562,0.616,0.573
"2018-07-30 01:30:00",3868,0.448,0.553,0.583,0.532,0.584,0.562,0.618,0.573
"2018-07-30 02:00:00",3869,0.452,0.554,0.583,0.532,0.585,0.56,0.618,0.573
"2018-07-30 02:30:00",3870,0.453,0.554,0.583,0.53,0.585,0.559,0.619,0.572
"2018-07-30 03:00:00",3871,0.454,0.553,0.581,0.53,0.585,0.558,0.619,0.573
"2018-07-30 03:30:00",3872,0.454,0.552,0.584,0.529,0.585,0.557,0.62,0.574
"2018-07-30 04:00:00",3873,0.453,0.551,0.582,0.528,0.584,0.556,0.621,0.573
"2018-07-30 04:30:00",3874,0.453,0.551,0.583,0.528,0.584,0.554,0.622,0.573
"2018-07-30 05:00:00",3875,0.452,0.55,0.582,0.527,0.583,0.553,0.622,0.573
"2018-07-30 05:30:00",3876,0.451,0.549,0.582,0.526,0.583,0.551,0.62,0.573
"2018-07-30 06:00:00",3877,0.45,0.548,0.581,0.525,0.582,0.55,0.619,0.573
"2018-07-30 06:30:00",3878,0.45,0.548,0.581,0.525,0.582,0.549,0.619,0.573
"2018-07-30 07:00:00",3879,0.449,0.546,0.579,0.523,0.581,0.547,0.618,0.572
"2018-07-30 07:30:00",3880,0.448,0.545,0.58,0.522,0.58,0.546,0.618,0.572
"2018-07-30 08:00:00",3881,0.447,0.535,0.581,0.521,0.579,0.544,0.618,0.572
"2018-07-30 08:30:00",3882,0.446,0.53,0.581,0.519,0.578,0.543,0.616,0.571
"2018-07-30 09:00:00",3883,0.443,0.527,0.583,0.517,0.578,0.543,0.614,0.57
"2018-07-30 09:30:00",3884,0.417,0.51,0.579,0.514,0.574,0.534,0.609,0.567
"2018-07-30 10:00:00",3885,0.353,0.46,0.54,0.477,0.535,0.494,0.601,0.564
"2018-07-30 10:30:00",3886,0.328,0.434,0.5,0.438,0.481,0.464,0.592,0.563
"2018-07-30 11:00:00",3887,0.332,0.438,0.501,0.442,0.48,0.469,0.584,0.562
"2018-07-30 11:30:00",3888,0.332,0.44,0.5,0.445,0.482,0.47,0.577,0.559
"2018-07-30 12:00:00",3889,0.324,0.432,0.491,0.434,0.47,0.459,0.566,0.556
"2018-07-30 12:30:00",3890,0.327,0.436,0.494,0.437,0.471,0.456,0.559,0.551
"2018-07-30 13:00:00",3891,0.346,0.45,0.51,0.458,0.494,0.475,0.562,0.553
"2018-07-30 13:30:00",3892,0.348,0.451,0.513,0.464,0.5,0.478,0.569,0.556
"2018-07-30 14:00:00",3893,0.328,0.438,0.497,0.444,0.477,0.462,0.57,0.558
"2018-07-30 14:30:00",3894,0.326,0.437,0.493,0.438,0.47,0.458,0.568,0.557
"2018-07-30 15:00:00",3895,0.33,0.441,0.495,0.442,0.474,0.463,0.563,0.555
"2018-07-30 15:30:00",3896,0.354,0.46,0.518,0.468,0.502,0.486,0.571,0.559
"2018-07-30 16:00:00",3897,0.34,0.449,0.508,0.458,0.49,0.476,0.572,0.559
"2018-07-30 16:30:00",3898,0.33,0.442,0.498,0.445,0.476,0.466,0.569,0.557
"2018-07-30 17:00:00",3899,0.33,0.443,0.497,0.445,0.476,0.467,0.566,0.556
"2018-07-30 17:30:00",3900,0.327,0.441,0.492,0.444,0.472,0.466,0.563,0.555
"2018-07-30 18:00:00",3901,0.336,0.451,0.502,0.455,0.484,0.48,0.565,0.558
"2018-07-30 18:30:00",3902,0.354,0.47,0.522,0.481,0.511,0.505,0.574,0.563
"2018-07-30 19:00:00",3903,0.377,0.491,0.541,0.506,0.538,0.526,0.578,0.566
"2018-07-30 19:30:00",3904,0.408,0.512,0.565,0.52,0.561,0.539,0.592,0.57
"2018-07-30 20:00:00",3905,0.427,0.524,0.577,0.525,0.572,0.542,0.598,0.571
"2018-07-30 20:30:00",3906,0.434,0.526,0.583,0.526,0.577,0.542,0.605,0.573
"2018-07-30 21:00:00",3907,0.436,0.525,0.583,0.525,0.579,0.542,0.608,0.572
"2018-07-30 21:30:00",3908,0.437,0.525,0.585,0.525,0.58,0.542,0.611,0.573
"2018-07-30 22:00:00",3909,0.437,0.525,0.584,0.524,0.58,0.543,0.612,0.573
"2018-07-30 22:30:00",3910,0.436,0.524,0.585,0.524,0.581,0.543,0.614,0.574
"2018-07-30 23:00:00",3911,0.437,0.524,0.586,0.524,0.582,0.543,0.616,0.574
"2018-07-30 23:30:00",3912,0.439,0.525,0.587,0.525,0.582,0.542,0.617,0.574
"2018-07-31 00:00:00",3913,0.438,0.525,0.588,0.525,0.583,0.542,0.617,0.575
"2018-07-31 00:30:00",3914,0.437,0.524,0.588,0.525,0.583,0.541,0.617,0.575
"2018-07-31 01:00:00",3915,0.436,0.524,0.589,0.526,0.583,0.54,0.616,0.574
"2018-07-31 01:30:00",3916,0.438,0.524,0.589,0.527,0.583,0.539,0.617,0.573
"2018-07-31 02:00:00",3917,0.441,0.523,0.589,0.527,0.583,0.537,0.617,0.574
"2018-07-31 02:30:00",3918,0.441,0.522,0.586,0.526,0.582,0.537,0.614,0.572
"2018-07-31 03:00:00",3919,0.44,0.518,0.584,0.525,0.582,0.536,0.61,0.568
"2018-07-31 03:30:00",3920,0.44,0.515,0.585,0.524,0.581,0.535,0.612,0.57
"2018-07-31 04:00:00",3921,0.439,0.515,0.585,0.524,0.58,0.534,0.615,0.572
"2018-07-31 04:30:00",3922,0.438,0.514,0.583,0.523,0.58,0.534,0.616,0.572
"2018-07-31 05:00:00",3923,0.438,0.514,0.584,0.523,0.58,0.533,0.615,0.573
"2018-07-31 05:30:00",3924,0.438,0.514,0.583,0.522,0.58,0.534,0.615,0.573
"2018-07-31 06:00:00",3925,0.438,0.512,0.583,0.522,0.58,0.533,0.615,0.572
"2018-07-31 06:30:00",3926,0.437,0.51,0.582,0.521,0.579,0.532,0.615,0.572
"2018-07-31 07:00:00",3927,0.436,0.509,0.581,0.52,0.578,0.53,0.615,0.572
"2018-07-31 07:30:00",3928,0.435,0.508,0.581,0.519,0.578,0.529,0.613,0.571
"2018-07-31 08:00:00",3929,0.433,0.506,0.578,0.519,0.578,0.528,0.606,0.565
"2018-07-31 08:30:00",3930,0.431,0.506,0.583,0.52,0.579,0.53,0.606,0.569
"2018-07-31 09:00:00",3931,0.409,0.491,0.578,0.511,0.575,0.527,0.605,0.569
"2018-07-31 09:30:00",3932,0.366,0.454,0.56,0.48,0.555,0.511,0.607,0.57
"2018-07-31 10:00:00",3933,0.348,0.438,0.533,0.459,0.522,0.489,0.605,0.57
"2018-07-31 10:30:00",3934,0.358,0.447,0.535,0.468,0.525,0.493,0.604,0.571
"2018-07-31 11:00:00",3935,0.333,0.428,0.517,0.44,0.496,0.468,0.603,0.57
"2018-07-31 11:30:00",3936,0.312,0.41,0.492,0.413,0.461,0.438,0.59,0.565
"2018-07-31 12:00:00",3937,0.309,0.408,0.487,0.411,0.454,0.431,0.58,0.56
"2018-07-31 12:30:00",3938,0.293,0.394,0.466,0.391,0.429,0.407,0.551,0.543
"2018-07-31 13:00:00",3939,0.3,0.398,0.469,0.397,0.431,0.411,0.526,0.525
"2018-07-31 13:30:00",3940,0.307,0.402,0.475,0.405,0.438,0.417,0.525,0.522
"2018-07-31 14:00:00",3941,0.308,0.403,0.474,0.406,0.438,0.417,0.526,0.52
"2018-07-31 14:30:00",3942,0.307,0.4,0.469,0.402,0.432,0.412,0.523,0.515
"2018-07-31 15:00:00",3943,0.313,0.399,0.466,0.401,0.429,0.411,0.518,0.51
"2018-07-31 15:30:00",3944,0.323,0.402,0.468,0.404,0.431,0.414,0.518,0.51
"2018-07-31 16:00:00",3945,0.325,0.399,0.462,0.402,0.426,0.409,0.518,0.513
"2018-07-31 16:30:00",3946,0.332,0.402,0.464,0.405,0.427,0.412,0.516,0.513
"2018-07-31 17:00:00",3947,0.343,0.413,0.478,0.418,0.443,0.429,0.527,0.522
"2018-07-31 17:30:00",3948,0.337,0.406,0.468,0.415,0.432,0.418,0.531,0.525
"2018-07-31 18:00:00",3949,0.347,0.417,0.483,0.428,0.445,0.433,0.542,0.537
"2018-07-31 18:30:00",3950,0.346,0.417,0.484,0.43,0.441,0.432,0.55,0.548
"2018-07-31 19:00:00",3951,0.354,0.435,0.505,0.45,0.473,0.462,0.56,0.556
"2018-07-31 19:30:00",3952,0.344,0.441,0.516,0.463,0.477,0.471,0.571,0.562
"2018-07-31 20:00:00",3953,0.354,0.457,0.53,0.484,0.506,0.494,0.578,0.566
"2018-07-31 20:30:00",3954,0.374,0.477,0.548,0.504,0.537,0.517,0.584,0.568
"2018-07-31 21:00:00",3955,0.39,0.492,0.561,0.515,0.555,0.529,0.592,0.57
"2018-07-31 21:30:00",3956,0.404,0.503,0.572,0.52,0.566,0.534,0.598,0.571
"2018-07-31 22:00:00",3957,0.422,0.512,0.58,0.522,0.573,0.536,0.6,0.572
"2018-07-31 22:30:00",3958,0.43,0.515,0.584,0.522,0.577,0.535,0.603,0.571
"2018-07-31 23:00:00",3959,0.432,0.516,0.585,0.522,0.579,0.533,0.607,0.572
"2018-07-31 23:30:00",3960,0.432,0.515,0.585,0.521,0.579,0.532,0.609,0.573
"2018-08-01 00:00:00",3961,0.431,0.513,0.585,0.52,0.58,0.532,0.61,0.573
"2018-08-01 00:30:00",3962,0.43,0.511,0.584,0.519,0.58,0.531,0.611,0.573
"2018-08-01 01:00:00",3963,0.43,0.508,0.584,0.518,0.579,0.531,0.612,0.573
"2018-08-01 01:30:00",3964,0.429,0.505,0.58,0.517,0.579,0.53,0.611,0.571
"2018-08-01 02:00:00",3965,0.428,0.505,0.578,0.514,0.579,0.529,0.609,0.568
"2018-08-01 02:30:00",3966,0.427,0.504,0.575,0.514,0.578,0.527,0.608,0.527
"2018-08-01 03:00:00",3967,0.427,0.503,0.576,0.515,0.579,0.527,0.61,0.44
"2018-08-01 03:30:00",3968,0.426,0.502,0.579,0.516,0.579,0.528,0.612,0.462
"2018-08-01 04:00:00",3969,0.426,0.501,0.579,0.517,0.579,0.527,0.61,0.486
"2018-08-01 04:30:00",3970,0.425,0.5,0.578,0.516,0.578,0.527,0.61,0.498
"2018-08-01 05:00:00",3971,0.425,0.5,0.576,0.516,0.578,0.526,0.61,0.503
"2018-08-01 05:30:00",3972,0.425,0.499,0.575,0.515,0.578,0.525,0.607,0.504
"2018-08-01 06:00:00",3973,0.424,0.498,0.577,0.514,0.577,0.525,0.609,0.509
"2018-08-01 06:30:00",3974,0.424,0.497,0.577,0.513,0.576,0.524,0.609,0.511
"2018-08-01 07:00:00",3975,0.423,0.496,0.576,0.513,0.576,0.522,0.61,0.51
"2018-08-01 07:30:00",3976,0.424,0.496,0.576,0.511,0.575,0.522,0.61,0.511
"2018-08-01 08:00:00",3977,0.426,0.497,0.576,0.51,0.575,0.522,0.609,0.511
"2018-08-01 08:30:00",3978,0.423,0.495,0.579,0.511,0.575,0.522,0.607,0.509
"2018-08-01 09:00:00",3979,0.4,0.479,0.576,0.505,0.571,0.516,0.603,0.508
"2018-08-01 09:30:00",3980,0.372,0.453,0.563,0.479,0.554,0.504,0.601,0.508
"2018-08-01 10:00:00",3981,0.324,0.412,0.523,0.429,0.503,0.464,0.6,0.507
"2018-08-01 10:30:00",3982,0.295,0.388,0.478,0.389,0.443,0.418,0.594,0.502
"2018-08-01 11:00:00",3983,0.296,0.383,0.467,0.382,0.428,0.408,0.579,0.497
"2018-08-01 11:30:00",3984,0.312,0.389,0.467,0.392,0.431,0.41,0.562,0.488
"2018-08-01 12:00:00",3985,0.315,0.385,0.461,0.387,0.423,0.403,0.538,0.48
