"TOA5","CR1000-SALT","CR1000","86631","CR1000.Std.31.03","CPU:Sapflow_SERC.CR1","8974","Table1"
"TIMESTAMP","RECORD","DiffVolt_Avg(1)","DiffVolt_Avg(2)","DiffVolt_Avg(3)","DiffVolt_Avg(4)","DiffVolt_Avg(5)","DiffVolt_Avg(6)","DiffVolt_Avg(7)","DiffVolt_Avg(8)"
"TS","RN","mV","mV","mV","mV","mV","mV","mV","mV"
"","","Avg","Avg","Avg","Avg","Avg","Avg","Avg","Avg"
"2018-08-01 12:30:00",3987,0.447,0.385,0.346,0.355,0.285,0.37,0.536,0.608
"2018-08-01 13:00:00",3988,0.439,0.38,0.343,0.349,0.275,0.364,0.523,0.608
"2018-08-01 13:30:00",3989,0.432,0.376,0.342,0.345,0.267,0.362,0.509,0.605
"2018-08-01 14:00:00",3990,0.429,0.375,0.343,0.346,0.263,0.363,0.505,0.604
"2018-08-01 14:30:00",3991,0.429,0.376,0.348,0.348,0.264,0.363,0.505,0.605
"2018-08-01 15:00:00",3992,0.437,0.384,0.358,0.354,0.274,0.369,0.515,0.608
"2018-08-01 15:30:00",3993,0.443,0.388,0.361,0.357,0.281,0.372,0.522,0.611
"2018-08-01 16:00:00",3994,0.436,0.384,0.358,0.354,0.273,0.367,0.521,0.61
"2018-08-01 16:30:00",3995,0.437,0.388,0.359,0.353,0.273,0.366,0.519,0.613
"2018-08-01 17:00:00",3996,0.437,0.392,0.359,0.353,0.271,0.366,0.521,0.615
"2018-08-01 17:30:00",3997,0.449,0.404,0.368,0.359,0.287,0.376,0.532,0.618
"2018-08-01 18:00:00",3998,0.455,0.412,0.372,0.364,0.301,0.378,0.545,0.623
"2018-08-01 18:30:00",3999,0.454,0.415,0.374,0.364,0.304,0.377,0.554,0.623
"2018-08-01 19:00:00",4000,0.465,0.433,0.384,0.37,0.318,0.384,0.564,0.625
"2018-08-01 19:30:00",4001,0.484,0.452,0.397,0.381,0.333,0.398,0.575,0.627
"2018-08-01 20:00:00",4002,0.51,0.467,0.419,0.399,0.345,0.43,0.587,0.628
"2018-08-01 20:30:00",4003,0.535,0.475,0.452,0.421,0.355,0.482,0.599,0.629
"2018-08-01 21:00:00",4004,0.551,0.474,0.468,0.432,0.361,0.509,0.606,0.631
"2018-08-01 21:30:00",4005,0.559,0.469,0.474,0.437,0.365,0.519,0.61,0.629
"2018-08-01 22:00:00",4006,0.561,0.466,0.473,0.44,0.367,0.523,0.612,0.629
"2018-08-01 22:30:00",4007,0.559,0.464,0.474,0.44,0.368,0.526,0.614,0.632
"2018-08-01 23:00:00",4008,0.559,0.462,0.476,0.442,0.37,0.528,0.617,0.633
"2018-08-01 23:30:00",4009,0.56,0.461,0.474,0.442,0.37,0.528,0.617,0.633
"2018-08-02 00:00:00",4010,0.562,0.46,0.473,0.444,0.371,0.529,0.619,0.634
"2018-08-02 00:30:00",4011,0.564,0.459,0.475,0.445,0.373,0.53,0.621,0.636
"2018-08-02 01:00:00",4012,0.567,0.458,0.478,0.447,0.374,0.531,0.622,0.636
"2018-08-02 01:30:00",4013,0.568,0.457,0.479,0.447,0.375,0.531,0.623,0.638
"2018-08-02 02:00:00",4014,0.57,0.456,0.476,0.449,0.376,0.53,0.623,0.636
"2018-08-02 02:30:00",4015,0.571,0.456,0.474,0.45,0.376,0.53,0.623,0.637
"2018-08-02 03:00:00",4016,0.571,0.455,0.473,0.449,0.376,0.53,0.625,0.637
"2018-08-02 03:30:00",4017,0.571,0.454,0.472,0.445,0.377,0.529,0.626,0.637
"2018-08-02 04:00:00",4018,0.571,0.453,0.472,0.443,0.377,0.527,0.626,0.637
"2018-08-02 04:30:00",4019,0.571,0.452,0.471,0.442,0.377,0.526,0.626,0.637
"2018-08-02 05:00:00",4020,0.571,0.452,0.471,0.441,0.376,0.525,0.626,0.638
"2018-08-02 05:30:00",4021,0.571,0.451,0.47,0.437,0.376,0.525,0.626,0.64
"2018-08-02 06:00:00",4022,0.571,0.45,0.468,0.435,0.377,0.524,0.625,0.638
"2018-08-02 06:30:00",4023,0.571,0.45,0.467,0.435,0.377,0.523,0.625,0.638
"2018-08-02 07:00:00",4024,0.571,0.449,0.467,0.434,0.377,0.524,0.625,0.639
"2018-08-02 07:30:00",4025,0.571,0.449,0.465,0.436,0.376,0.527,0.625,0.638
"2018-08-02 08:00:00",4026,0.572,0.451,0.462,0.437,0.376,0.528,0.625,0.639
"2018-08-02 08:30:00",4027,0.57,0.453,0.449,0.437,0.376,0.523,0.624,0.639
"2018-08-02 09:00:00",4028,0.562,0.452,0.427,0.434,0.374,0.503,0.624,0.639
"2018-08-02 09:30:00",4029,0.523,0.436,0.382,0.407,0.358,0.441,0.615,0.637
"2018-08-02 10:00:00",4030,0.503,0.423,0.373,0.393,0.338,0.425,0.603,0.636
"2018-08-02 10:30:00",4031,0.506,0.425,0.376,0.396,0.338,0.428,0.601,0.636
"2018-08-02 11:00:00",4032,0.488,0.412,0.36,0.383,0.326,0.403,0.585,0.632
"2018-08-02 11:30:00",4033,0.457,0.386,0.339,0.361,0.295,0.374,0.55,0.627
"2018-08-02 12:00:00",4034,0.449,0.383,0.34,0.356,0.283,0.371,0.529,0.623
"2018-08-02 12:30:00",4035,0.451,0.387,0.346,0.359,0.284,0.374,0.527,0.62
"2018-08-02 13:00:00",4036,0.437,0.376,0.337,0.349,0.269,0.362,0.509,0.615
"2018-08-02 13:30:00",4037,0.438,0.378,0.34,0.351,0.267,0.365,0.505,0.611
"2018-08-02 14:00:00",4038,0.439,0.378,0.342,0.354,0.267,0.367,0.505,0.609
"2018-08-02 14:30:00",4039,0.445,0.384,0.349,0.36,0.276,0.372,0.514,0.608
"2018-08-02 15:00:00",4040,0.441,0.381,0.349,0.358,0.272,0.37,0.513,0.604
"2018-08-02 15:30:00",4041,0.434,0.377,0.348,0.354,0.264,0.367,0.506,0.602
"2018-08-02 16:00:00",4042,0.465,0.402,0.374,0.377,0.296,0.397,0.53,0.606
"2018-08-02 16:30:00",4043,0.505,0.432,0.419,0.403,0.332,0.454,0.551,0.603
"2018-08-02 17:00:00",4044,0.539,0.455,0.459,0.424,0.358,0.509,0.563,0.583
"2018-08-02 17:30:00",4045,0.543,0.457,0.457,0.427,0.365,0.523,0.568,0.585
"2018-08-02 18:00:00",4046,0.542,0.453,0.455,0.422,0.367,0.525,0.578,0.59
"2018-08-02 18:30:00",4047,0.541,0.45,0.45,0.42,0.368,0.525,0.578,0.595
"2018-08-02 19:00:00",4048,0.526,0.448,0.446,0.399,0.369,0.524,0.58,0.586
"2018-08-02 19:30:00",4049,0.503,0.447,0.447,0.403,0.369,0.525,0.589,0.597
"2018-08-02 20:00:00",4050,0.479,0.445,0.45,0.411,0.369,0.525,0.593,0.604
"2018-08-02 20:30:00",4051,0.464,0.443,0.451,0.413,0.369,0.52,0.592,0.603
"2018-08-02 21:00:00",4052,0.463,0.442,0.452,0.413,0.37,0.518,0.592,0.608
"2018-08-02 21:30:00",4053,0.464,0.441,0.452,0.414,0.37,0.517,0.594,0.608
"2018-08-02 22:00:00",4054,0.463,0.44,0.453,0.416,0.37,0.515,0.595,0.607
"2018-08-02 22:30:00",4055,0.467,0.44,0.454,0.417,0.37,0.516,0.599,0.608
"2018-08-02 23:00:00",4056,0.465,0.44,0.455,0.419,0.37,0.513,0.602,0.605
"2018-08-02 23:30:00",4057,0.465,0.438,0.456,0.417,0.371,0.514,0.604,0.608
"2018-08-03 00:00:00",4058,0.466,0.437,0.456,0.418,0.371,0.515,0.607,0.61
"2018-08-03 00:30:00",4059,0.467,0.437,0.456,0.418,0.371,0.514,0.609,0.609
"2018-08-03 01:00:00",4060,0.468,0.437,0.457,0.419,0.372,0.515,0.61,0.612
"2018-08-03 01:30:00",4061,0.468,0.438,0.457,0.418,0.372,0.516,0.611,0.614
"2018-08-03 02:00:00",4062,0.469,0.438,0.457,0.419,0.372,0.517,0.611,0.614
"2018-08-03 02:30:00",4063,0.472,0.437,0.456,0.421,0.372,0.517,0.615,0.616
"2018-08-03 03:00:00",4064,0.479,0.437,0.455,0.421,0.373,0.516,0.616,0.618
"2018-08-03 03:30:00",4065,0.482,0.438,0.455,0.422,0.373,0.515,0.618,0.62
"2018-08-03 04:00:00",4066,0.483,0.438,0.455,0.421,0.373,0.515,0.619,0.623
"2018-08-03 04:30:00",4067,0.483,0.439,0.454,0.421,0.373,0.515,0.62,0.624
"2018-08-03 05:00:00",4068,0.483,0.439,0.454,0.42,0.373,0.514,0.619,0.625
"2018-08-03 05:30:00",4069,0.483,0.439,0.453,0.419,0.372,0.513,0.621,0.623
"2018-08-03 06:00:00",4070,0.484,0.439,0.453,0.422,0.372,0.507,0.621,0.623
"2018-08-03 06:30:00",4071,0.482,0.439,0.453,0.422,0.372,0.503,0.621,0.622
"2018-08-03 07:00:00",4072,0.484,0.439,0.452,0.422,0.372,0.502,0.621,0.624
"2018-08-03 07:30:00",4073,0.484,0.438,0.454,0.42,0.371,0.5,0.62,0.623
"2018-08-03 08:00:00",4074,0.481,0.438,0.455,0.419,0.37,0.499,0.616,0.624
"2018-08-03 08:30:00",4075,0.486,0.439,0.448,0.423,0.369,0.502,0.614,0.621
"2018-08-03 09:00:00",4076,0.489,0.442,0.44,0.425,0.368,0.501,0.611,0.622
"2018-08-03 09:30:00",4077,0.491,0.445,0.432,0.426,0.368,0.496,0.61,0.619
"2018-08-03 10:00:00",4078,0.476,0.436,0.388,0.405,0.359,0.44,0.606,0.616
"2018-08-03 10:30:00",4079,0.437,0.414,0.352,0.377,0.34,0.38,0.596,0.615
"2018-08-03 11:00:00",4080,0.407,0.382,0.331,0.352,0.295,0.345,0.563,0.612
"2018-08-03 11:30:00",4081,0.407,0.376,0.333,0.348,0.28,0.344,0.543,0.612
"2018-08-03 12:00:00",4082,0.403,0.367,0.33,0.341,0.27,0.341,0.522,0.612
"2018-08-03 12:30:00",4083,0.412,0.372,0.335,0.346,0.274,0.347,0.518,0.612
"2018-08-03 13:00:00",4084,0.412,0.368,0.333,0.342,0.266,0.343,0.509,0.608
"2018-08-03 13:30:00",4085,0.424,0.378,0.342,0.35,0.276,0.351,0.521,0.609
"2018-08-03 14:00:00",4086,0.427,0.379,0.347,0.35,0.276,0.351,0.524,0.611
"2018-08-03 14:30:00",4087,0.436,0.387,0.357,0.356,0.283,0.359,0.531,0.613
"2018-08-03 15:00:00",4088,0.461,0.408,0.378,0.375,0.307,0.385,0.551,0.612
"2018-08-03 15:30:00",4089,0.459,0.41,0.374,0.375,0.314,0.375,0.566,0.616
"2018-08-03 16:00:00",4090,0.458,0.409,0.376,0.372,0.305,0.378,0.565,0.618
"2018-08-03 16:30:00",4091,0.468,0.417,0.384,0.379,0.316,0.39,0.574,0.622
"2018-08-03 17:00:00",4092,0.491,0.436,0.411,0.399,0.334,0.428,0.59,0.625
"2018-08-03 17:30:00",4093,0.495,0.44,0.405,0.399,0.342,0.418,0.595,0.627
"2018-08-03 18:00:00",4094,0.465,0.416,0.376,0.373,0.321,0.379,0.589,0.625
"2018-08-03 18:30:00",4095,0.48,0.426,0.393,0.381,0.325,0.406,0.593,0.627
"2018-08-03 19:00:00",4096,0.512,0.448,0.43,0.404,0.346,0.455,0.609,0.633
"2018-08-03 19:30:00",4097,0.525,0.457,0.441,0.416,0.355,0.476,0.613,0.633
"2018-08-03 20:00:00",4098,0.533,0.46,0.448,0.424,0.36,0.488,0.616,0.633
"2018-08-03 20:30:00",4099,0.539,0.461,0.452,0.428,0.363,0.497,0.618,0.634
"2018-08-03 21:00:00",4100,0.543,0.46,0.453,0.43,0.364,0.502,0.62,0.635
"2018-08-03 21:30:00",4101,0.547,0.458,0.453,0.432,0.366,0.506,0.621,0.637
"2018-08-03 22:00:00",4102,0.549,0.457,0.451,0.431,0.366,0.507,0.622,0.637
"2018-08-03 22:30:00",4103,0.549,0.456,0.45,0.431,0.367,0.508,0.624,0.637
"2018-08-03 23:00:00",4104,0.55,0.455,0.452,0.431,0.368,0.508,0.624,0.638
"2018-08-03 23:30:00",4105,0.553,0.454,0.456,0.43,0.368,0.508,0.625,0.637
"2018-08-04 00:00:00",4106,0.552,0.452,0.454,0.426,0.368,0.507,0.624,0.634
"2018-08-04 00:30:00",4107,0.55,0.451,0.453,0.426,0.368,0.507,0.625,0.635
"2018-08-04 01:00:00",4108,0.547,0.45,0.451,0.421,0.368,0.505,0.623,0.633
"2018-08-04 01:30:00",4109,0.547,0.449,0.449,0.419,0.368,0.505,0.623,0.633
"2018-08-04 02:00:00",4110,0.549,0.449,0.445,0.42,0.367,0.505,0.621,0.633
"2018-08-04 02:30:00",4111,0.55,0.449,0.44,0.417,0.367,0.505,0.622,0.633
"2018-08-04 03:00:00",4112,0.551,0.45,0.441,0.419,0.367,0.505,0.624,0.635
"2018-08-04 03:30:00",4113,0.552,0.451,0.446,0.423,0.368,0.506,0.627,0.637
"2018-08-04 04:00:00",4114,0.553,0.451,0.449,0.425,0.369,0.507,0.628,0.638
"2018-08-04 04:30:00",4115,0.553,0.451,0.451,0.425,0.369,0.506,0.628,0.64
"2018-08-04 05:00:00",4116,0.555,0.451,0.452,0.426,0.369,0.505,0.628,0.64
"2018-08-04 05:30:00",4117,0.557,0.45,0.453,0.426,0.37,0.504,0.627,0.639
"2018-08-04 06:00:00",4118,0.559,0.449,0.454,0.423,0.37,0.502,0.627,0.64
"2018-08-04 06:30:00",4119,0.557,0.449,0.454,0.42,0.369,0.502,0.625,0.638
"2018-08-04 07:00:00",4120,0.557,0.449,0.45,0.417,0.369,0.502,0.621,0.637
"2018-08-04 07:30:00",4121,0.555,0.45,0.438,0.418,0.367,0.498,0.62,0.636
"2018-08-04 08:00:00",4122,0.549,0.45,0.419,0.416,0.366,0.485,0.62,0.637
"2018-08-04 08:30:00",4123,0.525,0.44,0.385,0.403,0.357,0.442,0.618,0.635
"2018-08-04 09:00:00",4124,0.512,0.432,0.378,0.395,0.345,0.422,0.615,0.636
"2018-08-04 09:30:00",4125,0.496,0.421,0.364,0.382,0.332,0.399,0.608,0.636
"2018-08-04 10:00:00",4126,0.473,0.397,0.342,0.359,0.305,0.368,0.583,0.631
"2018-08-04 10:30:00",4127,0.47,0.386,0.341,0.351,0.289,0.36,0.562,0.627
"2018-08-04 11:00:00",4128,0.465,0.377,0.336,0.344,0.279,0.351,0.543,0.624
"2018-08-04 11:30:00",4129,0.463,0.375,0.336,0.342,0.275,0.349,0.533,0.621
"2018-08-04 12:00:00",4130,0.459,0.37,0.333,0.337,0.271,0.344,0.52,0.616
"2018-08-04 12:30:00",4131,0.462,0.372,0.335,0.339,0.269,0.346,0.517,0.612
"2018-08-04 13:00:00",4132,0.463,0.373,0.336,0.34,0.268,0.345,0.517,0.613
"2018-08-04 13:30:00",4133,0.457,0.37,0.332,0.335,0.258,0.339,0.507,0.608
"2018-08-04 14:00:00",4134,0.459,0.373,0.336,0.337,0.257,0.341,0.506,0.607
"2018-08-04 14:30:00",4135,0.46,0.374,0.337,0.339,0.257,0.342,0.508,0.608
"2018-08-04 15:00:00",4136,0.455,0.372,0.337,0.336,0.253,0.338,0.506,0.609
"2018-08-04 15:30:00",4137,0.457,0.374,0.343,0.338,0.254,0.341,0.507,0.609
"2018-08-04 16:00:00",4138,0.466,0.383,0.352,0.347,0.264,0.346,0.52,0.612
"2018-08-04 16:30:00",4139,0.461,0.38,0.347,0.341,0.259,0.341,0.517,0.615
"2018-08-04 17:00:00",4140,0.462,0.382,0.348,0.34,0.26,0.342,0.519,0.617
"2018-08-04 17:30:00",4141,0.47,0.391,0.356,0.346,0.269,0.346,0.531,0.62
"2018-08-04 18:00:00",4142,0.48,0.402,0.365,0.354,0.285,0.351,0.547,0.623
"2018-08-04 18:30:00",4143,0.485,0.414,0.372,0.357,0.298,0.356,0.561,0.625
"2018-08-04 19:00:00",4144,0.501,0.436,0.388,0.368,0.313,0.37,0.574,0.626
"2018-08-04 19:30:00",4145,0.525,0.456,0.404,0.38,0.327,0.39,0.585,0.626
"2018-08-04 20:00:00",4146,0.55,0.467,0.437,0.401,0.339,0.435,0.599,0.628
"2018-08-04 20:30:00",4147,0.571,0.472,0.46,0.417,0.348,0.475,0.609,0.629
"2018-08-04 21:00:00",4148,0.581,0.472,0.467,0.422,0.353,0.488,0.615,0.629
"2018-08-04 21:30:00",4149,0.586,0.467,0.468,0.423,0.355,0.491,0.618,0.631
"2018-08-04 22:00:00",4150,0.586,0.459,0.466,0.422,0.357,0.493,0.62,0.63
"2018-08-04 22:30:00",4151,0.587,0.455,0.464,0.42,0.358,0.493,0.621,0.631
"2018-08-04 23:00:00",4152,0.588,0.453,0.461,0.42,0.358,0.493,0.623,0.633
"2018-08-04 23:30:00",4153,0.59,0.451,0.46,0.419,0.358,0.492,0.623,0.633
"2018-08-05 00:00:00",4154,0.59,0.451,0.46,0.419,0.359,0.492,0.624,0.636
"2018-08-05 00:30:00",4155,0.59,0.451,0.459,0.417,0.359,0.492,0.625,0.638
"2018-08-05 01:00:00",4156,0.591,0.45,0.458,0.416,0.36,0.491,0.626,0.64
"2018-08-05 01:30:00",4157,0.591,0.45,0.457,0.415,0.36,0.49,0.626,0.64
"2018-08-05 02:00:00",4158,0.591,0.45,0.456,0.415,0.361,0.488,0.626,0.639
"2018-08-05 02:30:00",4159,0.59,0.449,0.456,0.414,0.36,0.486,0.625,0.638
"2018-08-05 03:00:00",4160,0.59,0.449,0.455,0.414,0.361,0.485,0.626,0.639
"2018-08-05 03:30:00",4161,0.59,0.448,0.454,0.413,0.361,0.484,0.626,0.637
"2018-08-05 04:00:00",4162,0.589,0.448,0.453,0.412,0.361,0.483,0.626,0.638
"2018-08-05 04:30:00",4163,0.589,0.447,0.453,0.412,0.361,0.482,0.626,0.639
"2018-08-05 05:00:00",4164,0.588,0.447,0.454,0.412,0.36,0.482,0.626,0.64
"2018-08-05 05:30:00",4165,0.587,0.446,0.453,0.411,0.36,0.482,0.626,0.64
"2018-08-05 06:00:00",4166,0.584,0.446,0.452,0.411,0.359,0.481,0.626,0.639
"2018-08-05 06:30:00",4167,0.58,0.445,0.451,0.411,0.358,0.48,0.626,0.639
"2018-08-05 07:00:00",4168,0.578,0.445,0.452,0.411,0.358,0.48,0.626,0.641
"2018-08-05 07:30:00",4169,0.576,0.445,0.453,0.41,0.357,0.482,0.626,0.64
"2018-08-05 08:00:00",4170,0.575,0.445,0.443,0.412,0.357,0.482,0.625,0.639
"2018-08-05 08:30:00",4171,0.568,0.449,0.411,0.412,0.356,0.462,0.623,0.639
"2018-08-05 09:00:00",4172,0.541,0.446,0.378,0.4,0.353,0.417,0.618,0.634
"2018-08-05 09:30:00",4173,0.504,0.425,0.351,0.373,0.336,0.377,0.61,0.632
"2018-08-05 10:00:00",4174,0.48,0.401,0.335,0.348,0.296,0.353,0.577,0.629
"2018-08-05 10:30:00",4175,0.463,0.382,0.327,0.333,0.264,0.341,0.537,0.624
"2018-08-05 11:00:00",4176,0.463,0.376,0.325,0.329,0.257,0.338,0.513,0.619
"2018-08-05 11:30:00",4177,0.462,0.374,0.326,0.326,0.252,0.335,0.503,0.614
"2018-08-05 12:00:00",4178,0.461,0.373,0.328,0.323,0.25,0.334,0.497,0.61
"2018-08-05 12:30:00",4179,0.472,0.383,0.34,0.333,0.258,0.345,0.505,0.608
"2018-08-05 13:00:00",4180,0.464,0.373,0.332,0.324,0.245,0.333,0.495,0.604
"2018-08-05 13:30:00",4181,0.469,0.377,0.338,0.329,0.246,0.339,0.497,0.601
"2018-08-05 14:00:00",4182,0.469,0.375,0.334,0.328,0.244,0.334,0.499,0.604
"2018-08-05 14:30:00",4183,0.47,0.374,0.333,0.327,0.241,0.333,0.496,0.604
"2018-08-05 15:00:00",4184,0.473,0.373,0.333,0.326,0.241,0.333,0.497,0.604
"2018-08-05 15:30:00",4185,0.476,0.376,0.34,0.328,0.243,0.335,0.499,0.606
"2018-08-05 16:00:00",4186,0.48,0.378,0.343,0.329,0.245,0.335,0.503,0.608
"2018-08-05 16:30:00",4187,0.484,0.383,0.345,0.33,0.246,0.337,0.507,0.612
"2018-08-05 17:00:00",4188,0.488,0.392,0.348,0.333,0.252,0.34,0.515,0.616
"2018-08-05 17:30:00",4189,0.502,0.411,0.36,0.345,0.27,0.351,0.532,0.619
"2018-08-05 18:00:00",4190,0.521,0.433,0.378,0.361,0.292,0.368,0.552,0.622
"2018-08-05 18:30:00",4191,0.539,0.451,0.396,0.373,0.308,0.392,0.568,0.626
"2018-08-05 19:00:00",4192,0.55,0.462,0.409,0.38,0.316,0.409,0.58,0.626
"2018-08-05 19:30:00",4193,0.571,0.474,0.436,0.394,0.328,0.444,0.594,0.629
"2018-08-05 20:00:00",4194,0.585,0.479,0.442,0.403,0.336,0.462,0.602,0.632
"2018-08-05 20:30:00",4195,0.591,0.475,0.444,0.407,0.341,0.471,0.609,0.631
"2018-08-05 21:00:00",4196,0.598,0.467,0.45,0.411,0.345,0.478,0.614,0.634
"2018-08-05 21:30:00",4197,0.603,0.462,0.455,0.411,0.347,0.48,0.617,0.635
"2018-08-05 22:00:00",4198,0.605,0.459,0.454,0.411,0.349,0.481,0.619,0.636
"2018-08-05 22:30:00",4199,0.607,0.458,0.455,0.411,0.35,0.481,0.621,0.637
"2018-08-05 23:00:00",4200,0.608,0.456,0.453,0.41,0.35,0.478,0.62,0.635
"2018-08-05 23:30:00",4201,0.609,0.456,0.451,0.41,0.351,0.48,0.622,0.639
"2018-08-06 00:00:00",4202,0.61,0.455,0.453,0.409,0.351,0.479,0.623,0.638
"2018-08-06 00:30:00",4203,0.611,0.455,0.451,0.41,0.352,0.48,0.624,0.64
"2018-08-06 01:00:00",4204,0.612,0.456,0.448,0.411,0.352,0.482,0.625,0.642
"2018-08-06 01:30:00",4205,0.613,0.456,0.449,0.411,0.353,0.482,0.626,0.643
"2018-08-06 02:00:00",4206,0.614,0.456,0.45,0.41,0.354,0.482,0.628,0.644
"2018-08-06 02:30:00",4207,0.615,0.456,0.451,0.407,0.355,0.483,0.627,0.643
"2018-08-06 03:00:00",4208,0.615,0.456,0.45,0.409,0.355,0.481,0.628,0.642
"2018-08-06 03:30:00",4209,0.616,0.456,0.453,0.409,0.355,0.48,0.627,0.643
"2018-08-06 04:00:00",4210,0.617,0.455,0.456,0.407,0.356,0.479,0.628,0.644
"2018-08-06 04:30:00",4211,0.617,0.454,0.457,0.406,0.355,0.479,0.629,0.645
"2018-08-06 05:00:00",4212,0.617,0.453,0.458,0.405,0.354,0.478,0.629,0.644
"2018-08-06 05:30:00",4213,0.617,0.452,0.459,0.405,0.354,0.478,0.629,0.644
"2018-08-06 06:00:00",4214,0.617,0.452,0.46,0.404,0.354,0.478,0.627,0.643
"2018-08-06 06:30:00",4215,0.617,0.452,0.461,0.402,0.354,0.477,0.625,0.642
"2018-08-06 07:00:00",4216,0.616,0.453,0.454,0.404,0.353,0.476,0.625,0.64
"2018-08-06 07:30:00",4217,0.615,0.454,0.445,0.405,0.353,0.475,0.627,0.643
"2018-08-06 08:00:00",4218,0.597,0.452,0.404,0.395,0.35,0.441,0.625,0.643
"2018-08-06 08:30:00",4219,0.564,0.438,0.371,0.373,0.342,0.396,0.62,0.641
"2018-08-06 09:00:00",4220,0.549,0.425,0.364,0.36,0.326,0.383,0.612,0.639
"2018-08-06 09:30:00",4221,0.532,0.408,0.348,0.345,0.302,0.362,0.593,0.637
"2018-08-06 10:00:00",4222,0.524,0.397,0.343,0.336,0.281,0.354,0.564,0.634
"2018-08-06 10:30:00",4223,0.519,0.392,0.338,0.33,0.27,0.347,0.541,0.63
"2018-08-06 11:00:00",4224,0.514,0.385,0.334,0.326,0.262,0.343,0.525,0.622
"2018-08-06 11:30:00",4225,0.508,0.38,0.33,0.321,0.254,0.339,0.512,0.616
"2018-08-06 12:00:00",4226,0.505,0.38,0.331,0.32,0.251,0.338,0.507,0.612
"2018-08-06 12:30:00",4227,0.503,0.378,0.332,0.318,0.249,0.336,0.502,0.607
"2018-08-06 13:00:00",4228,0.505,0.378,0.336,0.319,0.247,0.339,0.501,0.603
"2018-08-06 13:30:00",4229,0.504,0.377,0.334,0.319,0.243,0.336,0.501,0.604
"2018-08-06 14:00:00",4230,0.506,0.38,0.338,0.323,0.244,0.339,0.503,0.605
"2018-08-06 14:30:00",4231,0.503,0.378,0.336,0.322,0.241,0.336,0.502,0.606
"2018-08-06 15:00:00",4232,0.501,0.376,0.336,0.32,0.238,0.335,0.501,0.606
"2018-08-06 15:30:00",4233,0.502,0.375,0.339,0.32,0.237,0.335,0.502,0.607
"2018-08-06 16:00:00",4234,0.505,0.379,0.343,0.323,0.24,0.337,0.508,0.611
"2018-08-06 16:30:00",4235,0.517,0.394,0.358,0.335,0.256,0.353,0.522,0.614
"2018-08-06 17:00:00",4236,0.541,0.418,0.378,0.355,0.284,0.377,0.55,0.615
"2018-08-06 17:30:00",4237,0.549,0.427,0.381,0.36,0.293,0.383,0.568,0.622
"2018-08-06 18:00:00",4238,0.542,0.422,0.37,0.353,0.291,0.368,0.574,0.628
"2018-08-06 18:30:00",4239,0.534,0.416,0.361,0.346,0.285,0.357,0.57,0.628
"2018-08-06 19:00:00",4240,0.543,0.429,0.373,0.355,0.294,0.37,0.578,0.629
"2018-08-06 19:30:00",4241,0.565,0.448,0.398,0.373,0.311,0.403,0.588,0.63
"2018-08-06 20:00:00",4242,0.581,0.458,0.413,0.386,0.321,0.431,0.598,0.631
"2018-08-06 20:30:00",4243,0.592,0.459,0.422,0.395,0.327,0.453,0.606,0.633
"2018-08-06 21:00:00",4244,0.6,0.457,0.429,0.402,0.331,0.464,0.612,0.635
"2018-08-06 21:30:00",4245,0.608,0.456,0.436,0.405,0.335,0.471,0.615,0.636
"2018-08-06 22:00:00",4246,0.612,0.454,0.439,0.408,0.337,0.473,0.617,0.636
"2018-08-06 22:30:00",4247,0.615,0.454,0.44,0.409,0.338,0.473,0.62,0.638
"2018-08-06 23:00:00",4248,0.617,0.454,0.443,0.41,0.339,0.474,0.622,0.639
"2018-08-06 23:30:00",4249,0.619,0.453,0.446,0.411,0.34,0.474,0.623,0.64
"2018-08-07 00:00:00",4250,0.62,0.452,0.447,0.41,0.341,0.474,0.625,0.641
"2018-08-07 00:30:00",4251,0.621,0.452,0.447,0.408,0.342,0.474,0.625,0.642
"2018-08-07 01:00:00",4252,0.622,0.452,0.447,0.41,0.342,0.473,0.625,0.641
"2018-08-07 01:30:00",4253,0.622,0.452,0.447,0.411,0.342,0.472,0.625,0.64
"2018-08-07 02:00:00",4254,0.623,0.452,0.448,0.411,0.342,0.471,0.625,0.642
"2018-08-07 02:30:00",4255,0.623,0.451,0.449,0.411,0.342,0.47,0.625,0.641
"2018-08-07 03:00:00",4256,0.624,0.451,0.449,0.411,0.342,0.469,0.626,0.643
"2018-08-07 03:30:00",4257,0.624,0.45,0.448,0.41,0.342,0.469,0.626,0.643
"2018-08-07 04:00:00",4258,0.625,0.45,0.448,0.409,0.342,0.468,0.627,0.644
"2018-08-07 04:30:00",4259,0.624,0.449,0.448,0.409,0.341,0.467,0.627,0.644
"2018-08-07 05:00:00",4260,0.624,0.449,0.447,0.409,0.341,0.466,0.627,0.645
"2018-08-07 05:30:00",4261,0.624,0.448,0.447,0.408,0.341,0.466,0.626,0.643
"2018-08-07 06:00:00",4262,0.623,0.448,0.447,0.408,0.341,0.465,0.627,0.644
"2018-08-07 06:30:00",4263,0.623,0.447,0.446,0.408,0.34,0.464,0.626,0.642
"2018-08-07 07:00:00",4264,0.622,0.447,0.446,0.405,0.34,0.462,0.626,0.642
"2018-08-07 07:30:00",4265,0.622,0.447,0.446,0.405,0.339,0.462,0.626,0.641
"2018-08-07 08:00:00",4266,0.621,0.449,0.431,0.407,0.338,0.462,0.623,0.64
"2018-08-07 08:30:00",4267,0.603,0.448,0.388,0.4,0.336,0.435,0.621,0.639
"2018-08-07 09:00:00",4268,0.569,0.432,0.358,0.376,0.326,0.391,0.615,0.638
"2018-08-07 09:30:00",4269,0.548,0.411,0.342,0.355,0.3,0.367,0.602,0.635
"2018-08-07 10:00:00",4270,0.536,0.396,0.335,0.343,0.275,0.355,0.575,0.632
"2018-08-07 10:30:00",4271,0.527,0.386,0.328,0.334,0.258,0.347,0.543,0.629
"2018-08-07 11:00:00",4272,0.523,0.379,0.325,0.33,0.249,0.342,0.524,0.622
"2018-08-07 11:30:00",4273,0.517,0.372,0.319,0.325,0.242,0.337,0.509,0.615
"2018-08-07 12:00:00",4274,0.516,0.371,0.322,0.324,0.243,0.338,0.503,0.608
"2018-08-07 12:30:00",4275,0.514,0.371,0.324,0.324,0.239,0.338,0.499,0.602
"2018-08-07 13:00:00",4276,0.513,0.372,0.326,0.323,0.235,0.337,0.496,0.6
"2018-08-07 13:30:00",4277,0.513,0.373,0.328,0.324,0.233,0.339,0.497,0.599
"2018-08-07 14:00:00",4278,0.515,0.375,0.328,0.326,0.233,0.34,0.5,0.6
"2018-08-07 14:30:00",4279,0.512,0.374,0.326,0.325,0.232,0.339,0.499,0.601
"2018-08-07 15:00:00",4280,0.515,0.375,0.329,0.328,0.233,0.342,0.503,0.604
"2018-08-07 15:30:00",4281,0.523,0.386,0.339,0.335,0.243,0.352,0.515,0.608
"2018-08-07 16:00:00",4282,0.544,0.407,0.359,0.354,0.267,0.372,0.541,0.613
"2018-08-07 16:30:00",4283,0.556,0.42,0.369,0.363,0.28,0.385,0.561,0.618
"2018-08-07 17:00:00",4284,0.57,0.436,0.382,0.373,0.293,0.403,0.576,0.622
"2018-08-07 17:30:00",4285,0.579,0.445,0.39,0.378,0.302,0.418,0.586,0.624
"2018-08-07 18:00:00",4286,0.582,0.448,0.391,0.38,0.306,0.418,0.592,0.627
"2018-08-07 18:30:00",4287,0.585,0.448,0.393,0.383,0.304,0.419,0.598,0.632
"2018-08-07 19:00:00",4288,0.59,0.448,0.396,0.386,0.308,0.425,0.6,0.63
"2018-08-07 19:30:00",4289,0.599,0.452,0.412,0.392,0.314,0.441,0.609,0.634
"2018-08-07 20:00:00",4290,0.598,0.453,0.411,0.39,0.317,0.44,0.606,0.629
"2018-08-07 20:30:00",4291,0.588,0.452,0.4,0.378,0.316,0.432,0.612,0.635
"2018-08-07 21:00:00",4292,0.594,0.455,0.41,0.381,0.319,0.444,0.615,0.638
"2018-08-07 21:30:00",4293,0.605,0.457,0.422,0.391,0.323,0.458,0.618,0.641
"2018-08-07 22:00:00",4294,0.616,0.457,0.432,0.401,0.327,0.466,0.62,0.642
"2018-08-07 22:30:00",4295,0.624,0.456,0.437,0.405,0.33,0.468,0.621,0.643
"2018-08-07 23:00:00",4296,0.627,0.456,0.44,0.408,0.33,0.468,0.622,0.644
"2018-08-07 23:30:00",4297,0.63,0.455,0.442,0.41,0.332,0.467,0.623,0.642
"2018-08-08 00:00:00",4298,0.631,0.455,0.444,0.411,0.332,0.467,0.625,0.643
"2018-08-08 00:30:00",4299,0.631,0.454,0.444,0.412,0.332,0.466,0.625,0.642
"2018-08-08 01:00:00",4300,0.633,0.454,0.446,0.412,0.332,0.466,0.625,0.644
"2018-08-08 01:30:00",4301,0.633,0.454,0.448,0.412,0.332,0.466,0.626,0.644
"2018-08-08 02:00:00",4302,0.633,0.453,0.449,0.412,0.333,0.463,0.626,0.643
"2018-08-08 02:30:00",4303,0.634,0.452,0.45,0.412,0.333,0.461,0.627,0.642
"2018-08-08 03:00:00",4304,0.634,0.451,0.45,0.411,0.333,0.461,0.627,0.645
"2018-08-08 03:30:00",4305,0.633,0.45,0.45,0.41,0.332,0.46,0.627,0.644
"2018-08-08 04:00:00",4306,0.634,0.45,0.449,0.409,0.332,0.458,0.627,0.643
"2018-08-08 04:30:00",4307,0.634,0.449,0.449,0.409,0.332,0.457,0.626,0.642
"2018-08-08 05:00:00",4308,0.634,0.449,0.449,0.408,0.331,0.454,0.626,0.641
"2018-08-08 05:30:00",4309,0.633,0.448,0.449,0.408,0.331,0.454,0.627,0.641
"2018-08-08 06:00:00",4310,0.633,0.448,0.449,0.407,0.331,0.452,0.627,0.641
"2018-08-08 06:30:00",4311,0.632,0.447,0.448,0.406,0.33,0.452,0.627,0.642
"2018-08-08 07:00:00",4312,0.632,0.447,0.448,0.405,0.329,0.45,0.627,0.64
"2018-08-08 07:30:00",4313,0.631,0.447,0.443,0.406,0.328,0.453,0.625,0.641
"2018-08-08 08:00:00",4314,0.622,0.449,0.407,0.403,0.327,0.437,0.624,0.641
"2018-08-08 08:30:00",4315,0.588,0.438,0.365,0.382,0.322,0.392,0.62,0.638
"2018-08-08 09:00:00",4316,0.561,0.416,0.346,0.358,0.305,0.365,0.612,0.638
"2018-08-08 09:30:00",4317,0.545,0.396,0.334,0.34,0.274,0.348,0.59,0.635
"2018-08-08 10:00:00",4318,0.538,0.385,0.328,0.33,0.253,0.34,0.556,0.632
"2018-08-08 10:30:00",4319,0.532,0.377,0.323,0.324,0.239,0.335,0.528,0.626
"2018-08-08 11:00:00",4320,0.527,0.371,0.319,0.319,0.232,0.331,0.51,0.619
"2018-08-08 11:30:00",4321,0.524,0.369,0.319,0.316,0.23,0.33,0.501,0.61
"2018-08-08 12:00:00",4322,0.522,0.37,0.321,0.315,0.227,0.329,0.498,0.605
"2018-08-08 12:30:00",4323,0.524,0.372,0.324,0.316,0.225,0.331,0.497,0.602
"2018-08-08 13:00:00",4324,0.52,0.368,0.321,0.312,0.219,0.326,0.492,0.598
"2018-08-08 13:30:00",4325,0.524,0.374,0.326,0.318,0.224,0.332,0.497,0.601
"2018-08-08 14:00:00",4326,0.519,0.368,0.321,0.313,0.215,0.326,0.493,0.597
"2018-08-08 14:30:00",4327,0.52,0.369,0.322,0.314,0.215,0.328,0.492,0.598
"2018-08-08 15:00:00",4328,0.522,0.372,0.326,0.316,0.218,0.33,0.496,0.6
"2018-08-08 15:30:00",4329,0.527,0.38,0.333,0.32,0.224,0.334,0.507,0.605
"2018-08-08 16:00:00",4330,0.522,0.374,0.329,0.315,0.217,0.329,0.501,0.606
"2018-08-08 16:30:00",4331,0.525,0.379,0.338,0.317,0.22,0.333,0.507,0.609
"2018-08-08 17:00:00",4332,0.542,0.397,0.354,0.331,0.242,0.346,0.529,0.613
"2018-08-08 17:30:00",4333,0.54,0.397,0.352,0.328,0.245,0.341,0.537,0.62
"2018-08-08 18:00:00",4334,0.541,0.399,0.356,0.329,0.246,0.343,0.545,0.623
"2018-08-08 18:30:00",4335,0.549,0.411,0.364,0.334,0.258,0.349,0.556,0.624
"2018-08-08 19:00:00",4336,0.57,0.435,0.382,0.351,0.275,0.371,0.572,0.625
"2018-08-08 19:30:00",4337,0.594,0.453,0.409,0.37,0.291,0.407,0.592,0.628
"2018-08-08 20:00:00",4338,0.612,0.457,0.426,0.384,0.3,0.431,0.605,0.63
"2018-08-08 20:30:00",4339,0.619,0.455,0.426,0.389,0.305,0.439,0.612,0.633
"2018-08-08 21:00:00",4340,0.623,0.454,0.426,0.392,0.307,0.444,0.614,0.635
"2018-08-08 21:30:00",4341,0.626,0.452,0.428,0.394,0.309,0.447,0.618,0.635
"2018-08-08 22:00:00",4342,0.629,0.451,0.429,0.394,0.31,0.447,0.619,0.636
"2018-08-08 22:30:00",4343,0.63,0.45,0.429,0.394,0.31,0.446,0.62,0.637
"2018-08-08 23:00:00",4344,0.63,0.45,0.428,0.394,0.311,0.446,0.621,0.638
"2018-08-08 23:30:00",4345,0.629,0.449,0.423,0.393,0.31,0.445,0.621,0.639
"2018-08-09 00:00:00",4346,0.627,0.448,0.422,0.391,0.309,0.444,0.62,0.637
"2018-08-09 00:30:00",4347,0.627,0.447,0.424,0.39,0.308,0.443,0.62,0.637
"2018-08-09 01:00:00",4348,0.625,0.443,0.427,0.389,0.308,0.438,0.621,0.637
"2018-08-09 01:30:00",4349,0.506,0.361,0.352,0.318,0.254,0.352,0.624,0.638
"2018-08-09 02:00:00",4350,0.376,0.266,0.26,0.236,0.19,0.259,0.624,0.641
"2018-08-09 02:30:00",4351,0.371,0.262,0.256,0.231,0.186,0.254,0.625,0.639
"2018-08-09 03:00:00",4352,0.37,0.26,0.255,0.229,0.185,0.253,0.624,0.642
"2018-08-09 03:30:00",4353,0.369,0.259,0.254,0.229,0.184,0.251,0.626,0.636
"2018-08-09 04:00:00",4354,0.368,0.258,0.254,0.229,0.184,0.25,0.628,0.635
"2018-08-09 04:30:00",4355,0.366,0.257,0.252,0.228,0.184,0.25,0.628,0.635
"2018-08-09 05:00:00",4356,0.364,0.257,0.249,0.228,0.183,0.249,0.628,0.632
"2018-08-09 05:30:00",4357,0.362,0.256,0.244,0.227,0.182,0.249,0.627,0.637
"2018-08-09 06:00:00",4358,0.36,0.256,0.24,0.226,0.182,0.248,0.625,0.633
"2018-08-09 06:30:00",4359,0.358,0.255,0.238,0.225,0.182,0.247,0.625,0.632
"2018-08-09 07:00:00",4360,0.356,0.254,0.234,0.223,0.181,0.244,0.624,0.635
"2018-08-09 07:30:00",4361,0.349,0.251,0.22,0.218,0.179,0.232,0.62,0.631
"2018-08-09 08:00:00",4362,0.333,0.242,0.202,0.207,0.173,0.21,0.617,0.631
"2018-08-09 08:30:00",4363,0.318,0.229,0.19,0.196,0.162,0.195,0.608,0.631
"2018-08-09 09:00:00",4364,0.309,0.219,0.184,0.188,0.151,0.186,0.593,0.631
"2018-08-09 09:30:00",4365,0.302,0.211,0.179,0.181,0.14,0.18,0.567,0.625
"2018-08-22 12:30:00",4366,0.444,0.343,0.29,0.332,0.259,0.305,0.43,0.451
"2018-08-22 13:00:00",4367,0.472,0.363,0.301,0.354,0.273,0.32,0.457,0.503
"2018-08-22 13:30:00",4368,0.486,0.375,0.314,0.367,0.285,0.334,0.472,0.515
"2018-08-22 14:00:00",4369,0.495,0.38,0.32,0.372,0.292,0.337,0.484,0.524
"2018-08-22 14:30:00",4370,0.516,0.4,0.345,0.391,0.316,0.366,0.499,0.531
"2018-08-22 15:00:00",4371,0.541,0.423,0.367,0.413,0.344,0.388,0.52,0.536
"2018-08-22 15:30:00",4372,0.535,0.416,0.349,0.404,0.339,0.368,0.525,0.538
"2018-08-22 16:00:00",4373,0.529,0.406,0.34,0.397,0.327,0.359,0.524,0.54
"2018-08-22 16:30:00",4374,0.522,0.395,0.332,0.388,0.313,0.347,0.515,0.54
"2018-08-22 17:00:00",4375,0.52,0.391,0.328,0.384,0.308,0.341,0.509,0.54
"2018-08-22 17:30:00",4376,0.519,0.391,0.328,0.384,0.31,0.338,0.505,0.542
"2018-08-22 18:00:00",4377,0.52,0.391,0.331,0.382,0.302,0.338,0.502,0.544
"2018-08-22 18:30:00",4378,0.535,0.409,0.351,0.396,0.324,0.355,0.518,0.547
"2018-08-22 19:00:00",4379,0.555,0.43,0.374,0.419,0.343,0.385,0.533,0.549
"2018-08-22 19:30:00",4380,0.562,0.437,0.375,0.423,0.355,0.392,0.545,0.548
"2018-08-22 20:00:00",4381,0.564,0.439,0.372,0.419,0.359,0.387,0.551,0.549
"2018-08-22 20:30:00",4382,0.562,0.439,0.367,0.415,0.359,0.391,0.554,0.555
"2018-08-22 21:00:00",4383,0.556,0.438,0.358,0.409,0.354,0.387,0.556,0.558
"2018-08-22 21:30:00",4384,0.556,0.438,0.359,0.406,0.352,0.39,0.559,0.562
"2018-08-22 22:00:00",4385,0.558,0.44,0.358,0.406,0.353,0.391,0.559,0.564
"2018-08-22 22:30:00",4386,0.56,0.441,0.363,0.408,0.355,0.397,0.559,0.565
"2018-08-22 23:00:00",4387,0.562,0.444,0.366,0.412,0.358,0.4,0.561,0.567
"2018-08-22 23:30:00",4388,0.565,0.445,0.37,0.414,0.361,0.403,0.561,0.568
"2018-08-23 00:00:00",4389,0.569,0.446,0.371,0.417,0.365,0.404,0.564,0.568
"2018-08-23 00:30:00",4390,0.571,0.447,0.374,0.42,0.366,0.408,0.566,0.572
"2018-08-23 01:00:00",4391,0.573,0.448,0.378,0.424,0.369,0.412,0.567,0.574
"2018-08-23 01:30:00",4392,0.577,0.449,0.379,0.425,0.371,0.412,0.565,0.576
"2018-08-23 02:00:00",4393,0.578,0.448,0.376,0.425,0.371,0.413,0.566,0.578
"2018-08-23 02:30:00",4394,0.581,0.449,0.379,0.427,0.373,0.417,0.565,0.58
"2018-08-23 03:00:00",4395,0.586,0.45,0.385,0.434,0.376,0.424,0.565,0.58
"2018-08-23 03:30:00",4396,0.588,0.451,0.385,0.435,0.378,0.427,0.565,0.581
"2018-08-23 04:00:00",4397,0.59,0.451,0.387,0.438,0.379,0.431,0.565,0.581
"2018-08-23 04:30:00",4398,0.592,0.451,0.389,0.441,0.381,0.435,0.565,0.582
"2018-08-23 05:00:00",4399,0.595,0.451,0.393,0.445,0.383,0.44,0.565,0.584
"2018-08-23 05:30:00",4400,0.597,0.451,0.394,0.449,0.384,0.444,0.566,0.583
"2018-08-23 06:00:00",4401,0.6,0.451,0.397,0.451,0.385,0.448,0.566,0.585
"2018-08-23 06:30:00",4402,0.603,0.451,0.4,0.454,0.386,0.453,0.566,0.585
"2018-08-23 07:00:00",4403,0.604,0.45,0.396,0.455,0.386,0.453,0.566,0.586
"2018-08-23 07:30:00",4404,0.6,0.446,0.382,0.452,0.382,0.441,0.565,0.586
"2018-08-23 08:00:00",4405,0.591,0.438,0.365,0.445,0.373,0.418,0.564,0.587
"2018-08-23 08:30:00",4406,0.573,0.418,0.341,0.429,0.354,0.384,0.555,0.582
"2018-08-23 09:00:00",4407,0.561,0.402,0.328,0.415,0.334,0.366,0.539,0.581
"2018-08-23 09:30:00",4408,0.552,0.389,0.318,0.401,0.317,0.352,0.513,0.573
"2018-08-23 10:00:00",4409,0.544,0.378,0.31,0.389,0.301,0.34,0.492,0.568
"2018-08-23 10:30:00",4410,0.54,0.371,0.307,0.381,0.291,0.334,0.473,0.562
"2018-08-23 11:00:00",4411,0.536,0.368,0.307,0.377,0.284,0.33,0.461,0.556
"2018-08-23 11:30:00",4412,0.534,0.367,0.307,0.373,0.281,0.328,0.455,0.551
"2018-08-23 12:00:00",4413,0.531,0.365,0.304,0.368,0.275,0.325,0.447,0.546
"2018-08-23 12:30:00",4414,0.528,0.364,0.303,0.365,0.271,0.323,0.442,0.542
"2018-08-23 13:00:00",4415,0.529,0.365,0.305,0.365,0.269,0.327,0.439,0.54
"2018-08-23 13:30:00",4416,0.531,0.366,0.306,0.366,0.267,0.331,0.438,0.54
"2018-08-23 14:00:00",4417,0.531,0.368,0.307,0.369,0.265,0.332,0.439,0.541
"2018-08-23 14:30:00",4418,0.532,0.37,0.309,0.37,0.265,0.333,0.439,0.541
"2018-08-23 15:00:00",4419,0.533,0.372,0.311,0.373,0.266,0.334,0.443,0.545
"2018-08-23 15:30:00",4420,0.534,0.373,0.313,0.374,0.266,0.335,0.447,0.55
"2018-08-23 16:00:00",4421,0.537,0.376,0.316,0.377,0.268,0.337,0.45,0.553
"2018-08-23 16:30:00",4422,0.539,0.378,0.318,0.38,0.272,0.338,0.457,0.559
"2018-08-23 17:00:00",4423,0.54,0.38,0.32,0.382,0.273,0.34,0.461,0.562
"2018-08-23 17:30:00",4424,0.543,0.384,0.325,0.387,0.279,0.344,0.467,0.566
"2018-08-23 18:00:00",4425,0.548,0.393,0.335,0.395,0.295,0.35,0.487,0.573
"2018-08-23 18:30:00",4426,0.556,0.408,0.346,0.405,0.318,0.361,0.507,0.578
"2018-08-23 19:00:00",4427,0.567,0.424,0.356,0.416,0.337,0.374,0.523,0.582
"2018-08-23 19:30:00",4428,0.584,0.441,0.373,0.433,0.353,0.396,0.54,0.585
"2018-08-23 20:00:00",4429,0.601,0.453,0.393,0.452,0.366,0.427,0.553,0.589
"2018-08-23 20:30:00",4430,0.614,0.457,0.41,0.464,0.375,0.456,0.561,0.593
"2018-08-23 21:00:00",4431,0.622,0.456,0.425,0.468,0.38,0.475,0.566,0.597
"2018-08-23 21:30:00",4432,0.626,0.455,0.434,0.465,0.384,0.479,0.57,0.599
"2018-08-23 22:00:00",4433,0.628,0.453,0.437,0.464,0.386,0.478,0.572,0.598
"2018-08-23 22:30:00",4434,0.628,0.453,0.426,0.464,0.387,0.476,0.573,0.599
"2018-08-23 23:00:00",4435,0.63,0.454,0.431,0.464,0.388,0.478,0.576,0.604
"2018-08-23 23:30:00",4436,0.631,0.454,0.435,0.461,0.39,0.476,0.578,0.604
"2018-08-24 00:00:00",4437,0.632,0.454,0.436,0.46,0.39,0.475,0.577,0.604
"2018-08-24 00:30:00",4438,0.633,0.454,0.435,0.459,0.391,0.475,0.578,0.606
"2018-08-24 01:00:00",4439,0.634,0.454,0.438,0.458,0.391,0.475,0.578,0.608
"2018-08-24 01:30:00",4440,0.634,0.454,0.436,0.456,0.392,0.472,0.578,0.607
"2018-08-24 02:00:00",4441,0.634,0.455,0.432,0.454,0.392,0.472,0.578,0.607
"2018-08-24 02:30:00",4442,0.634,0.455,0.431,0.453,0.392,0.472,0.579,0.608
"2018-08-24 03:00:00",4443,0.634,0.456,0.429,0.452,0.393,0.471,0.579,0.608
"2018-08-24 03:30:00",4444,0.634,0.456,0.43,0.452,0.394,0.471,0.58,0.609
"2018-08-24 04:00:00",4445,0.633,0.456,0.427,0.45,0.394,0.47,0.58,0.608
"2018-08-24 04:30:00",4446,0.633,0.457,0.424,0.449,0.394,0.47,0.579,0.608
"2018-08-24 05:00:00",4447,0.633,0.457,0.426,0.45,0.393,0.471,0.579,0.61
"2018-08-24 05:30:00",4448,0.633,0.457,0.432,0.451,0.393,0.473,0.579,0.612
"2018-08-24 06:00:00",4449,0.633,0.456,0.438,0.45,0.393,0.472,0.579,0.612
"2018-08-24 06:30:00",4450,0.632,0.456,0.438,0.449,0.393,0.472,0.579,0.612
"2018-08-24 07:00:00",4451,0.631,0.456,0.439,0.449,0.392,0.473,0.58,0.614
"2018-08-24 07:30:00",4452,0.627,0.456,0.432,0.448,0.392,0.472,0.58,0.614
"2018-08-24 08:00:00",4453,0.617,0.455,0.39,0.442,0.391,0.446,0.579,0.613
"2018-08-24 08:30:00",4454,0.598,0.446,0.36,0.425,0.386,0.406,0.577,0.612
"2018-08-24 09:00:00",4455,0.578,0.428,0.341,0.403,0.373,0.378,0.569,0.611
"2018-08-24 09:30:00",4456,0.563,0.408,0.326,0.387,0.344,0.359,0.549,0.608
"2018-08-24 10:00:00",4457,0.554,0.394,0.319,0.376,0.315,0.348,0.52,0.608
"2018-08-24 10:30:00",4458,0.545,0.381,0.31,0.367,0.292,0.338,0.486,0.601
"2018-08-24 11:00:00",4459,0.539,0.373,0.308,0.359,0.279,0.334,0.466,0.596
"2018-08-24 11:30:00",4460,0.537,0.369,0.306,0.355,0.275,0.332,0.455,0.591
"2018-08-24 12:00:00",4461,0.535,0.365,0.305,0.351,0.269,0.329,0.449,0.586
"2018-08-24 12:30:00",4462,0.534,0.364,0.306,0.352,0.266,0.327,0.446,0.583
"2018-08-24 13:00:00",4463,0.532,0.362,0.305,0.35,0.262,0.326,0.442,0.58
"2018-08-24 13:30:00",4464,0.533,0.362,0.305,0.35,0.259,0.325,0.441,0.579
"2018-08-24 14:00:00",4465,0.537,0.364,0.309,0.352,0.259,0.326,0.44,0.576
"2018-08-24 14:30:00",4466,0.538,0.368,0.315,0.356,0.259,0.326,0.445,0.579
"2018-08-24 15:00:00",4467,0.539,0.375,0.317,0.357,0.258,0.327,0.447,0.581
"2018-08-24 15:30:00",4468,0.542,0.38,0.319,0.359,0.26,0.328,0.451,0.583
"2018-08-24 16:00:00",4469,0.544,0.384,0.322,0.361,0.264,0.33,0.455,0.588
"2018-08-24 16:30:00",4470,0.546,0.388,0.325,0.365,0.269,0.332,0.463,0.592
"2018-08-24 17:00:00",4471,0.548,0.392,0.328,0.368,0.275,0.334,0.473,0.597
"2018-08-24 17:30:00",4472,0.55,0.396,0.332,0.371,0.279,0.336,0.483,0.6
"2018-08-24 18:00:00",4473,0.552,0.404,0.337,0.377,0.291,0.339,0.493,0.598
"2018-08-24 18:30:00",4474,0.558,0.419,0.342,0.382,0.307,0.345,0.508,0.599
"2018-08-24 19:00:00",4475,0.568,0.439,0.351,0.391,0.327,0.357,0.523,0.601
"2018-08-24 19:30:00",4476,0.593,0.463,0.391,0.421,0.351,0.402,0.541,0.607
"2018-08-24 20:00:00",4477,0.609,0.468,0.406,0.439,0.363,0.43,0.553,0.612
"2018-08-24 20:30:00",4478,0.619,0.468,0.415,0.451,0.372,0.449,0.561,0.614
"2018-08-24 21:00:00",4479,0.625,0.467,0.419,0.457,0.377,0.462,0.567,0.617
"2018-08-24 21:30:00",4480,0.63,0.465,0.427,0.462,0.381,0.472,0.571,0.619
"2018-08-24 22:00:00",4481,0.633,0.463,0.432,0.464,0.383,0.477,0.574,0.621
"2018-08-24 22:30:00",4482,0.635,0.462,0.434,0.461,0.385,0.478,0.575,0.622
"2018-08-24 23:00:00",4483,0.637,0.46,0.437,0.459,0.387,0.479,0.578,0.623
"2018-08-24 23:30:00",4484,0.638,0.459,0.439,0.458,0.388,0.479,0.579,0.625
"2018-08-25 00:00:00",4485,0.639,0.458,0.441,0.459,0.389,0.479,0.581,0.629
"2018-08-25 00:30:00",4486,0.64,0.457,0.439,0.461,0.39,0.476,0.581,0.627
"2018-08-25 01:00:00",4487,0.64,0.456,0.435,0.463,0.391,0.475,0.58,0.627
"2018-08-25 01:30:00",4488,0.64,0.456,0.433,0.464,0.391,0.474,0.581,0.626
"2018-08-25 02:00:00",4489,0.64,0.456,0.436,0.466,0.391,0.473,0.581,0.625
"2018-08-25 02:30:00",4490,0.64,0.455,0.439,0.466,0.391,0.472,0.581,0.625
"2018-08-25 03:00:00",4491,0.64,0.454,0.442,0.466,0.39,0.47,0.581,0.626
"2018-08-25 03:30:00",4492,0.639,0.453,0.444,0.464,0.39,0.47,0.581,0.627
"2018-08-25 04:00:00",4493,0.638,0.452,0.444,0.464,0.389,0.469,0.58,0.626
"2018-08-25 04:30:00",4494,0.636,0.451,0.445,0.462,0.389,0.47,0.581,0.629
"2018-08-25 05:00:00",4495,0.632,0.451,0.445,0.457,0.388,0.469,0.582,0.628
"2018-08-25 05:30:00",4496,0.627,0.45,0.444,0.451,0.388,0.467,0.581,0.628
"2018-08-25 06:00:00",4497,0.62,0.45,0.444,0.447,0.388,0.465,0.581,0.627
"2018-08-25 06:30:00",4498,0.613,0.449,0.444,0.445,0.388,0.465,0.579,0.627
"2018-08-25 07:00:00",4499,0.607,0.449,0.444,0.444,0.387,0.465,0.58,0.627
"2018-08-25 07:30:00",4500,0.602,0.448,0.444,0.442,0.387,0.465,0.58,0.627
"2018-08-25 08:00:00",4501,0.599,0.448,0.445,0.441,0.387,0.465,0.58,0.626
"2018-08-25 08:30:00",4502,0.594,0.449,0.425,0.442,0.386,0.46,0.579,0.624
"2018-08-25 09:00:00",4503,0.571,0.441,0.354,0.42,0.381,0.395,0.577,0.623
"2018-08-25 09:30:00",4504,0.538,0.408,0.324,0.388,0.344,0.355,0.553,0.618
"2018-08-25 10:00:00",4505,0.539,0.388,0.313,0.373,0.305,0.342,0.517,0.612
"2018-08-25 10:30:00",4506,0.541,0.379,0.309,0.365,0.29,0.335,0.488,0.609
"2018-08-25 11:00:00",4507,0.54,0.374,0.308,0.362,0.282,0.333,0.47,0.601
"2018-08-25 11:30:00",4508,0.54,0.373,0.31,0.362,0.278,0.335,0.466,0.6
"2018-08-25 12:00:00",4509,0.545,0.378,0.313,0.365,0.283,0.339,0.473,0.606
"2018-08-25 12:30:00",4510,0.548,0.38,0.315,0.366,0.283,0.343,0.474,0.606
"2018-08-25 13:00:00",4511,0.542,0.372,0.308,0.358,0.276,0.333,0.464,0.603
"2018-08-25 13:30:00",4512,0.54,0.367,0.307,0.352,0.271,0.329,0.457,0.598
"2018-08-25 14:00:00",4513,0.538,0.364,0.305,0.347,0.265,0.324,0.45,0.595
"2018-08-25 14:30:00",4514,0.541,0.365,0.308,0.348,0.264,0.326,0.451,0.594
"2018-08-25 15:00:00",4515,0.544,0.369,0.31,0.351,0.266,0.326,0.458,0.597
"2018-08-25 15:30:00",4516,0.545,0.371,0.312,0.352,0.265,0.327,0.46,0.598
"2018-08-25 16:00:00",4517,0.548,0.374,0.313,0.354,0.267,0.329,0.465,0.602
"2018-08-25 16:30:00",4518,0.549,0.377,0.315,0.355,0.27,0.329,0.471,0.604
"2018-08-25 17:00:00",4519,0.552,0.381,0.318,0.359,0.276,0.332,0.479,0.606
"2018-08-25 17:30:00",4520,0.556,0.387,0.324,0.363,0.286,0.335,0.491,0.611
"2018-08-25 18:00:00",4521,0.561,0.396,0.333,0.37,0.301,0.342,0.504,0.612
"2018-08-25 18:30:00",4522,0.566,0.409,0.34,0.375,0.319,0.346,0.518,0.613
"2018-08-25 19:00:00",4523,0.574,0.424,0.348,0.38,0.332,0.353,0.53,0.613
"2018-08-25 19:30:00",4524,0.585,0.436,0.357,0.388,0.344,0.364,0.541,0.616
"2018-08-25 20:00:00",4525,0.604,0.45,0.39,0.411,0.358,0.412,0.553,0.619
"2018-08-25 20:30:00",4526,0.619,0.459,0.409,0.428,0.369,0.445,0.562,0.622
"2018-08-25 21:00:00",4527,0.628,0.462,0.417,0.436,0.375,0.458,0.569,0.624
"2018-08-25 21:30:00",4528,0.633,0.462,0.425,0.44,0.38,0.466,0.573,0.627
"2018-08-25 22:00:00",4529,0.637,0.461,0.432,0.444,0.382,0.472,0.576,0.63
"2018-08-25 22:30:00",4530,0.639,0.46,0.434,0.446,0.384,0.472,0.578,0.63
"2018-08-25 23:00:00",4531,0.64,0.459,0.433,0.446,0.385,0.472,0.579,0.63
"2018-08-25 23:30:00",4532,0.64,0.458,0.434,0.446,0.386,0.47,0.579,0.629
"2018-08-26 00:00:00",4533,0.641,0.458,0.432,0.446,0.387,0.471,0.581,0.631
"2018-08-26 00:30:00",4534,0.641,0.457,0.434,0.446,0.388,0.471,0.582,0.632
"2018-08-26 01:00:00",4535,0.642,0.457,0.435,0.446,0.389,0.471,0.582,0.632
"2018-08-26 01:30:00",4536,0.643,0.455,0.438,0.445,0.389,0.47,0.582,0.634
"2018-08-26 02:00:00",4537,0.643,0.454,0.441,0.444,0.389,0.471,0.584,0.635
"2018-08-26 02:30:00",4538,0.643,0.453,0.441,0.442,0.389,0.468,0.583,0.635
"2018-08-26 03:00:00",4539,0.642,0.452,0.441,0.441,0.39,0.466,0.583,0.635
"2018-08-26 03:30:00",4540,0.641,0.452,0.442,0.44,0.39,0.465,0.584,0.635
"2018-08-26 04:00:00",4541,0.64,0.452,0.442,0.44,0.39,0.464,0.584,0.635
"2018-08-26 04:30:00",4542,0.637,0.451,0.443,0.439,0.389,0.464,0.584,0.635
"2018-08-26 05:00:00",4543,0.632,0.45,0.444,0.438,0.389,0.464,0.583,0.634
"2018-08-26 05:30:00",4544,0.628,0.449,0.444,0.437,0.388,0.464,0.582,0.633
"2018-08-26 06:00:00",4545,0.621,0.448,0.443,0.437,0.387,0.462,0.581,0.632
"2018-08-26 06:30:00",4546,0.614,0.448,0.443,0.436,0.387,0.461,0.58,0.631
"2018-08-26 07:00:00",4547,0.608,0.447,0.442,0.435,0.386,0.46,0.581,0.632
"2018-08-26 07:30:00",4548,0.603,0.446,0.442,0.434,0.385,0.461,0.581,0.632
"2018-08-26 08:00:00",4549,0.598,0.447,0.43,0.436,0.385,0.463,0.581,0.631
"2018-08-26 08:30:00",4550,0.59,0.449,0.382,0.436,0.384,0.435,0.577,0.629
"2018-08-26 09:00:00",4551,0.564,0.433,0.344,0.413,0.375,0.383,0.57,0.628
"2018-08-26 09:30:00",4552,0.54,0.403,0.321,0.384,0.338,0.349,0.55,0.626
"2018-08-26 10:00:00",4553,0.541,0.385,0.31,0.366,0.303,0.335,0.516,0.624
"2018-08-26 10:30:00",4554,0.54,0.375,0.306,0.358,0.286,0.329,0.486,0.619
"2018-08-26 11:00:00",4555,0.538,0.369,0.303,0.352,0.276,0.326,0.468,0.615
"2018-08-26 11:30:00",4556,0.539,0.368,0.302,0.351,0.276,0.326,0.459,0.61
"2018-08-26 12:00:00",4557,0.536,0.365,0.299,0.346,0.265,0.323,0.452,0.602
"2018-08-26 12:30:00",4558,0.538,0.365,0.301,0.348,0.266,0.325,0.449,0.6
"2018-08-26 13:00:00",4559,0.538,0.365,0.301,0.347,0.264,0.325,0.447,0.597
"2018-08-26 13:30:00",4560,0.538,0.364,0.301,0.346,0.259,0.324,0.445,0.594
"2018-08-26 14:00:00",4561,0.541,0.365,0.304,0.347,0.258,0.324,0.446,0.592
"2018-08-26 14:30:00",4562,0.543,0.367,0.307,0.349,0.259,0.325,0.448,0.594
"2018-08-26 15:00:00",4563,0.544,0.369,0.309,0.351,0.26,0.326,0.453,0.597
"2018-08-26 15:30:00",4564,0.546,0.373,0.312,0.353,0.263,0.327,0.456,0.598
"2018-08-26 16:00:00",4565,0.548,0.376,0.313,0.354,0.265,0.327,0.461,0.6
"2018-08-26 16:30:00",4566,0.549,0.378,0.314,0.354,0.267,0.328,0.466,0.602
"2018-08-26 17:00:00",4567,0.552,0.383,0.318,0.358,0.273,0.33,0.474,0.605
"2018-08-26 17:30:00",4568,0.557,0.391,0.323,0.363,0.284,0.333,0.487,0.609
"2018-08-26 18:00:00",4569,0.562,0.402,0.331,0.369,0.301,0.34,0.503,0.612
"2018-08-26 18:30:00",4570,0.57,0.418,0.343,0.379,0.319,0.349,0.517,0.616
"2018-08-26 19:00:00",4571,0.585,0.44,0.361,0.395,0.336,0.366,0.532,0.616
"2018-08-26 19:30:00",4572,0.601,0.454,0.383,0.411,0.349,0.399,0.545,0.618
"2018-08-26 20:00:00",4573,0.612,0.46,0.396,0.423,0.359,0.426,0.555,0.618
"2018-08-26 20:30:00",4574,0.621,0.462,0.408,0.432,0.365,0.449,0.563,0.621
"2018-08-26 21:00:00",4575,0.626,0.462,0.412,0.437,0.369,0.459,0.568,0.622
"2018-08-26 21:30:00",4576,0.63,0.461,0.418,0.44,0.373,0.465,0.571,0.626
"2018-08-26 22:00:00",4577,0.632,0.459,0.418,0.442,0.375,0.468,0.574,0.628
"2018-08-26 22:30:00",4578,0.634,0.458,0.422,0.443,0.377,0.469,0.576,0.629
"2018-08-26 23:00:00",4579,0.636,0.456,0.426,0.444,0.379,0.47,0.578,0.629
"2018-08-26 23:30:00",4580,0.637,0.455,0.43,0.443,0.38,0.47,0.578,0.63
"2018-08-27 00:00:00",4581,0.638,0.454,0.433,0.443,0.381,0.471,0.58,0.632
"2018-08-27 00:30:00",4582,0.638,0.453,0.435,0.444,0.381,0.471,0.581,0.633
"2018-08-27 01:00:00",4583,0.638,0.451,0.436,0.443,0.382,0.469,0.581,0.631
"2018-08-27 01:30:00",4584,0.638,0.451,0.436,0.443,0.382,0.469,0.582,0.632
"2018-08-27 02:00:00",4585,0.638,0.45,0.436,0.444,0.382,0.47,0.582,0.634
"2018-08-27 02:30:00",4586,0.637,0.45,0.437,0.444,0.382,0.47,0.581,0.633
"2018-08-27 03:00:00",4587,0.637,0.449,0.436,0.444,0.383,0.469,0.582,0.632
"2018-08-27 03:30:00",4588,0.636,0.449,0.436,0.444,0.383,0.467,0.581,0.63
"2018-08-27 04:00:00",4589,0.635,0.449,0.435,0.444,0.383,0.466,0.58,0.628
"2018-08-27 04:30:00",4590,0.634,0.449,0.435,0.445,0.383,0.466,0.581,0.627
"2018-08-27 05:00:00",4591,0.632,0.449,0.437,0.445,0.383,0.467,0.582,0.631
"2018-08-27 05:30:00",4592,0.63,0.448,0.439,0.443,0.383,0.466,0.582,0.631
"2018-08-27 06:00:00",4593,0.625,0.446,0.438,0.441,0.383,0.463,0.581,0.629
"2018-08-27 06:30:00",4594,0.623,0.445,0.438,0.44,0.383,0.462,0.58,0.627
"2018-08-27 07:00:00",4595,0.62,0.445,0.437,0.439,0.383,0.461,0.58,0.627
"2018-08-27 07:30:00",4596,0.611,0.445,0.437,0.439,0.383,0.464,0.58,0.629
"2018-08-27 08:00:00",4597,0.601,0.447,0.423,0.441,0.383,0.464,0.581,0.631
"2018-08-27 08:30:00",4598,0.587,0.446,0.379,0.432,0.381,0.431,0.578,0.629
"2018-08-27 09:00:00",4599,0.561,0.428,0.346,0.408,0.365,0.386,0.568,0.624
"2018-08-27 09:30:00",4600,0.551,0.406,0.329,0.388,0.335,0.36,0.548,0.623
"2018-08-27 10:00:00",4601,0.552,0.394,0.321,0.377,0.313,0.352,0.522,0.625
"2018-08-27 10:30:00",4602,0.547,0.384,0.313,0.369,0.296,0.344,0.495,0.626
"2018-08-27 11:00:00",4603,0.542,0.372,0.307,0.362,0.283,0.335,0.474,0.615
"2018-08-27 11:30:00",4604,0.54,0.371,0.307,0.362,0.277,0.335,0.464,0.609
"2018-08-27 12:00:00",4605,0.544,0.374,0.31,0.364,0.28,0.337,0.468,0.609
"2018-08-27 12:30:00",4606,0.543,0.371,0.307,0.362,0.277,0.334,0.463,0.607
"2018-08-27 13:00:00",4607,0.539,0.364,0.302,0.354,0.266,0.328,0.452,0.603
"2018-08-27 13:30:00",4608,0.542,0.367,0.305,0.357,0.268,0.332,0.454,0.601
"2018-08-27 14:00:00",4609,0.541,0.365,0.303,0.355,0.263,0.328,0.452,0.599
"2018-08-27 14:30:00",4610,0.544,0.368,0.304,0.356,0.264,0.329,0.456,0.603
"2018-08-27 15:00:00",4611,0.545,0.371,0.307,0.359,0.267,0.331,0.46,0.604
"2018-08-27 15:30:00",4612,0.549,0.376,0.312,0.362,0.273,0.333,0.469,0.607
"2018-08-27 16:00:00",4613,0.55,0.378,0.314,0.362,0.276,0.332,0.474,0.609
"2018-08-27 16:30:00",4614,0.551,0.381,0.317,0.363,0.278,0.335,0.478,0.61
"2018-08-27 17:00:00",4615,0.555,0.387,0.323,0.367,0.288,0.338,0.488,0.612
"2018-08-27 17:30:00",4616,0.559,0.392,0.328,0.37,0.297,0.341,0.499,0.614
"2018-08-27 18:00:00",4617,0.565,0.402,0.337,0.377,0.31,0.349,0.511,0.619
"2018-08-27 18:30:00",4618,0.577,0.419,0.352,0.389,0.328,0.364,0.526,0.621
"2018-08-27 19:00:00",4619,0.59,0.437,0.369,0.402,0.344,0.389,0.54,0.621
"2018-08-27 19:30:00",4620,0.607,0.452,0.391,0.419,0.356,0.427,0.554,0.625
"2018-08-27 20:00:00",4621,0.618,0.458,0.406,0.429,0.364,0.451,0.563,0.627
"2018-08-27 20:30:00",4622,0.624,0.459,0.413,0.434,0.369,0.461,0.567,0.629
"2018-08-27 21:00:00",4623,0.627,0.459,0.418,0.437,0.372,0.465,0.571,0.627
"2018-08-27 21:30:00",4624,0.63,0.458,0.425,0.44,0.375,0.467,0.575,0.628
"2018-08-27 22:00:00",4625,0.632,0.456,0.43,0.44,0.377,0.467,0.578,0.628
"2018-08-27 22:30:00",4626,0.633,0.453,0.432,0.439,0.378,0.467,0.58,0.632
"2018-08-27 23:00:00",4627,0.633,0.45,0.432,0.438,0.379,0.467,0.581,0.633
"2018-08-27 23:30:00",4628,0.634,0.449,0.432,0.44,0.38,0.468,0.582,0.634
"2018-08-28 00:00:00",4629,0.634,0.449,0.432,0.442,0.381,0.468,0.582,0.633
"2018-08-28 00:30:00",4630,0.634,0.448,0.432,0.443,0.382,0.47,0.582,0.635
"2018-08-28 01:00:00",4631,0.634,0.448,0.432,0.445,0.382,0.471,0.582,0.636
"2018-08-28 01:30:00",4632,0.634,0.447,0.434,0.444,0.383,0.471,0.583,0.637
"2018-08-28 02:00:00",4633,0.634,0.446,0.434,0.445,0.383,0.47,0.583,0.635
"2018-08-28 02:30:00",4634,0.633,0.446,0.435,0.447,0.383,0.469,0.583,0.634
"2018-08-28 03:00:00",4635,0.632,0.446,0.435,0.447,0.384,0.47,0.583,0.634
"2018-08-28 03:30:00",4636,0.631,0.446,0.434,0.447,0.384,0.47,0.583,0.633
"2018-08-28 04:00:00",4637,0.63,0.447,0.434,0.448,0.385,0.471,0.583,0.634
"2018-08-28 04:30:00",4638,0.629,0.446,0.436,0.447,0.385,0.471,0.583,0.635
"2018-08-28 05:00:00",4639,0.628,0.446,0.437,0.446,0.385,0.471,0.583,0.637
"2018-08-28 05:30:00",4640,0.623,0.445,0.437,0.444,0.385,0.469,0.583,0.637
"2018-08-28 06:00:00",4641,0.617,0.444,0.436,0.442,0.385,0.468,0.584,0.636
"2018-08-28 06:30:00",4642,0.607,0.444,0.435,0.44,0.386,0.466,0.584,0.637
"2018-08-28 07:00:00",4643,0.598,0.443,0.435,0.438,0.386,0.466,0.584,0.637
"2018-08-28 07:30:00",4644,0.59,0.443,0.435,0.436,0.386,0.466,0.585,0.638
"2018-08-28 08:00:00",4645,0.585,0.444,0.43,0.439,0.386,0.47,0.584,0.638
"2018-08-28 08:30:00",4646,0.582,0.446,0.395,0.44,0.386,0.449,0.583,0.638
"2018-08-28 09:00:00",4647,0.564,0.44,0.355,0.42,0.382,0.398,0.579,0.634
"2018-08-28 09:30:00",4648,0.543,0.417,0.332,0.394,0.359,0.367,0.562,0.632
"2018-08-28 10:00:00",4649,0.54,0.396,0.321,0.378,0.324,0.352,0.531,0.629
"2018-08-28 10:30:00",4650,0.54,0.382,0.312,0.368,0.302,0.342,0.496,0.625
"2018-08-28 11:00:00",4651,0.537,0.372,0.307,0.36,0.29,0.336,0.475,0.621
"2018-08-28 11:30:00",4652,0.535,0.366,0.302,0.356,0.279,0.33,0.464,0.614
"2018-08-28 12:00:00",4653,0.534,0.366,0.301,0.354,0.273,0.33,0.456,0.608
"2018-08-28 12:30:00",4654,0.534,0.362,0.299,0.353,0.268,0.328,0.451,0.604
"2018-08-28 13:00:00",4655,0.536,0.36,0.299,0.353,0.265,0.328,0.448,0.599
"2018-08-28 13:30:00",4656,0.54,0.364,0.305,0.359,0.268,0.335,0.451,0.597
"2018-08-28 14:00:00",4657,0.546,0.375,0.313,0.369,0.278,0.342,0.465,0.602
"2018-08-28 14:30:00",4658,0.553,0.384,0.317,0.376,0.29,0.345,0.479,0.61
"2018-08-28 15:00:00",4659,0.553,0.383,0.315,0.373,0.292,0.345,0.485,0.613
"2018-08-28 15:30:00",4660,0.546,0.373,0.307,0.364,0.277,0.335,0.474,0.613
"2018-08-28 16:00:00",4661,0.546,0.374,0.308,0.363,0.276,0.333,0.474,0.614
"2018-08-28 16:30:00",4662,0.545,0.375,0.308,0.361,0.276,0.331,0.474,0.614
"2018-08-28 17:00:00",4663,0.547,0.38,0.313,0.362,0.279,0.334,0.48,0.616
"2018-08-28 17:30:00",4664,0.554,0.389,0.322,0.371,0.296,0.34,0.493,0.618
"2018-08-28 18:00:00",4665,0.56,0.4,0.332,0.38,0.309,0.348,0.507,0.622
"2018-08-28 18:30:00",4666,0.568,0.414,0.344,0.388,0.325,0.358,0.523,0.624
"2018-08-28 19:00:00",4667,0.581,0.435,0.362,0.402,0.342,0.38,0.538,0.626
"2018-08-28 19:30:00",4668,0.599,0.452,0.384,0.42,0.356,0.416,0.553,0.626
"2018-08-28 20:00:00",4669,0.612,0.462,0.402,0.433,0.366,0.446,0.564,0.629
"2018-08-28 20:30:00",4670,0.621,0.465,0.415,0.439,0.372,0.461,0.571,0.631
"2018-08-28 21:00:00",4671,0.626,0.466,0.424,0.441,0.377,0.469,0.575,0.633
"2018-08-28 21:30:00",4672,0.629,0.465,0.429,0.44,0.379,0.469,0.578,0.633
"2018-08-28 22:00:00",4673,0.63,0.459,0.431,0.439,0.381,0.467,0.58,0.634
"2018-08-28 22:30:00",4674,0.631,0.455,0.431,0.439,0.382,0.466,0.582,0.636
"2018-08-28 23:00:00",4675,0.631,0.452,0.431,0.439,0.383,0.467,0.582,0.638
"2018-08-28 23:30:00",4676,0.631,0.45,0.43,0.44,0.384,0.466,0.583,0.637
"2018-08-29 00:00:00",4677,0.632,0.45,0.43,0.442,0.385,0.467,0.584,0.639
"2018-08-29 00:30:00",4678,0.632,0.45,0.43,0.443,0.386,0.467,0.585,0.639
"2018-08-29 01:00:00",4679,0.632,0.449,0.428,0.444,0.387,0.466,0.584,0.637
"2018-08-29 01:30:00",4680,0.632,0.45,0.427,0.445,0.388,0.465,0.584,0.637
"2018-08-29 02:00:00",4681,0.633,0.45,0.43,0.446,0.388,0.465,0.585,0.638
"2018-08-29 02:30:00",4682,0.633,0.449,0.434,0.446,0.389,0.464,0.585,0.637
"2018-08-29 03:00:00",4683,0.633,0.448,0.436,0.445,0.389,0.464,0.586,0.64
"2018-08-29 03:30:00",4684,0.632,0.447,0.437,0.444,0.389,0.462,0.587,0.641
"2018-08-29 04:00:00",4685,0.631,0.446,0.437,0.443,0.39,0.46,0.586,0.64
"2018-08-29 04:30:00",4686,0.628,0.446,0.437,0.442,0.389,0.458,0.587,0.64
"2018-08-29 05:00:00",4687,0.625,0.446,0.437,0.442,0.39,0.458,0.587,0.641
"2018-08-29 05:30:00",4688,0.621,0.446,0.438,0.443,0.39,0.459,0.588,0.641
"2018-08-29 06:00:00",4689,0.609,0.445,0.438,0.442,0.39,0.459,0.589,0.642
"2018-08-29 06:30:00",4690,0.597,0.444,0.437,0.441,0.39,0.457,0.588,0.641
"2018-08-29 07:00:00",4691,0.591,0.444,0.437,0.44,0.39,0.455,0.587,0.641
"2018-08-29 07:30:00",4692,0.585,0.444,0.435,0.441,0.39,0.457,0.586,0.641
"2018-08-29 08:00:00",4693,0.581,0.446,0.406,0.443,0.39,0.446,0.584,0.639
"2018-08-29 08:30:00",4694,0.568,0.441,0.363,0.43,0.387,0.404,0.582,0.637
"2018-08-29 09:00:00",4695,0.543,0.419,0.336,0.403,0.368,0.364,0.573,0.634
"2018-08-29 09:30:00",4696,0.538,0.398,0.323,0.383,0.338,0.345,0.55,0.634
"2018-08-29 10:00:00",4697,0.541,0.387,0.316,0.373,0.316,0.338,0.52,0.632
"2018-08-29 10:30:00",4698,0.539,0.378,0.311,0.366,0.301,0.33,0.496,0.628
"2018-08-29 11:00:00",4699,0.536,0.37,0.307,0.362,0.289,0.326,0.479,0.62
"2018-08-29 11:30:00",4700,0.535,0.368,0.304,0.358,0.282,0.323,0.469,0.617
"2018-08-29 12:00:00",4701,0.533,0.365,0.3,0.354,0.275,0.32,0.457,0.61
"2018-08-29 12:30:00",4702,0.533,0.359,0.297,0.351,0.266,0.317,0.45,0.602
"2018-08-29 13:00:00",4703,0.535,0.358,0.298,0.353,0.265,0.318,0.448,0.6
"2018-08-29 13:30:00",4704,0.536,0.359,0.298,0.354,0.262,0.318,0.448,0.598
"2018-08-29 14:00:00",4705,0.539,0.362,0.302,0.359,0.267,0.322,0.452,0.596
"2018-08-29 14:30:00",4706,0.545,0.374,0.309,0.366,0.279,0.328,0.467,0.604
"2018-08-29 15:00:00",4707,0.544,0.375,0.308,0.365,0.278,0.326,0.47,0.607
"2018-08-29 15:30:00",4708,0.545,0.377,0.309,0.365,0.277,0.325,0.475,0.611
"2018-08-29 16:00:00",4709,0.545,0.378,0.31,0.362,0.276,0.324,0.473,0.611
"2018-08-29 16:30:00",4710,0.545,0.379,0.311,0.362,0.276,0.323,0.476,0.611
"2018-08-29 17:00:00",4711,0.547,0.385,0.315,0.364,0.28,0.325,0.483,0.615
"2018-08-29 17:30:00",4712,0.556,0.401,0.328,0.375,0.294,0.338,0.495,0.617
"2018-08-29 18:00:00",4713,0.566,0.415,0.339,0.386,0.316,0.344,0.516,0.62
"2018-08-29 18:30:00",4714,0.568,0.425,0.345,0.386,0.326,0.349,0.527,0.624
"2018-08-29 19:00:00",4715,0.574,0.438,0.349,0.392,0.338,0.354,0.538,0.626
"2018-08-29 19:30:00",4716,0.59,0.456,0.373,0.409,0.351,0.385,0.551,0.628
"2018-08-29 20:00:00",4717,0.606,0.468,0.396,0.427,0.364,0.421,0.564,0.629
"2018-08-29 20:30:00",4718,0.618,0.473,0.413,0.439,0.373,0.446,0.572,0.632
"2018-08-29 21:00:00",4719,0.624,0.474,0.417,0.443,0.377,0.453,0.578,0.633
"2018-08-29 21:30:00",4720,0.627,0.475,0.421,0.444,0.38,0.457,0.581,0.637
"2018-08-29 22:00:00",4721,0.628,0.472,0.421,0.446,0.383,0.459,0.583,0.639
"2018-08-29 22:30:00",4722,0.63,0.465,0.421,0.446,0.384,0.46,0.584,0.64
"2018-08-29 23:00:00",4723,0.63,0.461,0.421,0.446,0.386,0.461,0.585,0.641
"2018-08-29 23:30:00",4724,0.63,0.458,0.419,0.446,0.387,0.461,0.586,0.642
"2018-08-30 00:00:00",4725,0.63,0.457,0.416,0.445,0.387,0.46,0.586,0.641
"2018-08-30 00:30:00",4726,0.628,0.457,0.412,0.444,0.383,0.46,0.586,0.641
"2018-08-30 01:00:00",4727,0.626,0.456,0.41,0.443,0.39,0.46,0.584,0.638
"2018-08-30 01:30:00",4728,0.625,0.456,0.41,0.443,0.393,0.459,0.585,0.637
"2018-08-30 02:00:00",4729,0.625,0.456,0.41,0.442,0.389,0.46,0.585,0.637
"2018-08-30 02:30:00",4730,0.625,0.456,0.412,0.442,0.388,0.46,0.586,0.64
"2018-08-30 03:00:00",4731,0.626,0.456,0.418,0.443,0.389,0.461,0.587,0.64
"2018-08-30 03:30:00",4732,0.628,0.456,0.421,0.444,0.39,0.461,0.587,0.641
"2018-08-30 04:00:00",4733,0.629,0.456,0.425,0.445,0.391,0.461,0.588,0.641
"2018-08-30 04:30:00",4734,0.627,0.455,0.428,0.445,0.392,0.461,0.588,0.639
"2018-08-30 05:00:00",4735,0.618,0.454,0.43,0.445,0.392,0.461,0.589,0.64
"2018-08-30 05:30:00",4736,0.599,0.453,0.432,0.444,0.393,0.46,0.588,0.638
"2018-08-30 06:00:00",4737,0.587,0.454,0.431,0.445,0.393,0.46,0.588,0.637
"2018-08-30 06:30:00",4738,0.583,0.454,0.432,0.444,0.393,0.461,0.588,0.639
"2018-08-30 07:00:00",4739,0.581,0.453,0.434,0.445,0.393,0.46,0.589,0.639
"2018-08-30 07:30:00",4740,0.576,0.453,0.426,0.445,0.393,0.457,0.589,0.639
"2018-08-30 08:00:00",4741,0.564,0.45,0.39,0.439,0.39,0.433,0.587,0.642
"2018-08-30 08:30:00",4742,0.534,0.425,0.34,0.407,0.369,0.373,0.576,0.642
"2018-08-30 09:00:00",4743,0.513,0.397,0.32,0.382,0.333,0.345,0.552,0.639
"2018-08-30 09:30:00",4744,0.507,0.382,0.311,0.37,0.311,0.335,0.518,0.632
"2018-08-30 10:00:00",4745,0.503,0.369,0.302,0.358,0.292,0.326,0.484,0.616
"2018-08-30 10:30:00",4746,0.506,0.368,0.303,0.358,0.286,0.324,0.476,0.618
"2018-08-30 11:00:00",4747,0.507,0.364,0.3,0.354,0.281,0.321,0.463,0.608
"2018-08-30 11:30:00",4748,0.508,0.36,0.297,0.35,0.273,0.317,0.452,0.597
"2018-08-30 12:00:00",4749,0.513,0.362,0.298,0.35,0.273,0.317,0.449,0.593
"2018-08-30 12:30:00",4750,0.515,0.362,0.299,0.35,0.271,0.316,0.448,0.589
"2018-08-30 13:00:00",4751,0.515,0.365,0.303,0.351,0.271,0.317,0.448,0.589
"2018-08-30 13:30:00",4752,0.516,0.367,0.306,0.353,0.27,0.318,0.448,0.59
"2018-08-30 14:00:00",4753,0.517,0.371,0.31,0.356,0.272,0.32,0.45,0.592
"2018-08-30 14:30:00",4754,0.519,0.375,0.312,0.359,0.274,0.322,0.455,0.595
"2018-08-30 15:00:00",4755,0.519,0.38,0.313,0.36,0.274,0.322,0.458,0.598
"2018-08-30 15:30:00",4756,0.519,0.384,0.314,0.361,0.274,0.322,0.46,0.598
"2018-08-30 16:00:00",4757,0.521,0.387,0.316,0.362,0.277,0.323,0.464,0.6
"2018-08-30 16:30:00",4758,0.523,0.393,0.318,0.365,0.279,0.324,0.472,0.602
"2018-08-30 17:00:00",4759,0.525,0.397,0.32,0.367,0.281,0.325,0.479,0.605
"2018-08-30 17:30:00",4760,0.526,0.402,0.323,0.37,0.285,0.327,0.485,0.608
"2018-08-30 18:00:00",4761,0.529,0.408,0.328,0.374,0.292,0.331,0.496,0.613
"2018-08-30 18:30:00",4762,0.536,0.421,0.336,0.382,0.302,0.341,0.513,0.62
"2018-08-30 19:00:00",4763,0.557,0.451,0.369,0.405,0.336,0.373,0.54,0.624
"2018-08-30 19:30:00",4764,0.573,0.471,0.391,0.423,0.358,0.4,0.559,0.628
"2018-08-30 20:00:00",4765,0.588,0.483,0.407,0.437,0.369,0.429,0.571,0.632
"2018-08-30 20:30:00",4766,0.597,0.489,0.415,0.447,0.375,0.445,0.577,0.634
"2018-08-30 21:00:00",4767,0.603,0.491,0.422,0.452,0.379,0.455,0.582,0.638
"2018-08-30 21:30:00",4768,0.607,0.491,0.424,0.455,0.381,0.458,0.584,0.638
"2018-08-30 22:00:00",4769,0.609,0.491,0.427,0.458,0.383,0.46,0.586,0.639
"2018-08-30 22:30:00",4770,0.611,0.49,0.43,0.459,0.383,0.461,0.588,0.64
"2018-08-30 23:00:00",4771,0.612,0.489,0.431,0.46,0.383,0.46,0.588,0.639
"2018-08-30 23:30:00",4772,0.612,0.486,0.432,0.461,0.383,0.459,0.589,0.639
"2018-08-31 00:00:00",4773,0.612,0.474,0.429,0.46,0.383,0.46,0.586,0.639
"2018-08-31 00:30:00",4774,0.612,0.468,0.428,0.461,0.383,0.461,0.587,0.639
"2018-08-31 01:00:00",4775,0.611,0.465,0.426,0.462,0.382,0.462,0.588,0.641
"2018-08-31 01:30:00",4776,0.611,0.463,0.428,0.463,0.382,0.461,0.589,0.64
"2018-08-31 02:00:00",4777,0.61,0.462,0.427,0.463,0.382,0.46,0.589,0.64
"2018-08-31 02:30:00",4778,0.61,0.457,0.433,0.46,0.383,0.46,0.585,0.638
"2018-08-31 03:00:00",4779,0.612,0.457,0.435,0.458,0.383,0.458,0.587,0.639
"2018-08-31 03:30:00",4780,0.611,0.455,0.434,0.458,0.381,0.459,0.59,0.638
"2018-08-31 04:00:00",4781,0.606,0.453,0.432,0.457,0.381,0.457,0.592,0.643
"2018-08-31 04:30:00",4782,0.598,0.452,0.432,0.457,0.38,0.455,0.592,0.643
"2018-08-31 05:00:00",4783,0.591,0.45,0.432,0.457,0.379,0.452,0.592,0.644
"2018-08-31 05:30:00",4784,0.576,0.449,0.432,0.456,0.379,0.452,0.591,0.643
"2018-08-31 06:00:00",4785,0.562,0.448,0.432,0.456,0.378,0.452,0.592,0.644
"2018-08-31 06:30:00",4786,0.552,0.446,0.431,0.453,0.378,0.45,0.591,0.643
"2018-08-31 07:00:00",4787,0.544,0.446,0.431,0.449,0.377,0.449,0.591,0.643
"2018-08-31 07:30:00",4788,0.539,0.446,0.431,0.445,0.377,0.45,0.592,0.644
"2018-08-31 08:00:00",4789,0.538,0.446,0.432,0.443,0.377,0.45,0.591,0.644
"2018-08-31 08:30:00",4790,0.537,0.449,0.413,0.444,0.377,0.446,0.591,0.643
"2018-08-31 09:00:00",4791,0.533,0.452,0.401,0.442,0.377,0.436,0.589,0.64
"2018-08-31 09:30:00",4792,0.513,0.436,0.36,0.419,0.367,0.388,0.579,0.638
"2018-08-31 10:00:00",4793,0.492,0.407,0.333,0.392,0.337,0.355,0.56,0.632
"2018-08-31 10:30:00",4794,0.488,0.392,0.324,0.382,0.314,0.344,0.539,0.63
"2018-08-31 11:00:00",4795,0.486,0.381,0.314,0.372,0.296,0.332,0.517,0.631
"2018-08-31 11:30:00",4796,0.483,0.372,0.306,0.362,0.285,0.324,0.49,0.625
"2018-08-31 12:00:00",4797,0.486,0.374,0.308,0.363,0.284,0.326,0.484,0.622
