"TOA5","CR1000-SALT","CR1000","86631","CR1000.Std.31.03","CPU:Sapflow_SERC.CR1","8974","Table1"
"TIMESTAMP","RECORD","DiffVolt_Avg(1)","DiffVolt_Avg(2)","DiffVolt_Avg(3)","DiffVolt_Avg(4)","DiffVolt_Avg(5)","DiffVolt_Avg(6)","DiffVolt_Avg(7)","DiffVolt_Avg(8)"
"TS","RN","mV","mV","mV","mV","mV","mV","mV","mV"
"","","Avg","Avg","Avg","Avg","Avg","Avg","Avg","Avg"
"2018-07-16 17:30:00",3229,0.444,0.463,0.458,0.401,0.3,0.416,0.543,0.602
"2018-07-16 18:00:00",3230,0.457,0.476,0.475,0.41,0.317,0.426,0.559,0.606
"2018-07-16 18:30:00",3231,0.484,0.499,0.509,0.424,0.34,0.453,0.584,0.613
"2018-07-16 19:00:00",3232,0.502,0.512,0.529,0.428,0.354,0.478,0.594,0.617
"2018-07-16 19:30:00",3233,0.514,0.521,0.543,0.431,0.361,0.5,0.608,0.622
"2018-07-16 20:00:00",3234,0.528,0.528,0.556,0.434,0.368,0.52,0.617,0.627
"2018-07-16 20:30:00",3235,0.538,0.532,0.566,0.437,0.373,0.532,0.623,0.63
"2018-07-16 21:00:00",3236,0.545,0.533,0.573,0.437,0.376,0.548,0.627,0.632
"2018-07-16 21:30:00",3237,0.547,0.533,0.575,0.436,0.377,0.553,0.627,0.63
"2018-07-16 22:00:00",3238,0.543,0.533,0.577,0.436,0.378,0.556,0.63,0.632
"2018-07-16 22:30:00",3239,0.539,0.532,0.578,0.434,0.378,0.558,0.631,0.634
"2018-07-16 23:00:00",3240,0.536,0.531,0.578,0.433,0.378,0.558,0.631,0.635
"2018-07-16 23:30:00",3241,0.534,0.53,0.577,0.433,0.378,0.558,0.632,0.637
"2018-07-17 00:00:00",3242,0.533,0.529,0.577,0.432,0.379,0.558,0.633,0.636
"2018-07-17 00:30:00",3243,0.532,0.528,0.579,0.433,0.379,0.558,0.634,0.637
"2018-07-17 01:00:00",3244,0.532,0.527,0.58,0.434,0.379,0.559,0.635,0.638
"2018-07-17 01:30:00",3245,0.532,0.527,0.58,0.434,0.38,0.56,0.636,0.64
"2018-07-17 02:00:00",3246,0.532,0.526,0.581,0.434,0.38,0.561,0.636,0.64
"2018-07-17 02:30:00",3247,0.532,0.525,0.581,0.434,0.381,0.561,0.636,0.641
"2018-07-17 03:00:00",3248,0.532,0.524,0.581,0.435,0.381,0.562,0.637,0.642
"2018-07-17 03:30:00",3249,0.531,0.523,0.581,0.435,0.381,0.563,0.637,0.641
"2018-07-17 04:00:00",3250,0.531,0.522,0.582,0.436,0.381,0.563,0.638,0.641
"2018-07-17 04:30:00",3251,0.531,0.521,0.582,0.436,0.382,0.563,0.637,0.64
"2018-07-17 05:00:00",3252,0.531,0.52,0.581,0.435,0.382,0.564,0.638,0.64
"2018-07-17 05:30:00",3253,0.53,0.518,0.58,0.435,0.382,0.564,0.638,0.64
"2018-07-17 06:00:00",3254,0.53,0.516,0.58,0.436,0.382,0.564,0.639,0.641
"2018-07-17 06:30:00",3255,0.53,0.515,0.578,0.435,0.382,0.564,0.639,0.642
"2018-07-17 07:00:00",3256,0.527,0.515,0.563,0.437,0.382,0.556,0.638,0.642
"2018-07-17 07:30:00",3257,0.51,0.511,0.524,0.429,0.381,0.521,0.635,0.641
"2018-07-17 08:00:00",3258,0.491,0.502,0.504,0.416,0.379,0.493,0.632,0.641
"2018-07-17 08:30:00",3259,0.458,0.477,0.472,0.397,0.368,0.452,0.626,0.64
"2018-07-17 09:00:00",3260,0.433,0.455,0.451,0.378,0.34,0.426,0.607,0.637
"2018-07-17 09:30:00",3261,0.424,0.445,0.447,0.371,0.312,0.417,0.583,0.633
"2018-07-17 10:00:00",3262,0.433,0.451,0.456,0.38,0.317,0.42,0.58,0.63
"2018-07-17 10:30:00",3263,0.415,0.437,0.438,0.365,0.296,0.406,0.554,0.626
"2018-07-17 11:00:00",3264,0.406,0.43,0.433,0.358,0.281,0.401,0.533,0.618
"2018-07-17 11:30:00",3265,0.403,0.428,0.432,0.357,0.276,0.399,0.522,0.61
"2018-07-17 12:00:00",3266,0.404,0.43,0.432,0.358,0.274,0.399,0.517,0.605
"2018-07-17 12:30:00",3267,0.406,0.433,0.431,0.363,0.273,0.398,0.515,0.601
"2018-07-17 13:00:00",3268,0.412,0.438,0.434,0.37,0.274,0.4,0.517,0.6
"2018-07-17 13:30:00",3269,0.415,0.443,0.435,0.376,0.276,0.402,0.517,0.598
"2018-07-17 14:00:00",3270,0.419,0.447,0.437,0.382,0.28,0.402,0.523,0.598
"2018-07-17 14:30:00",3271,0.439,0.465,0.452,0.398,0.305,0.415,0.546,0.605
"2018-07-17 15:00:00",3272,0.432,0.461,0.443,0.392,0.297,0.407,0.544,0.609
"2018-07-17 15:30:00",3273,0.454,0.477,0.467,0.407,0.318,0.426,0.559,0.612
"2018-07-17 16:00:00",3274,0.478,0.491,0.498,0.416,0.34,0.46,0.568,0.611
"2018-07-17 16:30:00",3275,0.503,0.513,0.536,0.427,0.364,0.516,0.556,0.61
"2018-07-17 17:00:00",3276,0.513,0.525,0.548,0.436,0.372,0.545,0.576,0.614
"2018-07-17 17:30:00",3277,0.514,0.522,0.553,0.437,0.375,0.557,0.58,0.616
"2018-07-17 18:00:00",3278,0.508,0.52,0.557,0.439,0.376,0.561,0.583,0.615
"2018-07-17 18:30:00",3279,0.502,0.518,0.557,0.439,0.376,0.562,0.593,0.616
"2018-07-17 19:00:00",3280,0.497,0.518,0.555,0.44,0.376,0.56,0.601,0.619
"2018-07-17 19:30:00",3281,0.495,0.518,0.56,0.442,0.378,0.563,0.604,0.62
"2018-07-17 20:00:00",3282,0.494,0.516,0.563,0.442,0.378,0.564,0.603,0.62
"2018-07-17 20:30:00",3283,0.494,0.513,0.565,0.441,0.378,0.565,0.605,0.623
"2018-07-17 21:00:00",3284,0.491,0.511,0.565,0.44,0.379,0.562,0.605,0.625
"2018-07-17 21:30:00",3285,0.49,0.509,0.564,0.438,0.379,0.561,0.604,0.625
"2018-07-17 22:00:00",3286,0.488,0.507,0.56,0.437,0.379,0.561,0.607,0.627
"2018-07-17 22:30:00",3287,0.487,0.504,0.552,0.437,0.379,0.56,0.606,0.629
"2018-07-17 23:00:00",3288,0.486,0.502,0.542,0.435,0.379,0.558,0.606,0.63
"2018-07-17 23:30:00",3289,0.486,0.5,0.537,0.435,0.379,0.558,0.61,0.631
"2018-07-18 00:00:00",3290,0.485,0.499,0.529,0.433,0.379,0.558,0.607,0.632
"2018-07-18 00:30:00",3291,0.485,0.497,0.529,0.433,0.379,0.555,0.608,0.629
"2018-07-18 01:00:00",3292,0.486,0.496,0.528,0.434,0.38,0.556,0.609,0.632
"2018-07-18 01:30:00",3293,0.487,0.496,0.529,0.435,0.381,0.558,0.613,0.636
"2018-07-18 02:00:00",3294,0.488,0.496,0.529,0.435,0.382,0.56,0.614,0.64
"2018-07-18 02:30:00",3295,0.488,0.495,0.53,0.436,0.383,0.559,0.618,0.639
"2018-07-18 03:00:00",3296,0.49,0.494,0.53,0.436,0.385,0.56,0.62,0.641
"2018-07-18 03:30:00",3297,0.491,0.492,0.531,0.436,0.385,0.56,0.622,0.642
"2018-07-18 04:00:00",3298,0.492,0.489,0.532,0.437,0.386,0.561,0.624,0.643
"2018-07-18 04:30:00",3299,0.493,0.486,0.532,0.436,0.387,0.563,0.626,0.644
"2018-07-18 05:00:00",3300,0.495,0.482,0.531,0.438,0.389,0.564,0.63,0.645
"2018-07-18 05:30:00",3301,0.496,0.479,0.531,0.439,0.389,0.564,0.633,0.646
"2018-07-18 06:00:00",3302,0.496,0.475,0.531,0.44,0.391,0.563,0.636,0.643
"2018-07-18 06:30:00",3303,0.497,0.473,0.528,0.44,0.392,0.562,0.637,0.643
"2018-07-18 07:00:00",3304,0.494,0.474,0.508,0.438,0.391,0.556,0.637,0.644
"2018-07-18 07:30:00",3305,0.483,0.473,0.474,0.426,0.386,0.531,0.636,0.647
"2018-07-18 08:00:00",3306,0.461,0.463,0.448,0.414,0.381,0.492,0.637,0.646
"2018-07-18 08:30:00",3307,0.429,0.438,0.421,0.393,0.366,0.452,0.634,0.644
"2018-07-18 09:00:00",3308,0.41,0.418,0.406,0.376,0.345,0.431,0.621,0.643
"2018-07-18 09:30:00",3309,0.395,0.402,0.393,0.359,0.318,0.416,0.595,0.636
"2018-07-18 10:00:00",3310,0.387,0.392,0.387,0.35,0.297,0.406,0.57,0.631
"2018-07-18 10:30:00",3311,0.381,0.387,0.392,0.344,0.286,0.399,0.548,0.622
"2018-07-18 11:00:00",3312,0.376,0.383,0.391,0.34,0.279,0.395,0.535,0.612
"2018-07-18 11:30:00",3313,0.375,0.383,0.391,0.344,0.278,0.394,0.526,0.606
"2018-07-18 12:00:00",3314,0.373,0.383,0.39,0.347,0.275,0.393,0.517,0.601
"2018-07-18 12:30:00",3315,0.373,0.385,0.391,0.35,0.274,0.393,0.514,0.597
"2018-07-18 13:00:00",3316,0.372,0.388,0.389,0.351,0.271,0.392,0.507,0.59
"2018-07-18 13:30:00",3317,0.372,0.39,0.39,0.355,0.27,0.392,0.507,0.588
"2018-07-18 14:00:00",3318,0.374,0.392,0.391,0.36,0.269,0.393,0.506,0.59
"2018-07-18 14:30:00",3319,0.374,0.394,0.392,0.36,0.269,0.393,0.505,0.59
"2018-07-18 15:00:00",3320,0.381,0.401,0.397,0.365,0.275,0.397,0.511,0.594
"2018-07-18 15:30:00",3321,0.379,0.403,0.396,0.366,0.272,0.395,0.515,0.599
"2018-07-18 16:00:00",3322,0.381,0.403,0.396,0.364,0.271,0.395,0.512,0.598
"2018-07-18 16:30:00",3323,0.386,0.407,0.399,0.366,0.272,0.396,0.514,0.6
"2018-07-18 17:00:00",3324,0.389,0.412,0.402,0.367,0.274,0.396,0.519,0.604
"2018-07-18 17:30:00",3325,0.396,0.421,0.408,0.373,0.281,0.4,0.536,0.613
"2018-07-18 18:00:00",3326,0.404,0.429,0.411,0.375,0.291,0.402,0.545,0.617
"2018-07-18 18:30:00",3327,0.413,0.441,0.42,0.378,0.304,0.407,0.557,0.621
"2018-07-18 19:00:00",3328,0.421,0.456,0.425,0.379,0.318,0.409,0.565,0.622
"2018-07-18 19:30:00",3329,0.433,0.47,0.439,0.382,0.333,0.419,0.576,0.623
"2018-07-18 20:00:00",3330,0.458,0.485,0.468,0.401,0.351,0.446,0.593,0.624
"2018-07-18 20:30:00",3331,0.476,0.497,0.493,0.418,0.363,0.483,0.609,0.628
"2018-07-18 21:00:00",3332,0.49,0.503,0.514,0.43,0.372,0.52,0.621,0.63
"2018-07-18 21:30:00",3333,0.498,0.506,0.525,0.436,0.377,0.538,0.627,0.632
"2018-07-18 22:00:00",3334,0.502,0.507,0.532,0.44,0.38,0.549,0.631,0.635
"2018-07-18 22:30:00",3335,0.505,0.507,0.537,0.441,0.382,0.552,0.633,0.634
"2018-07-18 23:00:00",3336,0.508,0.507,0.539,0.442,0.384,0.554,0.635,0.637
"2018-07-18 23:30:00",3337,0.509,0.506,0.539,0.442,0.385,0.556,0.636,0.642
"2018-07-19 00:00:00",3338,0.511,0.506,0.54,0.442,0.386,0.556,0.638,0.643
"2018-07-19 00:30:00",3339,0.512,0.505,0.542,0.443,0.387,0.556,0.638,0.644
"2018-07-19 01:00:00",3340,0.512,0.505,0.544,0.443,0.388,0.557,0.639,0.645
"2018-07-19 01:30:00",3341,0.512,0.504,0.545,0.442,0.389,0.557,0.64,0.646
"2018-07-19 02:00:00",3342,0.513,0.504,0.545,0.442,0.39,0.557,0.64,0.647
"2018-07-19 02:30:00",3343,0.514,0.503,0.548,0.443,0.39,0.56,0.641,0.649
"2018-07-19 03:00:00",3344,0.515,0.502,0.549,0.443,0.391,0.559,0.642,0.648
"2018-07-19 03:30:00",3345,0.516,0.501,0.548,0.443,0.392,0.558,0.642,0.648
"2018-07-19 04:00:00",3346,0.516,0.5,0.546,0.443,0.392,0.559,0.642,0.649
"2018-07-19 04:30:00",3347,0.514,0.499,0.543,0.443,0.391,0.561,0.642,0.65
"2018-07-19 05:00:00",3348,0.514,0.498,0.541,0.443,0.391,0.562,0.643,0.65
"2018-07-19 05:30:00",3349,0.513,0.497,0.542,0.443,0.391,0.563,0.643,0.65
"2018-07-19 06:00:00",3350,0.513,0.497,0.54,0.443,0.391,0.563,0.643,0.65
"2018-07-19 06:30:00",3351,0.511,0.497,0.524,0.441,0.39,0.562,0.642,0.649
"2018-07-19 07:00:00",3352,0.495,0.49,0.47,0.426,0.384,0.53,0.641,0.646
"2018-07-19 07:30:00",3353,0.455,0.471,0.435,0.4,0.366,0.472,0.639,0.646
"2018-07-19 08:00:00",3354,0.443,0.458,0.437,0.39,0.356,0.468,0.634,0.646
"2018-07-19 08:30:00",3355,0.414,0.428,0.41,0.369,0.324,0.431,0.615,0.643
"2018-07-19 09:00:00",3356,0.396,0.412,0.406,0.349,0.3,0.411,0.572,0.627
"2018-07-19 09:30:00",3357,0.387,0.406,0.403,0.345,0.286,0.402,0.544,0.617
"2018-07-19 10:00:00",3358,0.382,0.402,0.401,0.345,0.276,0.399,0.527,0.614
"2018-07-19 10:30:00",3359,0.38,0.401,0.401,0.347,0.273,0.397,0.516,0.608
"2018-07-19 11:00:00",3360,0.375,0.401,0.4,0.348,0.27,0.395,0.507,0.6
"2018-07-19 11:30:00",3361,0.374,0.4,0.4,0.351,0.27,0.395,0.502,0.593
"2018-07-19 12:00:00",3362,0.378,0.4,0.403,0.355,0.271,0.396,0.504,0.596
"2018-07-19 12:30:00",3363,0.38,0.402,0.404,0.357,0.272,0.397,0.504,0.595
"2018-07-19 13:00:00",3364,0.381,0.403,0.403,0.359,0.271,0.396,0.5,0.591
"2018-07-19 13:30:00",3365,0.382,0.403,0.402,0.36,0.269,0.396,0.501,0.59
"2018-07-19 14:00:00",3366,0.384,0.404,0.402,0.363,0.268,0.396,0.502,0.591
"2018-07-19 14:30:00",3367,0.388,0.409,0.404,0.367,0.27,0.398,0.512,0.601
"2018-07-19 15:00:00",3368,0.391,0.411,0.403,0.366,0.27,0.398,0.513,0.605
"2018-07-19 15:30:00",3369,0.395,0.411,0.404,0.366,0.271,0.398,0.514,0.606
"2018-07-19 16:00:00",3370,0.4,0.415,0.408,0.37,0.272,0.4,0.519,0.609
"2018-07-19 16:30:00",3371,0.403,0.416,0.41,0.37,0.272,0.398,0.523,0.613
"2018-07-19 17:00:00",3372,0.408,0.422,0.412,0.372,0.275,0.4,0.53,0.618
"2018-07-19 17:30:00",3373,0.412,0.427,0.416,0.375,0.281,0.402,0.538,0.621
"2018-07-19 18:00:00",3374,0.418,0.434,0.422,0.378,0.29,0.404,0.547,0.624
"2018-07-19 18:30:00",3375,0.425,0.445,0.43,0.38,0.302,0.408,0.558,0.626
"2018-07-19 19:00:00",3376,0.435,0.461,0.439,0.383,0.318,0.412,0.568,0.627
"2018-07-19 19:30:00",3377,0.457,0.478,0.46,0.394,0.338,0.425,0.581,0.627
"2018-07-19 20:00:00",3378,0.477,0.49,0.481,0.408,0.352,0.452,0.595,0.63
"2018-07-19 20:30:00",3379,0.491,0.501,0.507,0.422,0.363,0.492,0.61,0.633
"2018-07-19 21:00:00",3380,0.501,0.507,0.526,0.432,0.371,0.523,0.621,0.637
"2018-07-19 21:30:00",3381,0.508,0.51,0.537,0.437,0.376,0.539,0.628,0.64
"2018-07-19 22:00:00",3382,0.513,0.512,0.544,0.44,0.38,0.548,0.632,0.642
"2018-07-19 22:30:00",3383,0.516,0.512,0.55,0.441,0.382,0.553,0.635,0.644
"2018-07-19 23:00:00",3384,0.518,0.512,0.552,0.442,0.383,0.555,0.636,0.645
"2018-07-19 23:30:00",3385,0.519,0.511,0.556,0.442,0.385,0.558,0.638,0.647
"2018-07-20 00:00:00",3386,0.52,0.51,0.557,0.442,0.385,0.558,0.639,0.647
"2018-07-20 00:30:00",3387,0.521,0.509,0.559,0.442,0.385,0.559,0.639,0.646
"2018-07-20 01:00:00",3388,0.521,0.507,0.56,0.441,0.385,0.557,0.639,0.644
"2018-07-20 01:30:00",3389,0.521,0.506,0.561,0.441,0.384,0.558,0.64,0.645
"2018-07-20 02:00:00",3390,0.521,0.506,0.562,0.442,0.384,0.559,0.64,0.646
"2018-07-20 02:30:00",3391,0.521,0.505,0.563,0.441,0.384,0.56,0.64,0.647
"2018-07-20 03:00:00",3392,0.522,0.505,0.564,0.441,0.385,0.56,0.64,0.647
"2018-07-20 03:30:00",3393,0.522,0.504,0.564,0.441,0.385,0.559,0.64,0.647
"2018-07-20 04:00:00",3394,0.522,0.503,0.564,0.441,0.385,0.559,0.641,0.647
"2018-07-20 04:30:00",3395,0.522,0.501,0.565,0.441,0.386,0.558,0.642,0.647
"2018-07-20 05:00:00",3396,0.522,0.501,0.566,0.441,0.386,0.56,0.642,0.649
"2018-07-20 05:30:00",3397,0.522,0.5,0.564,0.44,0.385,0.559,0.641,0.647
"2018-07-20 06:00:00",3398,0.522,0.499,0.56,0.439,0.385,0.559,0.641,0.648
"2018-07-20 06:30:00",3399,0.521,0.498,0.555,0.439,0.385,0.559,0.642,0.648
"2018-07-20 07:00:00",3400,0.521,0.496,0.55,0.439,0.385,0.56,0.643,0.649
"2018-07-20 07:30:00",3401,0.518,0.494,0.526,0.441,0.385,0.557,0.643,0.647
"2018-07-20 08:00:00",3402,0.504,0.492,0.49,0.437,0.384,0.532,0.643,0.648
"2018-07-20 08:30:00",3403,0.476,0.478,0.465,0.42,0.379,0.492,0.64,0.644
"2018-07-20 09:00:00",3404,0.441,0.45,0.435,0.394,0.361,0.448,0.629,0.641
"2018-07-20 09:30:00",3405,0.422,0.43,0.419,0.378,0.33,0.427,0.606,0.637
"2018-07-20 10:00:00",3406,0.41,0.418,0.413,0.368,0.301,0.417,0.578,0.633
"2018-07-20 10:30:00",3407,0.401,0.41,0.409,0.358,0.286,0.408,0.552,0.627
"2018-07-20 11:00:00",3408,0.399,0.408,0.411,0.355,0.281,0.406,0.536,0.618
"2018-07-20 11:30:00",3409,0.395,0.404,0.407,0.351,0.278,0.402,0.528,0.615
"2018-07-20 12:00:00",3410,0.389,0.403,0.404,0.346,0.271,0.398,0.518,0.611
"2018-07-20 12:30:00",3411,0.386,0.401,0.401,0.345,0.268,0.395,0.511,0.604
"2018-07-20 13:00:00",3412,0.384,0.401,0.401,0.347,0.265,0.395,0.507,0.599
"2018-07-20 13:30:00",3413,0.386,0.403,0.401,0.353,0.265,0.395,0.506,0.597
"2018-07-20 14:00:00",3414,0.386,0.403,0.399,0.355,0.264,0.394,0.505,0.596
"2018-07-20 14:30:00",3415,0.391,0.407,0.403,0.363,0.268,0.397,0.511,0.599
"2018-07-20 15:00:00",3416,0.392,0.409,0.402,0.364,0.268,0.396,0.512,0.6
"2018-07-20 15:30:00",3417,0.4,0.415,0.406,0.37,0.274,0.4,0.519,0.605
"2018-07-20 16:00:00",3418,0.403,0.415,0.406,0.369,0.271,0.398,0.52,0.607
"2018-07-20 16:30:00",3419,0.408,0.419,0.409,0.372,0.274,0.4,0.523,0.609
"2018-07-20 17:00:00",3420,0.416,0.425,0.414,0.376,0.28,0.402,0.533,0.613
"2018-07-20 17:30:00",3421,0.418,0.428,0.416,0.377,0.282,0.403,0.541,0.618
"2018-07-20 18:00:00",3422,0.425,0.436,0.422,0.381,0.294,0.406,0.553,0.621
"2018-07-20 18:30:00",3423,0.437,0.446,0.432,0.387,0.306,0.413,0.561,0.623
"2018-07-20 19:00:00",3424,0.458,0.464,0.455,0.399,0.327,0.427,0.576,0.625
"2018-07-20 19:30:00",3425,0.478,0.481,0.479,0.411,0.344,0.449,0.592,0.628
"2018-07-20 20:00:00",3426,0.485,0.492,0.489,0.416,0.353,0.464,0.603,0.631
"2018-07-20 20:30:00",3427,0.498,0.501,0.51,0.425,0.363,0.499,0.61,0.63
"2018-07-20 21:00:00",3428,0.506,0.505,0.524,0.43,0.367,0.529,0.613,0.629
"2018-07-20 21:30:00",3429,0.509,0.505,0.529,0.431,0.369,0.54,0.613,0.627
"2018-07-20 22:00:00",3430,0.511,0.504,0.531,0.429,0.37,0.545,0.613,0.626
"2018-07-20 22:30:00",3431,0.513,0.505,0.534,0.429,0.371,0.548,0.616,0.628
"2018-07-20 23:00:00",3432,0.515,0.504,0.537,0.428,0.372,0.551,0.618,0.628
"2018-07-20 23:30:00",3433,0.516,0.503,0.538,0.427,0.372,0.552,0.619,0.629
"2018-07-21 00:00:00",3434,0.517,0.503,0.541,0.428,0.373,0.554,0.622,0.631
"2018-07-21 00:30:00",3435,0.518,0.502,0.544,0.43,0.374,0.555,0.624,0.631
"2018-07-21 01:00:00",3436,0.519,0.503,0.547,0.432,0.375,0.558,0.629,0.634
"2018-07-21 01:30:00",3437,0.52,0.503,0.551,0.434,0.375,0.559,0.631,0.636
"2018-07-21 02:00:00",3438,0.521,0.503,0.553,0.437,0.376,0.56,0.633,0.637
"2018-07-21 02:30:00",3439,0.522,0.503,0.554,0.436,0.377,0.561,0.632,0.638
"2018-07-21 03:00:00",3440,0.522,0.502,0.554,0.436,0.377,0.562,0.632,0.639
"2018-07-21 03:30:00",3441,0.523,0.498,0.554,0.435,0.377,0.563,0.627,0.638
"2018-07-21 04:00:00",3442,0.523,0.496,0.555,0.434,0.377,0.563,0.627,0.638
"2018-07-21 04:30:00",3443,0.523,0.493,0.554,0.432,0.377,0.563,0.623,0.637
"2018-07-21 05:00:00",3444,0.522,0.494,0.552,0.432,0.377,0.563,0.626,0.638
"2018-07-21 05:30:00",3445,0.522,0.496,0.55,0.435,0.377,0.563,0.632,0.639
"2018-07-21 06:00:00",3446,0.521,0.495,0.547,0.435,0.377,0.563,0.631,0.639
"2018-07-21 06:30:00",3447,0.521,0.496,0.547,0.437,0.378,0.562,0.635,0.64
"2018-07-21 07:00:00",3448,0.521,0.494,0.546,0.437,0.378,0.562,0.634,0.641
"2018-07-21 07:30:00",3449,0.52,0.49,0.54,0.435,0.377,0.562,0.629,0.639
"2018-07-21 08:00:00",3450,0.517,0.485,0.525,0.431,0.375,0.559,0.621,0.635
"2018-07-21 08:30:00",3451,0.512,0.483,0.512,0.43,0.373,0.55,0.623,0.636
"2018-07-21 09:00:00",3452,0.512,0.484,0.518,0.431,0.374,0.552,0.626,0.637
"2018-07-21 09:30:00",3453,0.515,0.482,0.526,0.433,0.376,0.556,0.624,0.637
"2018-07-21 10:00:00",3454,0.516,0.478,0.527,0.429,0.376,0.558,0.617,0.635
"2018-07-21 10:30:00",3455,0.515,0.476,0.529,0.427,0.375,0.559,0.614,0.63
"2018-07-21 11:00:00",3456,0.515,0.47,0.529,0.423,0.374,0.558,0.607,0.627
"2018-07-21 11:30:00",3457,0.512,0.464,0.527,0.419,0.373,0.556,0.601,0.622
"2018-07-21 12:00:00",3458,0.508,0.46,0.525,0.418,0.372,0.554,0.599,0.605
"2018-07-21 12:30:00",3459,0.494,0.456,0.523,0.416,0.372,0.555,0.585,0.598
"2018-07-21 13:00:00",3460,0.462,0.447,0.511,0.403,0.375,0.555,0.557,0.583
"2018-07-21 13:30:00",3461,0.442,0.439,0.503,0.36,0.375,0.548,0.539,0.573
"2018-07-21 14:00:00",3462,0.441,0.436,0.501,0.322,0.375,0.546,0.537,0.575
"2018-07-21 14:30:00",3463,0.442,0.433,0.498,0.319,0.373,0.542,0.533,0.571
"2018-07-21 15:00:00",3464,0.44,0.43,0.497,0.321,0.371,0.539,0.532,0.57
"2018-07-21 15:30:00",3465,0.439,0.432,0.496,0.322,0.37,0.538,0.531,0.567
"2018-07-21 16:00:00",3466,0.421,0.431,0.495,0.325,0.368,0.537,0.53,0.564
"2018-07-21 16:30:00",3467,0.398,0.431,0.492,0.325,0.359,0.534,0.529,0.561
"2018-07-21 17:00:00",3468,0.397,0.428,0.491,0.326,0.355,0.532,0.529,0.559
"2018-07-21 17:30:00",3469,0.392,0.426,0.493,0.327,0.363,0.531,0.537,0.562
"2018-07-21 18:00:00",3470,0.39,0.426,0.493,0.326,0.365,0.522,0.535,0.563
"2018-07-21 18:30:00",3471,0.395,0.427,0.493,0.331,0.365,0.52,0.546,0.566
"2018-07-21 19:00:00",3472,0.415,0.427,0.493,0.371,0.364,0.523,0.548,0.568
"2018-07-21 19:30:00",3473,0.425,0.428,0.491,0.366,0.364,0.527,0.545,0.568
"2018-07-21 20:00:00",3474,0.413,0.427,0.487,0.331,0.364,0.518,0.543,0.563
"2018-07-21 20:30:00",3475,0.41,0.427,0.487,0.33,0.364,0.521,0.543,0.564
"2018-07-21 21:00:00",3476,0.403,0.427,0.487,0.33,0.364,0.515,0.541,0.565
"2018-07-21 21:30:00",3477,0.402,0.43,0.486,0.332,0.363,0.495,0.541,0.566
"2018-07-21 22:00:00",3478,0.401,0.436,0.488,0.327,0.358,0.496,0.533,0.574
"2018-07-21 22:30:00",3479,0.401,0.437,0.486,0.324,0.361,0.502,0.533,0.572
"2018-07-21 23:00:00",3480,0.401,0.438,0.487,0.323,0.363,0.502,0.536,0.575
"2018-07-21 23:30:00",3481,0.407,0.444,0.491,0.321,0.364,0.507,0.553,0.581
"2018-07-22 00:00:00",3482,0.411,0.443,0.487,0.318,0.365,0.505,0.546,0.582
"2018-07-22 00:30:00",3483,0.403,0.445,0.49,0.329,0.366,0.505,0.572,0.586
"2018-07-22 01:00:00",3484,0.413,0.447,0.491,0.367,0.367,0.51,0.576,0.591
"2018-07-22 01:30:00",3485,0.412,0.447,0.49,0.383,0.368,0.512,0.575,0.593
"2018-07-22 02:00:00",3486,0.417,0.449,0.491,0.382,0.371,0.515,0.583,0.6
"2018-07-22 02:30:00",3487,0.436,0.451,0.491,0.403,0.373,0.518,0.591,0.605
"2018-07-22 03:00:00",3488,0.454,0.451,0.493,0.412,0.374,0.521,0.598,0.609
"2018-07-22 03:30:00",3489,0.46,0.451,0.494,0.418,0.375,0.522,0.596,0.605
"2018-07-22 04:00:00",3490,0.465,0.452,0.497,0.422,0.376,0.527,0.601,0.607
"2018-07-22 04:30:00",3491,0.469,0.454,0.499,0.424,0.377,0.532,0.601,0.609
"2018-07-22 05:00:00",3492,0.471,0.454,0.501,0.425,0.378,0.536,0.605,0.613
"2018-07-22 05:30:00",3493,0.471,0.455,0.502,0.426,0.379,0.539,0.607,0.614
"2018-07-22 06:00:00",3494,0.471,0.455,0.503,0.427,0.38,0.54,0.608,0.614
"2018-07-22 06:30:00",3495,0.472,0.456,0.503,0.429,0.38,0.54,0.611,0.615
"2018-07-22 07:00:00",3496,0.473,0.456,0.502,0.428,0.381,0.541,0.611,0.616
"2018-07-22 07:30:00",3497,0.473,0.456,0.501,0.43,0.381,0.543,0.609,0.616
"2018-07-22 08:00:00",3498,0.474,0.457,0.489,0.434,0.381,0.54,0.609,0.614
"2018-07-22 08:30:00",3499,0.469,0.456,0.454,0.431,0.38,0.516,0.607,0.613
"2018-07-22 09:00:00",3500,0.444,0.444,0.411,0.409,0.375,0.464,0.604,0.61
"2018-07-22 09:30:00",3501,0.427,0.436,0.403,0.398,0.367,0.447,0.603,0.609
"2018-07-22 10:00:00",3502,0.419,0.433,0.4,0.393,0.359,0.443,0.596,0.608
"2018-07-22 10:30:00",3503,0.408,0.423,0.388,0.383,0.344,0.427,0.589,0.605
"2018-07-22 11:00:00",3504,0.403,0.418,0.388,0.379,0.331,0.427,0.579,0.603
"2018-07-22 11:30:00",3505,0.387,0.404,0.373,0.365,0.315,0.406,0.568,0.601
"2018-07-22 12:00:00",3506,0.404,0.419,0.397,0.378,0.321,0.438,0.568,0.602
"2018-07-22 12:30:00",3507,0.417,0.429,0.405,0.387,0.336,0.451,0.566,0.596
"2018-07-22 13:00:00",3508,0.418,0.432,0.407,0.389,0.337,0.456,0.568,0.596
"2018-07-22 13:30:00",3509,0.403,0.424,0.39,0.379,0.328,0.432,0.563,0.59
"2018-07-22 14:00:00",3510,0.388,0.411,0.377,0.367,0.314,0.413,0.555,0.59
"2018-07-22 14:30:00",3511,0.405,0.422,0.401,0.38,0.319,0.444,0.563,0.596
"2018-07-22 15:00:00",3512,0.435,0.45,0.453,0.41,0.346,0.497,0.583,0.593
"2018-07-22 15:30:00",3513,0.387,0.459,0.471,0.369,0.36,0.519,0.553,0.575
"2018-07-22 16:00:00",3514,0.384,0.459,0.475,0.352,0.363,0.526,0.549,0.572
"2018-07-22 16:30:00",3515,0.387,0.46,0.47,0.356,0.362,0.519,0.564,0.577
"2018-07-22 17:00:00",3516,0.388,0.459,0.475,0.358,0.361,0.526,0.554,0.57
"2018-07-22 17:30:00",3517,0.396,0.458,0.481,0.363,0.361,0.529,0.571,0.572
"2018-07-22 18:00:00",3518,0.403,0.452,0.48,0.388,0.36,0.53,0.571,0.572
"2018-07-22 18:30:00",3519,0.409,0.45,0.479,0.406,0.36,0.531,0.576,0.574
"2018-07-22 19:00:00",3520,0.416,0.448,0.477,0.41,0.361,0.529,0.573,0.571
"2018-07-22 19:30:00",3521,0.412,0.447,0.473,0.355,0.362,0.527,0.56,0.57
"2018-07-22 20:00:00",3522,0.418,0.449,0.475,0.362,0.364,0.527,0.579,0.578
"2018-07-22 20:30:00",3523,0.426,0.449,0.476,0.393,0.364,0.529,0.587,0.581
"2018-07-22 21:00:00",3524,0.426,0.449,0.476,0.409,0.364,0.53,0.594,0.583
"2018-07-22 21:30:00",3525,0.43,0.449,0.476,0.415,0.364,0.531,0.596,0.583
"2018-07-22 22:00:00",3526,0.434,0.449,0.477,0.418,0.363,0.531,0.594,0.582
"2018-07-22 22:30:00",3527,0.439,0.448,0.479,0.42,0.363,0.531,0.595,0.58
"2018-07-22 23:00:00",3528,0.444,0.447,0.479,0.421,0.362,0.531,0.593,0.579
"2018-07-22 23:30:00",3529,0.446,0.444,0.478,0.419,0.36,0.529,0.589,0.574
"2018-07-23 00:00:00",3530,0.446,0.441,0.475,0.417,0.358,0.526,0.577,0.568
"2018-07-23 00:30:00",3531,0.424,0.438,0.465,0.389,0.354,0.521,0.54,0.553
"2018-07-23 01:00:00",3532,0.416,0.434,0.462,0.348,0.351,0.516,0.539,0.548
"2018-07-23 01:30:00",3533,0.416,0.433,0.46,0.349,0.35,0.516,0.545,0.55
"2018-07-23 02:00:00",3534,0.418,0.432,0.46,0.355,0.35,0.516,0.56,0.552
"2018-07-23 02:30:00",3535,0.424,0.432,0.459,0.376,0.35,0.517,0.566,0.557
"2018-07-23 03:00:00",3536,0.433,0.432,0.46,0.393,0.35,0.518,0.569,0.557
"2018-07-23 03:30:00",3537,0.44,0.433,0.46,0.399,0.351,0.519,0.572,0.557
"2018-07-23 04:00:00",3538,0.443,0.434,0.461,0.401,0.352,0.52,0.575,0.56
"2018-07-23 04:30:00",3539,0.444,0.434,0.461,0.401,0.352,0.521,0.575,0.561
"2018-07-23 05:00:00",3540,0.445,0.434,0.461,0.402,0.353,0.522,0.577,0.562
"2018-07-23 05:30:00",3541,0.45,0.44,0.46,0.407,0.358,0.529,0.587,0.57
"2018-07-23 06:00:00",3542,0.453,0.439,0.462,0.41,0.359,0.529,0.582,0.565
"2018-07-23 06:30:00",3543,0.453,0.438,0.463,0.41,0.357,0.527,0.579,0.564
"2018-07-23 07:00:00",3544,0.453,0.438,0.448,0.407,0.358,0.527,0.577,0.565
"2018-07-23 07:30:00",3545,0.453,0.44,0.426,0.409,0.358,0.519,0.584,0.571
"2018-07-23 08:00:00",3546,0.442,0.436,0.399,0.402,0.355,0.488,0.586,0.573
"2018-07-23 08:30:00",3547,0.441,0.44,0.41,0.408,0.357,0.491,0.59,0.578
"2018-07-23 09:00:00",3548,0.442,0.44,0.411,0.406,0.358,0.49,0.59,0.578
"2018-07-23 09:30:00",3549,0.438,0.437,0.402,0.401,0.356,0.479,0.584,0.576
"2018-07-23 10:00:00",3550,0.411,0.417,0.373,0.38,0.339,0.434,0.576,0.572
"2018-07-23 10:30:00",3551,0.393,0.407,0.366,0.369,0.317,0.418,0.567,0.572
"2018-07-23 11:00:00",3552,0.403,0.417,0.376,0.378,0.322,0.43,0.571,0.576
"2018-07-23 11:30:00",3553,0.395,0.412,0.368,0.372,0.318,0.418,0.568,0.576
"2018-07-23 12:00:00",3554,0.392,0.41,0.368,0.37,0.314,0.419,0.565,0.575
"2018-07-23 12:30:00",3555,0.397,0.414,0.377,0.373,0.317,0.43,0.568,0.578
"2018-07-23 13:00:00",3556,0.433,0.441,0.429,0.4,0.343,0.49,0.584,0.585
"2018-07-23 13:30:00",3557,0.438,0.443,0.421,0.403,0.351,0.481,0.587,0.584
"2018-07-23 14:00:00",3558,0.417,0.43,0.392,0.39,0.342,0.449,0.581,0.577
"2018-07-23 14:30:00",3559,0.391,0.411,0.366,0.371,0.322,0.413,0.569,0.568
"2018-07-23 15:00:00",3560,0.362,0.388,0.347,0.351,0.287,0.389,0.551,0.567
"2018-07-23 15:30:00",3561,0.385,0.408,0.375,0.366,0.305,0.422,0.557,0.57
"2018-07-23 16:00:00",3562,0.376,0.402,0.362,0.361,0.304,0.403,0.559,0.571
"2018-07-23 16:30:00",3563,0.377,0.402,0.366,0.361,0.302,0.408,0.558,0.572
"2018-07-23 17:00:00",3564,0.381,0.406,0.37,0.364,0.309,0.411,0.562,0.577
"2018-07-23 17:30:00",3565,0.386,0.41,0.376,0.367,0.314,0.418,0.566,0.58
"2018-07-23 18:00:00",3566,0.392,0.415,0.381,0.37,0.32,0.424,0.573,0.585
"2018-07-23 18:30:00",3567,0.402,0.426,0.392,0.375,0.33,0.436,0.583,0.59
"2018-07-23 19:00:00",3568,0.428,0.445,0.435,0.395,0.345,0.485,0.59,0.593
"2018-07-23 19:30:00",3569,0.452,0.458,0.474,0.414,0.358,0.527,0.6,0.595
"2018-07-23 20:00:00",3570,0.46,0.46,0.484,0.419,0.362,0.536,0.606,0.597
"2018-07-23 20:30:00",3571,0.462,0.458,0.488,0.418,0.363,0.538,0.606,0.596
"2018-07-23 21:00:00",3572,0.464,0.457,0.491,0.418,0.364,0.538,0.609,0.597
"2018-07-23 21:30:00",3573,0.464,0.456,0.49,0.417,0.364,0.538,0.609,0.598
"2018-07-23 22:00:00",3574,0.465,0.455,0.489,0.417,0.364,0.539,0.61,0.6
"2018-07-23 22:30:00",3575,0.466,0.454,0.488,0.417,0.365,0.539,0.608,0.601
"2018-07-23 23:00:00",3576,0.466,0.452,0.486,0.416,0.364,0.539,0.607,0.601
"2018-07-23 23:30:00",3577,0.467,0.45,0.487,0.416,0.365,0.539,0.608,0.601
"2018-07-24 00:00:00",3578,0.468,0.449,0.488,0.416,0.365,0.539,0.608,0.603
"2018-07-24 00:30:00",3579,0.469,0.448,0.488,0.416,0.364,0.538,0.608,0.603
"2018-07-24 01:00:00",3580,0.47,0.447,0.49,0.417,0.364,0.538,0.61,0.604
"2018-07-24 01:30:00",3581,0.471,0.447,0.492,0.418,0.365,0.539,0.614,0.608
"2018-07-24 02:00:00",3582,0.472,0.447,0.49,0.415,0.366,0.538,0.614,0.584
"2018-07-24 02:30:00",3583,0.473,0.448,0.49,0.415,0.367,0.54,0.617,0.586
"2018-07-24 03:00:00",3584,0.474,0.448,0.489,0.414,0.367,0.539,0.617,0.588
"2018-07-24 03:30:00",3585,0.475,0.448,0.489,0.415,0.368,0.539,0.618,0.591
"2018-07-24 04:00:00",3586,0.475,0.447,0.487,0.414,0.367,0.538,0.615,0.589
"2018-07-24 04:30:00",3587,0.476,0.446,0.486,0.414,0.366,0.538,0.615,0.586
"2018-07-24 05:00:00",3588,0.477,0.447,0.486,0.416,0.367,0.539,0.618,0.587
"2018-07-24 05:30:00",3589,0.477,0.446,0.485,0.415,0.366,0.537,0.616,0.585
"2018-07-24 06:00:00",3590,0.477,0.445,0.484,0.415,0.366,0.537,0.615,0.587
"2018-07-24 06:30:00",3591,0.477,0.445,0.483,0.413,0.365,0.536,0.614,0.585
"2018-07-24 07:00:00",3592,0.477,0.445,0.482,0.412,0.366,0.536,0.614,0.585
"2018-07-24 07:30:00",3593,0.479,0.447,0.484,0.417,0.367,0.538,0.621,0.59
"2018-07-24 08:00:00",3594,0.48,0.449,0.486,0.421,0.367,0.541,0.623,0.592
"2018-07-24 08:30:00",3595,0.482,0.449,0.486,0.423,0.367,0.54,0.62,0.588
"2018-07-24 09:00:00",3596,0.483,0.45,0.486,0.425,0.368,0.542,0.623,0.589
"2018-07-24 09:30:00",3597,0.484,0.449,0.485,0.424,0.368,0.542,0.618,0.586
"2018-07-24 10:00:00",3598,0.482,0.446,0.482,0.42,0.366,0.54,0.606,0.575
"2018-07-24 10:30:00",3599,0.45,0.445,0.476,0.412,0.366,0.538,0.558,0.551
"2018-07-24 11:00:00",3600,0.382,0.446,0.47,0.374,0.367,0.537,0.554,0.551
"2018-07-24 11:30:00",3601,0.378,0.445,0.468,0.368,0.366,0.534,0.554,0.553
"2018-07-24 12:00:00",3602,0.378,0.445,0.468,0.37,0.365,0.533,0.556,0.556
"2018-07-24 12:30:00",3603,0.388,0.447,0.455,0.377,0.364,0.527,0.566,0.561
"2018-07-24 13:00:00",3604,0.399,0.443,0.424,0.386,0.36,0.497,0.57,0.566
"2018-07-24 13:30:00",3605,0.388,0.43,0.388,0.381,0.349,0.452,0.571,0.573
"2018-07-24 14:00:00",3606,0.376,0.406,0.365,0.366,0.326,0.415,0.563,0.573
"2018-07-24 14:30:00",3607,0.366,0.394,0.363,0.359,0.304,0.409,0.554,0.575
"2018-07-24 15:00:00",3608,0.371,0.394,0.365,0.359,0.302,0.411,0.551,0.575
"2018-07-24 15:30:00",3609,0.407,0.423,0.412,0.383,0.33,0.466,0.562,0.575
"2018-07-24 16:00:00",3610,0.429,0.44,0.438,0.398,0.347,0.496,0.575,0.578
"2018-07-24 16:30:00",3611,0.442,0.447,0.453,0.407,0.356,0.514,0.583,0.581
"2018-07-24 17:00:00",3612,0.444,0.448,0.445,0.408,0.358,0.512,0.585,0.579
"2018-07-24 17:30:00",3613,0.442,0.448,0.435,0.407,0.358,0.503,0.588,0.58
"2018-07-24 18:00:00",3614,0.438,0.448,0.425,0.406,0.359,0.494,0.59,0.583
"2018-07-24 18:30:00",3615,0.432,0.447,0.417,0.401,0.357,0.486,0.592,0.585
"2018-07-24 19:00:00",3616,0.434,0.45,0.427,0.402,0.358,0.497,0.593,0.587
"2018-07-24 19:30:00",3617,0.442,0.455,0.443,0.408,0.362,0.515,0.599,0.592
"2018-07-24 20:00:00",3618,0.451,0.457,0.467,0.414,0.365,0.532,0.601,0.593
"2018-07-24 20:30:00",3619,0.455,0.454,0.475,0.414,0.366,0.537,0.6,0.593
"2018-07-24 21:00:00",3620,0.457,0.452,0.478,0.414,0.367,0.538,0.601,0.595
"2018-07-24 21:30:00",3621,0.457,0.45,0.48,0.415,0.367,0.54,0.606,0.598
"2018-07-24 22:00:00",3622,0.459,0.452,0.485,0.422,0.369,0.542,0.617,0.605
"2018-07-24 22:30:00",3623,0.461,0.452,0.487,0.423,0.37,0.542,0.616,0.606
"2018-07-24 23:00:00",3624,0.459,0.449,0.483,0.419,0.369,0.538,0.609,0.577
"2018-07-24 23:30:00",3625,0.447,0.447,0.479,0.417,0.368,0.537,0.603,0.57
"2018-07-25 00:00:00",3626,0.426,0.445,0.475,0.415,0.367,0.537,0.591,0.576
"2018-07-25 00:30:00",3627,0.427,0.446,0.476,0.416,0.367,0.538,0.594,0.587
"2018-07-25 01:00:00",3628,0.429,0.448,0.478,0.419,0.369,0.54,0.597,0.593
"2018-07-25 01:30:00",3629,0.436,0.447,0.478,0.419,0.369,0.538,0.594,0.594
"2018-07-25 02:00:00",3630,0.44,0.447,0.479,0.419,0.369,0.537,0.594,0.595
"2018-07-25 02:30:00",3631,0.442,0.447,0.479,0.42,0.37,0.537,0.594,0.595
"2018-07-25 03:00:00",3632,0.446,0.448,0.48,0.421,0.37,0.538,0.593,0.594
"2018-07-25 03:30:00",3633,0.449,0.448,0.481,0.422,0.371,0.539,0.598,0.598
"2018-07-25 04:00:00",3634,0.451,0.448,0.479,0.419,0.371,0.538,0.594,0.597
"2018-07-25 04:30:00",3635,0.453,0.449,0.481,0.421,0.372,0.539,0.599,0.598
"2018-07-25 05:00:00",3636,0.454,0.449,0.481,0.422,0.373,0.539,0.599,0.601
"2018-07-25 05:30:00",3637,0.455,0.45,0.481,0.422,0.373,0.539,0.602,0.599
"2018-07-25 06:00:00",3638,0.456,0.45,0.481,0.423,0.373,0.539,0.603,0.599
"2018-07-25 06:30:00",3639,0.457,0.451,0.482,0.424,0.373,0.539,0.605,0.601
"2018-07-25 07:00:00",3640,0.458,0.451,0.481,0.425,0.373,0.539,0.606,0.601
"2018-07-25 07:30:00",3641,0.459,0.451,0.48,0.426,0.373,0.541,0.605,0.602
"2018-07-25 08:00:00",3642,0.461,0.453,0.469,0.428,0.373,0.54,0.604,0.603
"2018-07-25 08:30:00",3643,0.46,0.454,0.449,0.427,0.373,0.528,0.602,0.603
"2018-07-25 09:00:00",3644,0.436,0.442,0.395,0.409,0.365,0.466,0.595,0.599
"2018-07-25 09:30:00",3645,0.398,0.416,0.37,0.381,0.34,0.424,0.585,0.596
"2018-07-25 10:00:00",3646,0.407,0.423,0.388,0.388,0.337,0.444,0.588,0.601
"2018-07-25 10:30:00",3647,0.418,0.434,0.404,0.399,0.344,0.465,0.595,0.606
"2018-07-25 11:00:00",3648,0.422,0.437,0.404,0.402,0.348,0.464,0.596,0.607
"2018-07-25 11:30:00",3649,0.418,0.433,0.4,0.398,0.345,0.457,0.593,0.605
"2018-07-25 12:00:00",3650,0.419,0.433,0.402,0.399,0.346,0.459,0.591,0.605
"2018-07-25 12:30:00",3651,0.417,0.433,0.402,0.397,0.344,0.461,0.59,0.606
"2018-07-25 13:00:00",3652,0.424,0.439,0.414,0.403,0.348,0.474,0.594,0.606
"2018-07-25 13:30:00",3653,0.42,0.437,0.406,0.4,0.346,0.462,0.592,0.606
"2018-07-25 14:00:00",3654,0.411,0.431,0.397,0.393,0.34,0.449,0.589,0.604
"2018-07-25 14:30:00",3655,0.392,0.417,0.379,0.378,0.322,0.422,0.581,0.604
"2018-07-25 15:00:00",3656,0.373,0.401,0.369,0.364,0.3,0.402,0.564,0.604
"2018-07-25 15:30:00",3657,0.362,0.391,0.364,0.355,0.285,0.391,0.551,0.606
"2018-07-25 16:00:00",3658,0.365,0.393,0.37,0.357,0.287,0.397,0.545,0.605
"2018-07-25 16:30:00",3659,0.379,0.406,0.384,0.368,0.304,0.412,0.552,0.606
"2018-07-25 17:00:00",3660,0.388,0.414,0.392,0.376,0.314,0.421,0.564,0.61
"2018-07-25 17:30:00",3661,0.386,0.414,0.39,0.374,0.316,0.416,0.568,0.611
"2018-07-25 18:00:00",3662,0.395,0.422,0.4,0.382,0.324,0.431,0.574,0.61
"2018-07-25 18:30:00",3663,0.409,0.435,0.417,0.392,0.336,0.457,0.584,0.613
"2018-07-25 19:00:00",3664,0.42,0.445,0.429,0.399,0.346,0.477,0.592,0.615
"2018-07-25 19:30:00",3665,0.433,0.456,0.449,0.409,0.354,0.502,0.605,0.62
"2018-07-25 20:00:00",3666,0.447,0.464,0.474,0.422,0.362,0.526,0.614,0.624
"2018-07-25 20:30:00",3667,0.455,0.466,0.487,0.428,0.366,0.536,0.617,0.624
"2018-07-25 21:00:00",3668,0.459,0.466,0.495,0.432,0.369,0.54,0.619,0.625
"2018-07-25 21:30:00",3669,0.462,0.463,0.501,0.433,0.37,0.541,0.621,0.625
"2018-07-25 22:00:00",3670,0.463,0.459,0.502,0.428,0.371,0.542,0.614,0.624
"2018-07-25 22:30:00",3671,0.465,0.459,0.506,0.426,0.372,0.544,0.617,0.627
"2018-07-25 23:00:00",3672,0.465,0.459,0.508,0.424,0.374,0.544,0.621,0.63
"2018-07-25 23:30:00",3673,0.466,0.459,0.51,0.426,0.376,0.543,0.623,0.63
"2018-07-26 00:00:00",3674,0.467,0.458,0.511,0.43,0.376,0.542,0.625,0.632
"2018-07-26 00:30:00",3675,0.468,0.457,0.51,0.429,0.376,0.541,0.625,0.632
"2018-07-26 01:00:00",3676,0.468,0.457,0.51,0.428,0.376,0.541,0.626,0.632
"2018-07-26 01:30:00",3677,0.468,0.456,0.509,0.428,0.376,0.538,0.624,0.63
"2018-07-26 02:00:00",3678,0.468,0.455,0.509,0.427,0.376,0.539,0.625,0.631
"2018-07-26 02:30:00",3679,0.468,0.455,0.507,0.428,0.376,0.539,0.626,0.631
"2018-07-26 03:00:00",3680,0.47,0.455,0.506,0.423,0.377,0.54,0.625,0.633
"2018-07-26 03:30:00",3681,0.47,0.454,0.501,0.425,0.377,0.539,0.625,0.631
"2018-07-26 04:00:00",3682,0.471,0.454,0.501,0.427,0.377,0.539,0.627,0.633
"2018-07-26 04:30:00",3683,0.471,0.454,0.5,0.428,0.377,0.54,0.628,0.633
"2018-07-26 05:00:00",3684,0.472,0.453,0.499,0.427,0.377,0.54,0.627,0.633
"2018-07-26 05:30:00",3685,0.472,0.453,0.498,0.425,0.377,0.54,0.623,0.632
"2018-07-26 06:00:00",3686,0.472,0.452,0.498,0.424,0.377,0.539,0.624,0.632
"2018-07-26 06:30:00",3687,0.472,0.452,0.496,0.425,0.376,0.538,0.625,0.631
"2018-07-26 07:00:00",3688,0.472,0.452,0.495,0.427,0.376,0.537,0.626,0.631
"2018-07-26 07:30:00",3689,0.472,0.451,0.495,0.428,0.375,0.536,0.626,0.631
"2018-07-26 08:00:00",3690,0.472,0.452,0.488,0.429,0.375,0.537,0.624,0.631
"2018-07-26 08:30:00",3691,0.466,0.453,0.451,0.423,0.374,0.519,0.621,0.629
"2018-07-26 09:00:00",3692,0.437,0.441,0.406,0.404,0.366,0.469,0.617,0.627
"2018-07-26 09:30:00",3693,0.406,0.418,0.384,0.381,0.342,0.427,0.612,0.624
"2018-07-26 10:00:00",3694,0.394,0.407,0.38,0.371,0.32,0.415,0.602,0.626
"2018-07-26 10:30:00",3695,0.387,0.4,0.375,0.365,0.307,0.405,0.586,0.624
"2018-07-26 11:00:00",3696,0.379,0.394,0.371,0.355,0.295,0.397,0.565,0.623
"2018-07-26 11:30:00",3697,0.37,0.387,0.368,0.347,0.285,0.389,0.543,0.621
"2018-07-26 12:00:00",3698,0.364,0.382,0.366,0.345,0.278,0.385,0.526,0.616
"2018-07-26 12:30:00",3699,0.363,0.381,0.365,0.344,0.274,0.383,0.517,0.611
"2018-07-26 13:00:00",3700,0.363,0.382,0.367,0.346,0.272,0.383,0.519,0.611
"2018-07-26 13:30:00",3701,0.362,0.381,0.366,0.347,0.268,0.382,0.512,0.608
"2018-07-26 14:00:00",3702,0.37,0.387,0.372,0.354,0.274,0.391,0.516,0.606
"2018-07-26 14:30:00",3703,0.373,0.392,0.374,0.359,0.28,0.393,0.526,0.61
"2018-07-26 15:00:00",3704,0.367,0.388,0.37,0.356,0.274,0.387,0.524,0.61
"2018-07-26 15:30:00",3705,0.363,0.385,0.369,0.354,0.267,0.384,0.519,0.609
"2018-07-26 16:00:00",3706,0.368,0.389,0.374,0.359,0.274,0.389,0.527,0.61
"2018-07-26 16:30:00",3707,0.373,0.393,0.379,0.361,0.279,0.392,0.535,0.613
"2018-07-26 17:00:00",3708,0.379,0.399,0.383,0.365,0.289,0.394,0.547,0.616
"2018-07-26 17:30:00",3709,0.376,0.398,0.383,0.363,0.287,0.393,0.55,0.62
"2018-07-26 18:00:00",3710,0.379,0.402,0.387,0.365,0.293,0.395,0.558,0.621
"2018-07-26 18:30:00",3711,0.387,0.414,0.397,0.371,0.305,0.402,0.568,0.624
"2018-07-26 19:00:00",3712,0.397,0.43,0.405,0.377,0.321,0.409,0.577,0.625
"2018-07-26 19:30:00",3713,0.424,0.451,0.432,0.396,0.339,0.444,0.591,0.627
"2018-07-26 20:00:00",3714,0.452,0.465,0.467,0.418,0.353,0.493,0.605,0.628
"2018-07-26 20:30:00",3715,0.467,0.47,0.487,0.428,0.361,0.519,0.613,0.629
"2018-07-26 21:00:00",3716,0.476,0.472,0.503,0.434,0.365,0.533,0.618,0.629
"2018-07-26 21:30:00",3717,0.482,0.471,0.514,0.435,0.368,0.538,0.622,0.629
"2018-07-26 22:00:00",3718,0.484,0.468,0.52,0.434,0.37,0.538,0.624,0.629
"2018-07-26 22:30:00",3719,0.484,0.467,0.523,0.432,0.371,0.538,0.625,0.63
"2018-07-26 23:00:00",3720,0.485,0.465,0.523,0.431,0.372,0.54,0.625,0.63
"2018-07-26 23:30:00",3721,0.486,0.462,0.526,0.432,0.373,0.54,0.626,0.631
"2018-07-27 00:00:00",3722,0.487,0.46,0.527,0.433,0.373,0.541,0.628,0.632
"2018-07-27 00:30:00",3723,0.487,0.459,0.53,0.433,0.374,0.542,0.629,0.633
"2018-07-27 01:00:00",3724,0.487,0.459,0.531,0.432,0.374,0.54,0.63,0.633
"2018-07-27 01:30:00",3725,0.487,0.458,0.532,0.431,0.375,0.54,0.631,0.634
"2018-07-27 02:00:00",3726,0.488,0.457,0.533,0.43,0.375,0.539,0.631,0.635
"2018-07-27 02:30:00",3727,0.488,0.456,0.533,0.43,0.376,0.538,0.632,0.635
"2018-07-27 03:00:00",3728,0.489,0.455,0.534,0.429,0.375,0.538,0.631,0.635
"2018-07-27 03:30:00",3729,0.489,0.455,0.534,0.429,0.375,0.537,0.632,0.635
"2018-07-27 04:00:00",3730,0.49,0.454,0.535,0.428,0.376,0.537,0.632,0.635
"2018-07-27 04:30:00",3731,0.49,0.453,0.536,0.429,0.376,0.537,0.631,0.635
"2018-07-27 05:00:00",3732,0.491,0.453,0.536,0.428,0.376,0.535,0.631,0.634
"2018-07-27 05:30:00",3733,0.491,0.452,0.537,0.428,0.376,0.536,0.631,0.635
"2018-07-27 06:00:00",3734,0.491,0.452,0.537,0.428,0.375,0.535,0.631,0.634
"2018-07-27 06:30:00",3735,0.492,0.451,0.538,0.428,0.375,0.536,0.632,0.635
"2018-07-27 07:00:00",3736,0.491,0.45,0.538,0.425,0.374,0.536,0.631,0.634
"2018-07-27 07:30:00",3737,0.492,0.449,0.538,0.425,0.374,0.539,0.627,0.634
"2018-07-27 08:00:00",3738,0.492,0.449,0.531,0.426,0.373,0.539,0.628,0.633
"2018-07-27 08:30:00",3739,0.485,0.451,0.485,0.426,0.372,0.504,0.624,0.631
"2018-07-27 09:00:00",3740,0.446,0.439,0.436,0.401,0.364,0.441,0.62,0.629
"2018-07-27 09:30:00",3741,0.417,0.418,0.425,0.378,0.338,0.421,0.611,0.629
"2018-07-27 10:00:00",3742,0.398,0.397,0.41,0.362,0.307,0.403,0.581,0.624
"2018-07-27 10:30:00",3743,0.391,0.388,0.406,0.355,0.293,0.396,0.552,0.617
"2018-07-27 11:00:00",3744,0.384,0.381,0.402,0.349,0.283,0.389,0.534,0.614
"2018-07-27 11:30:00",3745,0.382,0.377,0.401,0.347,0.279,0.388,0.525,0.613
"2018-07-27 12:00:00",3746,0.383,0.379,0.403,0.349,0.279,0.388,0.518,0.608
"2018-07-27 12:30:00",3747,0.379,0.377,0.399,0.346,0.275,0.384,0.514,0.604
"2018-07-27 13:00:00",3748,0.382,0.381,0.402,0.348,0.273,0.386,0.515,0.604
"2018-07-27 13:30:00",3749,0.378,0.376,0.399,0.343,0.264,0.381,0.508,0.6
"2018-07-27 14:00:00",3750,0.394,0.389,0.411,0.355,0.278,0.395,0.522,0.604
"2018-07-27 14:30:00",3751,0.412,0.403,0.423,0.37,0.294,0.41,0.542,0.609
"2018-07-27 15:00:00",3752,0.421,0.412,0.429,0.374,0.307,0.416,0.556,0.614
"2018-07-27 15:30:00",3753,0.431,0.42,0.439,0.381,0.314,0.425,0.568,0.617
"2018-07-27 16:00:00",3754,0.43,0.419,0.438,0.379,0.314,0.424,0.569,0.62
"2018-07-27 16:30:00",3755,0.445,0.428,0.46,0.384,0.325,0.452,0.568,0.617
"2018-07-27 17:00:00",3756,0.475,0.453,0.514,0.371,0.356,0.511,0.55,0.598
"2018-07-27 17:30:00",3757,0.493,0.459,0.53,0.387,0.368,0.528,0.581,0.605
"2018-07-27 18:00:00",3758,0.497,0.458,0.515,0.404,0.37,0.51,0.59,0.609
"2018-07-27 18:30:00",3759,0.494,0.454,0.508,0.407,0.37,0.497,0.593,0.609
"2018-07-27 19:00:00",3760,0.49,0.451,0.505,0.405,0.369,0.497,0.593,0.605
"2018-07-27 19:30:00",3761,0.489,0.449,0.509,0.403,0.368,0.508,0.589,0.606
"2018-07-27 20:00:00",3762,0.489,0.445,0.508,0.401,0.368,0.517,0.591,0.61
"2018-07-27 20:30:00",3763,0.495,0.447,0.52,0.407,0.369,0.53,0.599,0.614
"2018-07-27 21:00:00",3764,0.502,0.45,0.533,0.417,0.372,0.537,0.61,0.617
"2018-07-27 21:30:00",3765,0.507,0.45,0.543,0.423,0.376,0.54,0.613,0.62
"2018-07-27 22:00:00",3766,0.508,0.45,0.547,0.426,0.377,0.54,0.617,0.623
"2018-07-27 22:30:00",3767,0.508,0.449,0.548,0.427,0.377,0.539,0.62,0.624
"2018-07-27 23:00:00",3768,0.508,0.449,0.549,0.428,0.377,0.538,0.62,0.624
"2018-07-27 23:30:00",3769,0.508,0.449,0.55,0.43,0.377,0.539,0.621,0.626
"2018-07-28 00:00:00",3770,0.508,0.45,0.551,0.431,0.377,0.539,0.623,0.628
"2018-07-28 00:30:00",3771,0.508,0.449,0.552,0.431,0.377,0.538,0.622,0.627
"2018-07-28 01:00:00",3772,0.508,0.449,0.553,0.431,0.376,0.537,0.623,0.626
"2018-07-28 01:30:00",3773,0.507,0.449,0.554,0.429,0.376,0.536,0.624,0.628
"2018-07-28 02:00:00",3774,0.507,0.449,0.553,0.428,0.376,0.534,0.623,0.627
"2018-07-28 02:30:00",3775,0.507,0.449,0.553,0.425,0.376,0.536,0.623,0.63
"2018-07-28 03:00:00",3776,0.507,0.449,0.553,0.425,0.376,0.537,0.623,0.631
"2018-07-28 03:30:00",3777,0.507,0.449,0.553,0.426,0.377,0.537,0.624,0.632
"2018-07-28 04:00:00",3778,0.506,0.449,0.552,0.425,0.377,0.537,0.625,0.631
"2018-07-28 04:30:00",3779,0.507,0.449,0.553,0.425,0.377,0.536,0.623,0.631
"2018-07-28 05:00:00",3780,0.507,0.449,0.553,0.427,0.377,0.534,0.625,0.632
"2018-07-28 05:30:00",3781,0.506,0.449,0.552,0.427,0.376,0.534,0.624,0.632
"2018-07-28 06:00:00",3782,0.506,0.449,0.552,0.427,0.376,0.533,0.627,0.631
"2018-07-28 06:30:00",3783,0.506,0.449,0.552,0.427,0.376,0.532,0.628,0.631
"2018-07-28 07:00:00",3784,0.506,0.448,0.552,0.428,0.376,0.532,0.627,0.632
"2018-07-28 07:30:00",3785,0.506,0.449,0.543,0.427,0.376,0.535,0.624,0.632
"2018-07-28 08:00:00",3786,0.503,0.451,0.512,0.426,0.376,0.526,0.623,0.632
"2018-07-28 08:30:00",3787,0.474,0.443,0.464,0.408,0.371,0.472,0.623,0.632
"2018-07-28 09:00:00",3788,0.438,0.417,0.434,0.382,0.35,0.425,0.61,0.628
"2018-07-28 09:30:00",3789,0.417,0.394,0.418,0.36,0.31,0.4,0.592,0.625
"2018-07-28 10:00:00",3790,0.408,0.385,0.411,0.35,0.29,0.39,0.566,0.62
"2018-07-28 10:30:00",3791,0.403,0.381,0.407,0.345,0.278,0.384,0.54,0.615
"2018-07-28 11:00:00",3792,0.397,0.375,0.401,0.34,0.268,0.377,0.523,0.608
"2018-07-28 11:30:00",3793,0.392,0.372,0.399,0.333,0.262,0.374,0.513,0.599
"2018-07-28 12:00:00",3794,0.398,0.376,0.403,0.343,0.266,0.377,0.513,0.602
"2018-07-28 12:30:00",3795,0.393,0.372,0.399,0.335,0.26,0.374,0.504,0.593
"2018-07-28 13:00:00",3796,0.396,0.374,0.402,0.341,0.261,0.375,0.503,0.593
"2018-07-28 13:30:00",3797,0.396,0.379,0.405,0.345,0.26,0.377,0.503,0.594
"2018-07-28 14:00:00",3798,0.396,0.389,0.405,0.345,0.26,0.376,0.504,0.595
"2018-07-28 14:30:00",3799,0.398,0.395,0.405,0.349,0.263,0.377,0.506,0.599
"2018-07-28 15:00:00",3800,0.396,0.397,0.406,0.349,0.261,0.377,0.506,0.601
"2018-07-28 15:30:00",3801,0.394,0.397,0.405,0.346,0.258,0.375,0.503,0.598
"2018-07-28 16:00:00",3802,0.402,0.404,0.412,0.351,0.266,0.38,0.511,0.601
"2018-07-28 16:30:00",3803,0.402,0.407,0.413,0.353,0.267,0.379,0.514,0.605
"2018-07-28 17:00:00",3804,0.408,0.414,0.419,0.356,0.275,0.384,0.524,0.607
"2018-07-28 17:30:00",3805,0.407,0.416,0.42,0.356,0.273,0.382,0.531,0.613
"2018-07-28 18:00:00",3806,0.42,0.429,0.433,0.365,0.291,0.393,0.546,0.616
"2018-07-28 18:30:00",3807,0.429,0.441,0.442,0.371,0.309,0.398,0.561,0.619
"2018-07-28 19:00:00",3808,0.437,0.457,0.449,0.376,0.319,0.403,0.574,0.622
"2018-07-28 19:30:00",3809,0.447,0.47,0.455,0.378,0.333,0.404,0.585,0.623
"2018-07-28 20:00:00",3810,0.47,0.482,0.479,0.391,0.344,0.438,0.596,0.626
"2018-07-28 20:30:00",3811,0.5,0.493,0.515,0.414,0.356,0.491,0.608,0.628
"2018-07-28 21:00:00",3812,0.518,0.497,0.537,0.426,0.363,0.52,0.616,0.631
"2018-07-28 21:30:00",3813,0.527,0.498,0.547,0.432,0.368,0.53,0.62,0.633
"2018-07-28 22:00:00",3814,0.531,0.496,0.55,0.432,0.371,0.531,0.622,0.633
"2018-07-28 22:30:00",3815,0.533,0.495,0.55,0.432,0.373,0.532,0.624,0.633
"2018-07-28 23:00:00",3816,0.535,0.495,0.551,0.433,0.375,0.534,0.625,0.636
"2018-07-28 23:30:00",3817,0.537,0.493,0.555,0.433,0.377,0.537,0.627,0.638
"2018-07-29 00:00:00",3818,0.539,0.49,0.559,0.433,0.379,0.535,0.627,0.638
"2018-07-29 00:30:00",3819,0.54,0.488,0.556,0.433,0.38,0.535,0.628,0.639
"2018-07-29 01:00:00",3820,0.54,0.488,0.556,0.433,0.382,0.536,0.628,0.641
"2018-07-29 01:30:00",3821,0.541,0.488,0.555,0.434,0.383,0.535,0.629,0.641
"2018-07-29 02:00:00",3822,0.542,0.488,0.555,0.434,0.383,0.536,0.63,0.64
"2018-07-29 02:30:00",3823,0.543,0.488,0.556,0.434,0.384,0.535,0.629,0.639
"2018-07-29 03:00:00",3824,0.543,0.487,0.553,0.433,0.384,0.534,0.629,0.638
"2018-07-29 03:30:00",3825,0.543,0.483,0.55,0.434,0.383,0.535,0.628,0.638
"2018-07-29 04:00:00",3826,0.543,0.482,0.55,0.433,0.383,0.535,0.629,0.638
"2018-07-29 04:30:00",3827,0.543,0.48,0.55,0.434,0.384,0.537,0.629,0.64
"2018-07-29 05:00:00",3828,0.545,0.479,0.554,0.431,0.386,0.54,0.628,0.64
"2018-07-29 05:30:00",3829,0.546,0.477,0.553,0.433,0.386,0.538,0.629,0.639
"2018-07-29 06:00:00",3830,0.545,0.475,0.553,0.433,0.386,0.538,0.629,0.639
"2018-07-29 06:30:00",3831,0.545,0.474,0.549,0.433,0.386,0.537,0.628,0.639
"2018-07-29 07:00:00",3832,0.543,0.472,0.537,0.429,0.385,0.533,0.628,0.639
"2018-07-29 07:30:00",3833,0.536,0.469,0.52,0.423,0.382,0.519,0.628,0.639
"2018-07-29 08:00:00",3834,0.525,0.462,0.504,0.413,0.375,0.497,0.625,0.639
"2018-07-29 08:30:00",3835,0.509,0.453,0.488,0.401,0.366,0.474,0.621,0.64
"2018-07-29 09:00:00",3836,0.489,0.439,0.47,0.391,0.353,0.451,0.613,0.638
"2018-07-29 09:30:00",3837,0.459,0.411,0.442,0.368,0.327,0.415,0.589,0.627
"2018-07-29 10:00:00",3838,0.44,0.393,0.427,0.354,0.301,0.395,0.562,0.621
"2018-07-29 10:30:00",3839,0.423,0.38,0.417,0.342,0.279,0.382,0.531,0.616
"2018-07-29 11:00:00",3840,0.418,0.378,0.414,0.338,0.271,0.379,0.512,0.61
"2018-07-29 11:30:00",3841,0.42,0.381,0.416,0.342,0.273,0.381,0.508,0.608
"2018-07-29 12:00:00",3842,0.414,0.381,0.414,0.338,0.269,0.378,0.501,0.603
"2018-07-29 12:30:00",3843,0.419,0.387,0.419,0.344,0.272,0.383,0.504,0.603
"2018-07-29 13:00:00",3844,0.42,0.389,0.419,0.348,0.274,0.383,0.504,0.6
"2018-07-29 13:30:00",3845,0.419,0.39,0.418,0.349,0.27,0.381,0.504,0.601
"2018-07-29 14:00:00",3846,0.417,0.395,0.417,0.35,0.268,0.381,0.507,0.603
"2018-07-29 14:30:00",3847,0.417,0.397,0.417,0.353,0.268,0.381,0.507,0.605
"2018-07-29 15:00:00",3848,0.417,0.395,0.416,0.352,0.266,0.38,0.506,0.605
"2018-07-29 15:30:00",3849,0.417,0.397,0.417,0.353,0.266,0.38,0.507,0.606
"2018-07-29 16:00:00",3850,0.418,0.403,0.419,0.354,0.268,0.38,0.516,0.613
"2018-07-29 16:30:00",3851,0.419,0.407,0.42,0.354,0.269,0.381,0.521,0.617
"2018-07-29 17:00:00",3852,0.422,0.412,0.422,0.356,0.272,0.382,0.528,0.62
"2018-07-29 17:30:00",3853,0.425,0.417,0.426,0.361,0.279,0.385,0.539,0.624
"2018-07-29 18:00:00",3854,0.432,0.426,0.435,0.368,0.293,0.39,0.551,0.626
"2018-07-29 18:30:00",3855,0.438,0.436,0.44,0.371,0.305,0.393,0.56,0.627
"2018-07-29 19:00:00",3856,0.448,0.453,0.45,0.378,0.319,0.4,0.571,0.627
"2018-07-29 19:30:00",3857,0.466,0.471,0.464,0.388,0.336,0.412,0.582,0.627
"2018-07-29 20:00:00",3858,0.486,0.483,0.482,0.396,0.348,0.433,0.592,0.628
"2018-07-29 20:30:00",3859,0.515,0.492,0.518,0.419,0.359,0.489,0.605,0.63
"2018-07-29 21:00:00",3860,0.531,0.497,0.535,0.429,0.367,0.514,0.613,0.632
"2018-07-29 21:30:00",3861,0.541,0.497,0.545,0.434,0.371,0.526,0.617,0.636
"2018-07-29 22:00:00",3862,0.546,0.496,0.551,0.436,0.374,0.53,0.62,0.637
"2018-07-29 22:30:00",3863,0.55,0.496,0.556,0.437,0.376,0.533,0.623,0.639
"2018-07-29 23:00:00",3864,0.552,0.493,0.561,0.438,0.377,0.535,0.625,0.641
"2018-07-29 23:30:00",3865,0.553,0.49,0.563,0.437,0.378,0.535,0.626,0.641
"2018-07-30 00:00:00",3866,0.554,0.488,0.564,0.437,0.379,0.535,0.627,0.641
"2018-07-30 00:30:00",3867,0.554,0.479,0.565,0.436,0.379,0.534,0.629,0.641
"2018-07-30 01:00:00",3868,0.554,0.472,0.565,0.434,0.379,0.533,0.629,0.64
"2018-07-30 01:30:00",3869,0.554,0.467,0.564,0.433,0.379,0.531,0.63,0.64
"2018-07-30 02:00:00",3870,0.554,0.464,0.563,0.432,0.379,0.532,0.632,0.641
"2018-07-30 02:30:00",3871,0.553,0.461,0.561,0.431,0.379,0.53,0.63,0.639
"2018-07-30 03:00:00",3872,0.553,0.46,0.561,0.431,0.379,0.53,0.63,0.64
"2018-07-30 03:30:00",3873,0.553,0.458,0.56,0.431,0.379,0.529,0.629,0.639
"2018-07-30 04:00:00",3874,0.553,0.457,0.559,0.431,0.379,0.529,0.63,0.64
"2018-07-30 04:30:00",3875,0.552,0.456,0.558,0.431,0.378,0.529,0.63,0.64
"2018-07-30 05:00:00",3876,0.552,0.455,0.558,0.431,0.378,0.528,0.63,0.64
"2018-07-30 05:30:00",3877,0.552,0.454,0.557,0.43,0.378,0.528,0.629,0.638
"2018-07-30 06:00:00",3878,0.552,0.453,0.557,0.43,0.377,0.528,0.63,0.639
"2018-07-30 06:30:00",3879,0.551,0.452,0.556,0.429,0.377,0.528,0.629,0.638
"2018-07-30 07:00:00",3880,0.551,0.451,0.554,0.428,0.376,0.524,0.628,0.635
"2018-07-30 07:30:00",3881,0.55,0.45,0.553,0.428,0.376,0.524,0.628,0.637
"2018-07-30 08:00:00",3882,0.549,0.449,0.553,0.427,0.375,0.525,0.628,0.637
"2018-07-30 08:30:00",3883,0.549,0.447,0.552,0.426,0.374,0.523,0.625,0.633
"2018-07-30 09:00:00",3884,0.548,0.446,0.553,0.427,0.372,0.526,0.622,0.632
"2018-07-30 09:30:00",3885,0.543,0.446,0.533,0.424,0.368,0.521,0.61,0.625
"2018-07-30 10:00:00",3886,0.508,0.431,0.463,0.406,0.347,0.452,0.609,0.624
"2018-07-30 10:30:00",3887,0.476,0.413,0.443,0.382,0.327,0.425,0.602,0.624
"2018-07-30 11:00:00",3888,0.479,0.417,0.451,0.385,0.331,0.433,0.599,0.627
"2018-07-30 11:30:00",3889,0.481,0.419,0.451,0.385,0.334,0.432,0.592,0.626
"2018-07-30 12:00:00",3890,0.472,0.409,0.44,0.378,0.323,0.418,0.584,0.626
"2018-07-30 12:30:00",3891,0.475,0.411,0.445,0.38,0.321,0.425,0.578,0.627
"2018-07-30 13:00:00",3892,0.491,0.424,0.46,0.392,0.334,0.444,0.585,0.627
"2018-07-30 13:30:00",3893,0.488,0.423,0.454,0.391,0.334,0.439,0.587,0.626
"2018-07-30 14:00:00",3894,0.474,0.411,0.442,0.38,0.322,0.424,0.585,0.626
"2018-07-30 14:30:00",3895,0.472,0.408,0.441,0.377,0.319,0.421,0.58,0.625
"2018-07-30 15:00:00",3896,0.477,0.412,0.449,0.381,0.324,0.43,0.581,0.626
"2018-07-30 15:30:00",3897,0.498,0.429,0.469,0.396,0.34,0.454,0.594,0.628
"2018-07-30 16:00:00",3898,0.487,0.423,0.456,0.39,0.335,0.439,0.592,0.628
"2018-07-30 16:30:00",3899,0.479,0.414,0.449,0.383,0.324,0.429,0.586,0.625
"2018-07-30 17:00:00",3900,0.479,0.414,0.45,0.382,0.324,0.429,0.585,0.624
"2018-07-30 17:30:00",3901,0.475,0.411,0.447,0.378,0.321,0.425,0.583,0.622
"2018-07-30 18:00:00",3902,0.486,0.42,0.462,0.387,0.329,0.443,0.585,0.623
"2018-07-30 18:30:00",3903,0.506,0.434,0.488,0.399,0.344,0.475,0.592,0.624
"2018-07-30 19:00:00",3904,0.525,0.443,0.512,0.413,0.356,0.51,0.596,0.622
"2018-07-30 19:30:00",3905,0.539,0.448,0.526,0.423,0.365,0.529,0.609,0.627
"2018-07-30 20:00:00",3906,0.547,0.448,0.531,0.426,0.369,0.536,0.613,0.629
"2018-07-30 20:30:00",3907,0.55,0.45,0.525,0.426,0.371,0.537,0.618,0.631
"2018-07-30 21:00:00",3908,0.553,0.45,0.517,0.427,0.372,0.536,0.621,0.632
"2018-07-30 21:30:00",3909,0.554,0.45,0.514,0.429,0.372,0.536,0.622,0.634
"2018-07-30 22:00:00",3910,0.556,0.451,0.514,0.43,0.373,0.535,0.622,0.634
"2018-07-30 22:30:00",3911,0.557,0.451,0.514,0.429,0.374,0.535,0.623,0.634
"2018-07-30 23:00:00",3912,0.558,0.451,0.514,0.43,0.374,0.534,0.624,0.635
"2018-07-30 23:30:00",3913,0.559,0.451,0.515,0.432,0.375,0.534,0.627,0.636
"2018-07-31 00:00:00",3914,0.559,0.451,0.514,0.433,0.375,0.534,0.627,0.637
"2018-07-31 00:30:00",3915,0.56,0.451,0.514,0.433,0.375,0.536,0.628,0.637
"2018-07-31 01:00:00",3916,0.561,0.451,0.513,0.433,0.375,0.536,0.626,0.637
"2018-07-31 01:30:00",3917,0.561,0.451,0.512,0.433,0.375,0.535,0.623,0.637
"2018-07-31 02:00:00",3918,0.56,0.45,0.511,0.433,0.375,0.534,0.625,0.636
"2018-07-31 02:30:00",3919,0.558,0.445,0.507,0.427,0.374,0.533,0.613,0.633
"2018-07-31 03:00:00",3920,0.554,0.442,0.502,0.42,0.372,0.532,0.603,0.628
"2018-07-31 03:30:00",3921,0.555,0.442,0.502,0.423,0.372,0.531,0.61,0.629
"2018-07-31 04:00:00",3922,0.556,0.446,0.501,0.427,0.372,0.531,0.62,0.63
"2018-07-31 04:30:00",3923,0.556,0.446,0.5,0.429,0.373,0.53,0.624,0.632
"2018-07-31 05:00:00",3924,0.557,0.447,0.498,0.429,0.373,0.529,0.624,0.633
"2018-07-31 05:30:00",3925,0.557,0.447,0.495,0.429,0.373,0.528,0.624,0.632
"2018-07-31 06:00:00",3926,0.557,0.447,0.493,0.428,0.373,0.527,0.622,0.633
"2018-07-31 06:30:00",3927,0.557,0.446,0.491,0.428,0.372,0.527,0.622,0.633
"2018-07-31 07:00:00",3928,0.556,0.445,0.488,0.426,0.372,0.526,0.618,0.631
"2018-07-31 07:30:00",3929,0.555,0.444,0.486,0.424,0.371,0.528,0.613,0.63
"2018-07-31 08:00:00",3930,0.551,0.441,0.477,0.42,0.369,0.529,0.597,0.62
"2018-07-31 08:30:00",3931,0.553,0.442,0.472,0.424,0.369,0.531,0.602,0.622
"2018-07-31 09:00:00",3932,0.543,0.44,0.439,0.421,0.366,0.509,0.602,0.62
"2018-07-31 09:30:00",3933,0.514,0.431,0.404,0.406,0.354,0.465,0.603,0.621
"2018-07-31 10:00:00",3934,0.504,0.429,0.403,0.4,0.342,0.454,0.608,0.625
"2018-07-31 10:30:00",3935,0.511,0.432,0.411,0.404,0.342,0.463,0.611,0.626
"2018-07-31 11:00:00",3936,0.49,0.42,0.388,0.391,0.33,0.428,0.608,0.625
"2018-07-31 11:30:00",3937,0.47,0.404,0.375,0.374,0.311,0.407,0.591,0.626
"2018-07-31 12:00:00",3938,0.465,0.401,0.372,0.371,0.304,0.4,0.579,0.626
"2018-07-31 12:30:00",3939,0.444,0.385,0.356,0.356,0.285,0.379,0.551,0.622
"2018-07-31 13:00:00",3940,0.45,0.39,0.362,0.358,0.285,0.385,0.543,0.621
"2018-07-31 13:30:00",3941,0.456,0.396,0.367,0.365,0.291,0.392,0.546,0.62
"2018-07-31 14:00:00",3942,0.457,0.397,0.369,0.366,0.292,0.392,0.549,0.621
"2018-07-31 14:30:00",3943,0.449,0.39,0.365,0.361,0.285,0.384,0.54,0.617
"2018-07-31 15:00:00",3944,0.45,0.392,0.367,0.362,0.286,0.385,0.543,0.619
"2018-07-31 15:30:00",3945,0.452,0.392,0.369,0.364,0.287,0.387,0.541,0.616
"2018-07-31 16:00:00",3946,0.447,0.39,0.367,0.36,0.285,0.38,0.544,0.618
"2018-07-31 16:30:00",3947,0.449,0.39,0.372,0.36,0.285,0.384,0.542,0.617
"2018-07-31 17:00:00",3948,0.465,0.406,0.387,0.373,0.303,0.398,0.556,0.621
"2018-07-31 17:30:00",3949,0.455,0.398,0.382,0.367,0.296,0.387,0.557,0.62
"2018-07-31 18:00:00",3950,0.469,0.41,0.396,0.376,0.309,0.401,0.57,0.624
"2018-07-31 18:30:00",3951,0.467,0.413,0.397,0.374,0.315,0.399,0.579,0.627
"2018-07-31 19:00:00",3952,0.491,0.431,0.419,0.392,0.328,0.43,0.588,0.628
"2018-07-31 19:30:00",3953,0.502,0.445,0.428,0.396,0.339,0.437,0.595,0.63
"2018-07-31 20:00:00",3954,0.524,0.456,0.453,0.411,0.35,0.472,0.603,0.629
"2018-07-31 20:30:00",3955,0.543,0.46,0.477,0.426,0.359,0.506,0.609,0.628
"2018-07-31 21:00:00",3956,0.553,0.458,0.49,0.433,0.364,0.523,0.615,0.63
"2018-07-31 21:30:00",3957,0.558,0.455,0.498,0.435,0.367,0.531,0.618,0.632
"2018-07-31 22:00:00",3958,0.56,0.453,0.498,0.435,0.369,0.532,0.618,0.631
"2018-07-31 22:30:00",3959,0.561,0.451,0.493,0.434,0.369,0.531,0.621,0.633
"2018-07-31 23:00:00",3960,0.561,0.45,0.491,0.433,0.37,0.531,0.624,0.633
"2018-07-31 23:30:00",3961,0.561,0.449,0.488,0.432,0.37,0.53,0.624,0.634
"2018-08-01 00:00:00",3962,0.561,0.448,0.484,0.43,0.37,0.528,0.623,0.634
"2018-08-01 00:30:00",3963,0.56,0.448,0.48,0.43,0.37,0.527,0.623,0.634
"2018-08-01 01:00:00",3964,0.56,0.447,0.476,0.43,0.37,0.525,0.622,0.633
"2018-08-01 01:30:00",3965,0.56,0.446,0.473,0.429,0.37,0.521,0.619,0.63
"2018-08-01 02:00:00",3966,0.558,0.443,0.467,0.424,0.369,0.519,0.612,0.626
"2018-08-01 02:30:00",3967,0.559,0.443,0.465,0.422,0.369,0.518,0.614,0.606
"2018-08-01 03:00:00",3968,0.56,0.443,0.463,0.424,0.37,0.519,0.618,0.598
"2018-08-01 03:30:00",3969,0.561,0.445,0.463,0.426,0.37,0.522,0.622,0.611
"2018-08-01 04:00:00",3970,0.561,0.445,0.462,0.427,0.371,0.523,0.623,0.613
"2018-08-01 04:30:00",3971,0.562,0.445,0.461,0.428,0.372,0.522,0.624,0.613
"2018-08-01 05:00:00",3972,0.562,0.445,0.46,0.428,0.372,0.521,0.623,0.612
"2018-08-01 05:30:00",3973,0.561,0.443,0.458,0.424,0.372,0.519,0.619,0.61
"2018-08-01 06:00:00",3974,0.561,0.444,0.459,0.424,0.371,0.521,0.622,0.614
"2018-08-01 06:30:00",3975,0.561,0.444,0.458,0.426,0.371,0.52,0.623,0.615
"2018-08-01 07:00:00",3976,0.561,0.443,0.457,0.426,0.371,0.519,0.622,0.617
"2018-08-01 07:30:00",3977,0.561,0.443,0.458,0.426,0.371,0.519,0.622,0.618
"2018-08-01 08:00:00",3978,0.562,0.443,0.46,0.427,0.371,0.521,0.62,0.618
"2018-08-01 08:30:00",3979,0.562,0.446,0.455,0.428,0.37,0.524,0.615,0.617
"2018-08-01 09:00:00",3980,0.556,0.447,0.43,0.424,0.37,0.51,0.611,0.615
"2018-08-01 09:30:00",3981,0.531,0.441,0.394,0.409,0.366,0.464,0.611,0.615
"2018-08-01 10:00:00",3982,0.491,0.419,0.363,0.384,0.351,0.411,0.607,0.613
"2018-08-01 10:30:00",3983,0.459,0.393,0.342,0.361,0.312,0.379,0.584,0.608
"2018-08-01 11:00:00",3984,0.452,0.388,0.34,0.355,0.295,0.374,0.561,0.608
"2018-08-01 11:30:00",3985,0.458,0.393,0.349,0.36,0.299,0.38,0.555,0.608
"2018-08-01 12:00:00",3986,0.45,0.387,0.346,0.354,0.293,0.373,0.541,0.609
