"TOA5","CR1000-FRESH","CR1000","86614","CR1000.Std.31.03","CPU:Sapflow_SERC.CR1","28068","Table1"
"TIMESTAMP","RECORD","DiffVolt_Avg(1)","DiffVolt_Avg(2)","DiffVolt_Avg(3)","DiffVolt_Avg(4)","DiffVolt_Avg(5)","DiffVolt_Avg(6)","DiffVolt_Avg(7)","DiffVolt_Avg(8)"
"TS","RN","mV","mV","mV","mV","mV","mV","mV","mV"
"","","Avg","Avg","Avg","Avg","Avg","Avg","Avg","Avg"
"2018-09-13 11:30:00",5410,0.45,0.44,0.422,0.364,0.454,0.428,0.475,0.521
"2018-09-13 12:00:00",5411,0.445,0.436,0.418,0.36,0.45,0.422,0.475,0.52
"2018-09-13 12:30:00",5412,0.448,0.44,0.425,0.364,0.457,0.428,0.475,0.521
"2018-09-13 13:00:00",5413,0.44,0.434,0.416,0.357,0.447,0.42,0.474,0.521
"2018-09-13 13:30:00",5414,0.421,0.418,0.397,0.339,0.425,0.397,0.474,0.516
"2018-09-13 14:00:00",5415,0.417,0.417,0.398,0.337,0.424,0.396,0.475,0.513
"2018-09-13 14:30:00",5416,0.415,0.418,0.397,0.337,0.423,0.396,0.476,0.51
"2018-09-13 15:00:00",5417,0.411,0.416,0.394,0.333,0.419,0.391,0.476,0.509
"2018-09-13 15:30:00",5418,0.41,0.415,0.394,0.332,0.418,0.39,0.476,0.504
"2018-09-13 16:00:00",5419,0.409,0.415,0.393,0.331,0.417,0.388,0.476,0.502
"2018-09-13 16:30:00",5420,0.412,0.419,0.398,0.335,0.422,0.393,0.477,0.502
"2018-09-13 17:00:00",5421,0.421,0.427,0.409,0.345,0.432,0.404,0.48,0.505
"2018-09-13 17:30:00",5422,0.426,0.431,0.414,0.351,0.436,0.408,0.481,0.509
"2018-09-13 18:00:00",5423,0.429,0.432,0.417,0.354,0.438,0.41,0.482,0.511
"2018-09-13 18:30:00",5424,0.427,0.431,0.416,0.352,0.434,0.407,0.483,0.513
"2018-09-13 19:00:00",5425,0.429,0.433,0.419,0.355,0.437,0.409,0.485,0.515
"2018-09-13 19:30:00",5426,0.436,0.438,0.429,0.363,0.445,0.416,0.485,0.517
"2018-09-13 20:00:00",5427,0.438,0.44,0.433,0.364,0.444,0.416,0.484,0.518
"2018-09-13 20:30:00",5428,0.442,0.444,0.437,0.369,0.446,0.419,0.489,0.519
"2018-09-13 21:00:00",5429,0.444,0.446,0.44,0.371,0.448,0.42,0.492,0.519
"2018-09-13 21:30:00",5430,0.448,0.447,0.443,0.373,0.452,0.422,0.492,0.518
"2018-09-13 22:00:00",5431,0.451,0.448,0.447,0.374,0.454,0.425,0.493,0.518
"2018-09-13 22:30:00",5432,0.455,0.452,0.453,0.379,0.461,0.43,0.494,0.518
"2018-09-13 23:00:00",5433,0.461,0.457,0.46,0.384,0.47,0.439,0.494,0.519
"2018-09-13 23:30:00",5434,0.465,0.46,0.464,0.387,0.474,0.443,0.495,0.521
"2018-09-14 00:00:00",5435,0.468,0.462,0.466,0.388,0.477,0.445,0.496,0.522
"2018-09-14 00:30:00",5436,0.469,0.463,0.467,0.388,0.476,0.446,0.496,0.521
"2018-09-14 01:00:00",5437,0.47,0.464,0.469,0.387,0.476,0.447,0.497,0.521
"2018-09-14 01:30:00",5438,0.471,0.463,0.468,0.386,0.476,0.446,0.498,0.52
"2018-09-14 02:00:00",5439,0.472,0.463,0.468,0.385,0.476,0.447,0.499,0.52
"2018-09-14 02:30:00",5440,0.473,0.463,0.47,0.386,0.481,0.449,0.499,0.52
"2018-09-14 03:00:00",5441,0.474,0.463,0.47,0.387,0.481,0.449,0.499,0.52
"2018-09-14 03:30:00",5442,0.475,0.463,0.471,0.388,0.484,0.451,0.497,0.52
"2018-09-14 04:00:00",5443,0.476,0.464,0.472,0.389,0.486,0.453,0.498,0.52
"2018-09-14 04:30:00",5444,0.477,0.466,0.475,0.391,0.491,0.456,0.498,0.521
"2018-09-14 05:00:00",5445,0.478,0.466,0.477,0.393,0.493,0.458,0.498,0.521
"2018-09-14 05:30:00",5446,0.48,0.466,0.478,0.393,0.495,0.461,0.499,0.523
"2018-09-14 06:00:00",5447,0.48,0.466,0.477,0.392,0.493,0.46,0.499,0.524
"2018-09-14 06:30:00",5448,0.479,0.465,0.475,0.391,0.493,0.459,0.499,0.524
"2018-09-14 07:00:00",5449,0.479,0.466,0.476,0.392,0.494,0.459,0.499,0.523
"2018-09-14 07:30:00",5450,0.478,0.466,0.476,0.393,0.494,0.46,0.499,0.524
"2018-09-14 08:00:00",5451,0.48,0.466,0.476,0.395,0.494,0.461,0.498,0.522
"2018-09-14 08:30:00",5452,0.48,0.465,0.476,0.395,0.493,0.461,0.498,0.522
"2018-09-14 09:00:00",5453,0.479,0.465,0.476,0.395,0.491,0.461,0.498,0.522
"2018-09-14 09:30:00",5454,0.477,0.464,0.473,0.395,0.489,0.461,0.498,0.521
"2018-09-14 10:00:00",5455,0.477,0.463,0.471,0.394,0.486,0.46,0.498,0.521
"2018-09-14 10:30:00",5456,0.477,0.46,0.465,0.391,0.483,0.458,0.498,0.521
"2018-09-14 11:00:00",5457,0.475,0.456,0.456,0.387,0.478,0.455,0.497,0.52
"2018-09-14 11:30:00",5458,0.476,0.459,0.461,0.389,0.481,0.457,0.498,0.522
"2018-09-14 12:00:00",5459,0.475,0.461,0.465,0.392,0.482,0.46,0.497,0.522
"2018-09-14 12:30:00",5460,0.474,0.461,0.464,0.393,0.482,0.46,0.496,0.521
"2018-09-14 13:00:00",5461,0.473,0.46,0.461,0.393,0.48,0.46,0.495,0.521
"2018-09-14 13:30:00",5462,0.472,0.458,0.455,0.391,0.477,0.457,0.495,0.52
"2018-09-14 14:00:00",5463,0.472,0.46,0.46,0.393,0.479,0.46,0.494,0.519
"2018-09-14 14:30:00",5464,0.471,0.458,0.456,0.393,0.477,0.458,0.493,0.517
"2018-09-14 15:00:00",5465,0.468,0.454,0.445,0.386,0.467,0.454,0.494,0.518
"2018-09-14 15:30:00",5466,0.455,0.44,0.426,0.369,0.443,0.436,0.495,0.519
"2018-09-14 16:00:00",5467,0.43,0.421,0.407,0.346,0.418,0.408,0.495,0.519
"2018-09-14 16:30:00",5468,0.41,0.409,0.396,0.331,0.404,0.39,0.496,0.516
"2018-09-14 17:00:00",5469,0.402,0.409,0.392,0.325,0.399,0.385,0.498,0.514
"2018-09-14 17:30:00",5470,0.406,0.414,0.397,0.329,0.406,0.39,0.499,0.511
"2018-09-14 18:00:00",5471,0.416,0.423,0.407,0.34,0.419,0.401,0.5,0.51
"2018-09-14 18:30:00",5472,0.428,0.432,0.42,0.353,0.433,0.414,0.501,0.512
"2018-09-14 19:00:00",5473,0.435,0.438,0.428,0.36,0.44,0.421,0.502,0.514
"2018-09-14 19:30:00",5474,0.438,0.439,0.431,0.361,0.439,0.422,0.503,0.516
"2018-09-14 20:00:00",5475,0.447,0.446,0.442,0.37,0.451,0.431,0.503,0.518
"2018-09-14 20:30:00",5476,0.451,0.449,0.448,0.373,0.451,0.434,0.504,0.52
"2018-09-14 21:00:00",5477,0.452,0.449,0.448,0.374,0.45,0.433,0.505,0.521
"2018-09-14 21:30:00",5478,0.454,0.452,0.451,0.376,0.452,0.435,0.506,0.523
"2018-09-14 22:00:00",5479,0.455,0.453,0.453,0.378,0.454,0.436,0.506,0.523
"2018-09-14 22:30:00",5480,0.459,0.455,0.457,0.38,0.456,0.439,0.507,0.525
"2018-09-14 23:00:00",5481,0.463,0.459,0.461,0.383,0.462,0.445,0.508,0.526
"2018-09-14 23:30:00",5482,0.467,0.462,0.467,0.388,0.47,0.45,0.507,0.526
"2018-09-15 00:00:00",5483,0.472,0.466,0.475,0.393,0.48,0.457,0.507,0.526
"2018-09-15 00:30:00",5484,0.476,0.471,0.481,0.397,0.488,0.462,0.507,0.526
"2018-09-15 01:00:00",5485,0.477,0.471,0.483,0.399,0.49,0.465,0.506,0.526
"2018-09-15 01:30:00",5486,0.477,0.47,0.484,0.399,0.49,0.466,0.505,0.524
"2018-09-15 02:00:00",5487,0.478,0.47,0.484,0.398,0.49,0.465,0.505,0.525
"2018-09-15 02:30:00",5488,0.478,0.47,0.485,0.398,0.489,0.466,0.506,0.525
"2018-09-15 03:00:00",5489,0.478,0.47,0.485,0.398,0.489,0.466,0.506,0.525
"2018-09-15 03:30:00",5490,0.478,0.468,0.485,0.397,0.489,0.464,0.506,0.525
"2018-09-15 04:00:00",5491,0.48,0.469,0.485,0.397,0.486,0.465,0.508,0.526
"2018-09-15 04:30:00",5492,0.48,0.468,0.484,0.395,0.485,0.464,0.508,0.527
"2018-09-15 05:00:00",5493,0.48,0.467,0.483,0.395,0.485,0.463,0.507,0.526
"2018-09-15 05:30:00",5494,0.482,0.469,0.486,0.396,0.487,0.465,0.505,0.531
"2018-09-15 06:00:00",5495,0.482,0.469,0.488,0.397,0.487,0.467,0.503,0.532
"2018-09-15 06:30:00",5496,0.483,0.47,0.488,0.397,0.486,0.468,0.494,0.531
"2018-09-15 07:00:00",5497,0.482,0.469,0.486,0.396,0.484,0.467,0.494,0.53
"2018-09-15 07:30:00",5498,0.48,0.464,0.479,0.391,0.478,0.462,0.493,0.527
"2018-09-15 08:00:00",5499,0.478,0.458,0.466,0.384,0.47,0.457,0.494,0.527
"2018-09-15 08:30:00",5500,0.473,0.453,0.454,0.377,0.462,0.451,0.494,0.528
"2018-09-15 09:00:00",5501,0.466,0.446,0.445,0.371,0.456,0.444,0.496,0.528
"2018-09-15 09:30:00",5502,0.457,0.44,0.436,0.364,0.448,0.436,0.5,0.53
"2018-09-15 10:00:00",5503,0.448,0.434,0.429,0.357,0.44,0.428,0.5,0.53
"2018-09-15 10:30:00",5504,0.431,0.42,0.412,0.342,0.424,0.408,0.498,0.525
"2018-09-15 11:00:00",5505,0.405,0.403,0.391,0.324,0.405,0.382,0.498,0.52
"2018-09-15 11:30:00",5506,0.391,0.402,0.385,0.316,0.397,0.371,0.497,0.512
"2018-09-15 12:00:00",5507,0.388,0.405,0.384,0.313,0.396,0.369,0.495,0.502
"2018-09-15 12:30:00",5508,0.39,0.409,0.385,0.314,0.397,0.37,0.496,0.492
"2018-09-15 13:00:00",5509,0.379,0.402,0.375,0.304,0.39,0.357,0.494,0.478
"2018-09-15 13:30:00",5510,0.378,0.404,0.376,0.305,0.391,0.357,0.49,0.468
"2018-09-15 14:00:00",5511,0.383,0.41,0.383,0.311,0.398,0.365,0.489,0.465
"2018-09-15 14:30:00",5512,0.382,0.41,0.382,0.311,0.396,0.363,0.486,0.462
"2018-09-15 15:00:00",5513,0.392,0.419,0.392,0.32,0.406,0.373,0.493,0.465
"2018-09-15 15:30:00",5514,0.396,0.421,0.396,0.324,0.408,0.376,0.499,0.469
"2018-09-15 16:00:00",5515,0.394,0.42,0.396,0.324,0.408,0.375,0.5,0.47
"2018-09-15 16:30:00",5516,0.396,0.421,0.399,0.325,0.409,0.376,0.502,0.473
"2018-09-15 17:00:00",5517,0.405,0.428,0.407,0.334,0.416,0.385,0.506,0.482
"2018-09-15 17:30:00",5518,0.412,0.432,0.414,0.341,0.422,0.394,0.517,0.489
"2018-09-15 18:00:00",5519,0.417,0.434,0.419,0.346,0.425,0.401,0.522,0.5
"2018-09-15 18:30:00",5520,0.424,0.441,0.429,0.354,0.433,0.411,0.526,0.509
"2018-09-15 19:00:00",5521,0.433,0.447,0.437,0.361,0.439,0.419,0.528,0.519
"2018-09-15 19:30:00",5522,0.445,0.458,0.45,0.372,0.45,0.434,0.529,0.526
"2018-09-15 20:00:00",5523,0.452,0.463,0.458,0.378,0.453,0.441,0.531,0.531
"2018-09-15 20:30:00",5524,0.455,0.463,0.462,0.38,0.456,0.442,0.528,0.535
"2018-09-15 21:00:00",5525,0.459,0.465,0.464,0.382,0.455,0.443,0.535,0.537
"2018-09-15 21:30:00",5526,0.46,0.466,0.465,0.383,0.455,0.444,0.539,0.539
"2018-09-15 22:00:00",5527,0.464,0.469,0.47,0.382,0.461,0.451,0.542,0.542
"2018-09-15 22:30:00",5528,0.469,0.473,0.474,0.385,0.468,0.458,0.542,0.544
"2018-09-15 23:00:00",5529,0.475,0.48,0.484,0.393,0.483,0.468,0.54,0.544
"2018-09-15 23:30:00",5530,0.482,0.486,0.49,0.401,0.495,0.478,0.539,0.546
"2018-09-16 00:00:00",5531,0.486,0.488,0.493,0.405,0.498,0.481,0.539,0.546
"2018-09-16 00:30:00",5532,0.488,0.488,0.495,0.406,0.499,0.483,0.539,0.546
"2018-09-16 01:00:00",5533,0.488,0.485,0.491,0.401,0.487,0.48,0.538,0.547
"2018-09-16 01:30:00",5534,0.486,0.477,0.482,0.389,0.47,0.47,0.538,0.548
"2018-09-16 02:00:00",5535,0.483,0.471,0.475,0.38,0.465,0.461,0.538,0.549
"2018-09-16 02:30:00",5536,0.485,0.478,0.484,0.393,0.484,0.47,0.537,0.55
"2018-09-16 03:00:00",5537,0.487,0.481,0.488,0.398,0.49,0.477,0.536,0.549
"2018-09-16 03:30:00",5538,0.488,0.482,0.489,0.4,0.491,0.478,0.535,0.549
"2018-09-16 04:00:00",5539,0.487,0.48,0.488,0.4,0.493,0.476,0.535,0.545
"2018-09-16 04:30:00",5540,0.488,0.48,0.489,0.402,0.495,0.477,0.534,0.542
"2018-09-16 05:00:00",5541,0.487,0.479,0.488,0.402,0.495,0.475,0.534,0.541
"2018-09-16 05:30:00",5542,0.487,0.48,0.487,0.402,0.492,0.475,0.533,0.541
"2018-09-16 06:00:00",5543,0.485,0.477,0.485,0.402,0.489,0.472,0.532,0.539
"2018-09-16 06:30:00",5544,0.484,0.477,0.483,0.402,0.485,0.472,0.531,0.537
"2018-09-16 07:00:00",5545,0.482,0.477,0.482,0.402,0.483,0.472,0.53,0.537
"2018-09-16 07:30:00",5546,0.479,0.474,0.479,0.4,0.479,0.469,0.529,0.535
"2018-09-16 08:00:00",5547,0.478,0.474,0.48,0.4,0.477,0.469,0.529,0.537
"2018-09-16 08:30:00",5548,0.477,0.473,0.479,0.399,0.474,0.468,0.528,0.538
"2018-09-16 09:00:00",5549,0.475,0.471,0.478,0.399,0.472,0.466,0.527,0.535
"2018-09-16 09:30:00",5550,0.474,0.471,0.477,0.398,0.472,0.466,0.526,0.532
"2018-09-16 10:00:00",5551,0.474,0.471,0.478,0.4,0.473,0.467,0.525,0.531
"2018-09-16 10:30:00",5552,0.475,0.471,0.477,0.4,0.478,0.466,0.524,0.53
"2018-09-16 11:00:00",5553,0.476,0.469,0.469,0.397,0.476,0.466,0.523,0.53
"2018-09-16 11:30:00",5554,0.471,0.456,0.446,0.383,0.462,0.455,0.523,0.527
"2018-09-16 12:00:00",5555,0.437,0.421,0.404,0.344,0.419,0.409,0.522,0.529
"2018-09-16 12:30:00",5556,0.4,0.4,0.382,0.319,0.393,0.375,0.521,0.525
"2018-09-16 13:00:00",5557,0.386,0.401,0.375,0.308,0.385,0.364,0.52,0.514
"2018-09-16 13:30:00",5558,0.382,0.403,0.373,0.304,0.384,0.361,0.517,0.501
"2018-09-16 14:00:00",5559,0.38,0.404,0.372,0.303,0.384,0.359,0.513,0.488
"2018-09-16 14:30:00",5560,0.38,0.405,0.374,0.304,0.386,0.36,0.508,0.48
"2018-09-16 15:00:00",5561,0.383,0.409,0.378,0.308,0.39,0.364,0.502,0.476
"2018-09-16 15:30:00",5562,0.384,0.41,0.38,0.311,0.392,0.365,0.499,0.474
"2018-09-16 16:00:00",5563,0.381,0.409,0.378,0.311,0.391,0.363,0.494,0.471
"2018-09-16 16:30:00",5564,0.378,0.407,0.379,0.31,0.39,0.36,0.492,0.469
"2018-09-16 17:00:00",5565,0.38,0.411,0.384,0.315,0.393,0.363,0.491,0.47
"2018-09-16 17:30:00",5566,0.386,0.416,0.39,0.322,0.4,0.37,0.491,0.474
"2018-09-16 18:00:00",5567,0.399,0.425,0.4,0.334,0.41,0.381,0.496,0.481
"2018-09-16 18:30:00",5568,0.405,0.43,0.408,0.342,0.415,0.389,0.502,0.493
"2018-09-16 19:00:00",5569,0.421,0.444,0.426,0.357,0.429,0.409,0.51,0.507
"2018-09-16 19:30:00",5570,0.437,0.454,0.443,0.37,0.44,0.426,0.515,0.519
"2018-09-16 20:00:00",5571,0.448,0.462,0.454,0.38,0.45,0.438,0.519,0.528
"2018-09-16 20:30:00",5572,0.457,0.47,0.465,0.389,0.46,0.45,0.522,0.534
"2018-09-16 21:00:00",5573,0.461,0.47,0.466,0.388,0.456,0.449,0.524,0.537
"2018-09-16 21:30:00",5574,0.465,0.472,0.468,0.389,0.461,0.451,0.526,0.539
"2018-09-16 22:00:00",5575,0.469,0.474,0.47,0.391,0.465,0.453,0.527,0.54
"2018-09-16 22:30:00",5576,0.469,0.472,0.468,0.388,0.46,0.449,0.528,0.541
"2018-09-16 23:00:00",5577,0.469,0.472,0.468,0.386,0.459,0.448,0.528,0.542
"2018-09-16 23:30:00",5578,0.471,0.473,0.47,0.387,0.465,0.453,0.528,0.541
"2018-09-17 00:00:00",5579,0.476,0.48,0.476,0.394,0.477,0.464,0.527,0.543
"2018-09-17 00:30:00",5580,0.479,0.485,0.481,0.399,0.484,0.472,0.527,0.544
"2018-09-17 01:00:00",5581,0.482,0.488,0.485,0.403,0.49,0.477,0.527,0.544
"2018-09-17 01:30:00",5582,0.485,0.491,0.488,0.406,0.493,0.481,0.527,0.544
"2018-09-17 02:00:00",5583,0.487,0.492,0.489,0.408,0.494,0.483,0.527,0.545
"2018-09-17 02:30:00",5584,0.486,0.49,0.489,0.408,0.494,0.482,0.527,0.544
"2018-09-17 03:00:00",5585,0.485,0.488,0.487,0.406,0.492,0.48,0.528,0.541
"2018-09-17 03:30:00",5586,0.484,0.487,0.485,0.405,0.49,0.479,0.527,0.54
"2018-09-17 04:00:00",5587,0.484,0.487,0.484,0.404,0.488,0.48,0.527,0.541
"2018-09-17 04:30:00",5588,0.485,0.488,0.484,0.404,0.487,0.481,0.527,0.542
"2018-09-17 05:00:00",5589,0.485,0.487,0.483,0.405,0.487,0.48,0.527,0.542
"2018-09-17 05:30:00",5590,0.484,0.486,0.483,0.404,0.486,0.479,0.526,0.541
"2018-09-17 06:00:00",5591,0.484,0.487,0.483,0.405,0.485,0.48,0.521,0.542
"2018-09-17 06:30:00",5592,0.484,0.487,0.483,0.405,0.485,0.48,0.518,0.542
"2018-09-17 07:00:00",5593,0.484,0.487,0.483,0.405,0.484,0.481,0.516,0.542
"2018-09-17 07:30:00",5594,0.484,0.487,0.483,0.406,0.484,0.482,0.517,0.543
"2018-09-17 08:00:00",5595,0.483,0.485,0.479,0.404,0.481,0.48,0.517,0.543
"2018-09-17 08:30:00",5596,0.482,0.481,0.468,0.398,0.472,0.474,0.517,0.543
"2018-09-17 09:00:00",5597,0.478,0.471,0.452,0.388,0.46,0.463,0.517,0.544
"2018-09-17 09:30:00",5598,0.466,0.458,0.435,0.373,0.444,0.446,0.517,0.542
"2018-09-17 10:00:00",5599,0.454,0.448,0.424,0.362,0.434,0.431,0.517,0.54
"2018-09-17 10:30:00",5600,0.446,0.443,0.419,0.357,0.428,0.425,0.518,0.539
"2018-09-17 11:00:00",5601,0.443,0.443,0.419,0.357,0.429,0.424,0.517,0.536
"2018-09-17 11:30:00",5602,0.44,0.441,0.418,0.356,0.427,0.422,0.518,0.535
"2018-09-17 12:00:00",5603,0.434,0.435,0.412,0.349,0.419,0.415,0.519,0.532
"2018-09-17 12:30:00",5604,0.432,0.433,0.409,0.346,0.418,0.411,0.519,0.528
"2018-09-17 13:00:00",5605,0.445,0.448,0.425,0.363,0.439,0.431,0.519,0.53
"2018-09-17 13:30:00",5606,0.436,0.44,0.417,0.357,0.428,0.422,0.518,0.532
"2018-09-17 14:00:00",5607,0.452,0.455,0.437,0.371,0.449,0.441,0.517,0.534
"2018-09-17 14:30:00",5608,0.46,0.466,0.45,0.385,0.462,0.457,0.516,0.536
"2018-09-17 15:00:00",5609,0.455,0.461,0.441,0.381,0.451,0.453,0.516,0.538
"2018-09-17 15:30:00",5610,0.462,0.466,0.449,0.385,0.46,0.46,0.517,0.539
"2018-09-17 16:00:00",5611,0.468,0.472,0.459,0.391,0.468,0.467,0.516,0.54
"2018-09-17 16:30:00",5612,0.472,0.476,0.467,0.396,0.473,0.472,0.516,0.54
"2018-09-17 17:00:00",5613,0.472,0.477,0.468,0.398,0.474,0.471,0.515,0.54
"2018-09-17 17:30:00",5614,0.473,0.478,0.469,0.399,0.475,0.472,0.515,0.539
"2018-09-17 18:00:00",5615,0.475,0.48,0.472,0.401,0.476,0.473,0.513,0.538
"2018-09-17 18:30:00",5616,0.476,0.481,0.473,0.402,0.477,0.475,0.51,0.538
"2018-09-17 19:00:00",5617,0.477,0.482,0.475,0.403,0.477,0.476,0.51,0.537
"2018-09-17 19:30:00",5618,0.477,0.481,0.474,0.403,0.476,0.475,0.51,0.536
"2018-09-17 20:00:00",5619,0.476,0.48,0.471,0.402,0.473,0.473,0.511,0.536
"2018-09-17 20:30:00",5620,0.476,0.478,0.469,0.4,0.468,0.47,0.514,0.536
"2018-09-17 21:00:00",5621,0.476,0.477,0.469,0.398,0.464,0.469,0.515,0.536
"2018-09-17 21:30:00",5622,0.475,0.477,0.47,0.397,0.465,0.47,0.516,0.536
"2018-09-17 22:00:00",5623,0.476,0.478,0.471,0.397,0.466,0.471,0.516,0.536
"2018-09-17 22:30:00",5624,0.476,0.481,0.474,0.399,0.47,0.474,0.517,0.537
"2018-09-17 23:00:00",5625,0.478,0.482,0.477,0.401,0.472,0.475,0.517,0.538
"2018-09-17 23:30:00",5626,0.478,0.482,0.477,0.401,0.472,0.476,0.518,0.539
"2018-09-18 00:00:00",5627,0.478,0.481,0.475,0.399,0.468,0.474,0.519,0.539
"2018-09-18 00:30:00",5628,0.478,0.479,0.474,0.397,0.466,0.472,0.519,0.539
"2018-09-18 01:00:00",5629,0.477,0.477,0.471,0.394,0.461,0.47,0.519,0.54
"2018-09-18 01:30:00",5630,0.477,0.474,0.469,0.391,0.458,0.466,0.52,0.54
"2018-09-18 02:00:00",5631,0.476,0.473,0.468,0.389,0.457,0.465,0.52,0.541
"2018-09-18 02:30:00",5632,0.475,0.472,0.467,0.388,0.456,0.464,0.52,0.542
"2018-09-18 03:00:00",5633,0.477,0.474,0.471,0.392,0.464,0.468,0.521,0.542
"2018-09-18 03:30:00",5634,0.479,0.48,0.479,0.401,0.475,0.477,0.521,0.542
"2018-09-18 04:00:00",5635,0.48,0.482,0.483,0.404,0.477,0.48,0.522,0.543
"2018-09-18 04:30:00",5636,0.48,0.482,0.483,0.405,0.477,0.481,0.523,0.543
"2018-09-18 05:00:00",5637,0.48,0.482,0.483,0.405,0.478,0.48,0.523,0.543
"2018-09-18 05:30:00",5638,0.48,0.482,0.483,0.406,0.478,0.481,0.523,0.543
"2018-09-18 06:00:00",5639,0.48,0.482,0.483,0.406,0.479,0.481,0.525,0.543
"2018-09-18 06:30:00",5640,0.48,0.482,0.484,0.406,0.479,0.481,0.526,0.543
"2018-09-18 07:00:00",5641,0.481,0.482,0.484,0.407,0.48,0.482,0.526,0.543
"2018-09-18 07:30:00",5642,0.481,0.483,0.484,0.407,0.48,0.482,0.525,0.544
"2018-09-18 08:00:00",5643,0.482,0.483,0.483,0.407,0.481,0.483,0.525,0.544
"2018-09-18 08:30:00",5644,0.482,0.481,0.478,0.407,0.48,0.482,0.525,0.544
"2018-09-18 09:00:00",5645,0.478,0.472,0.462,0.4,0.469,0.474,0.524,0.543
"2018-09-18 09:30:00",5646,0.474,0.464,0.451,0.39,0.458,0.466,0.524,0.543
"2018-09-18 10:00:00",5647,0.458,0.446,0.43,0.37,0.435,0.444,0.524,0.542
"2018-09-18 10:30:00",5648,0.432,0.427,0.41,0.351,0.416,0.415,0.524,0.541
"2018-09-18 11:00:00",5649,0.405,0.41,0.387,0.325,0.394,0.382,0.523,0.537
"2018-09-18 11:30:00",5650,0.395,0.411,0.382,0.316,0.389,0.374,0.523,0.53
"2018-09-18 12:00:00",5651,0.398,0.418,0.387,0.32,0.396,0.379,0.521,0.519
"2018-09-18 12:30:00",5652,0.398,0.419,0.388,0.32,0.397,0.379,0.52,0.509
"2018-09-18 13:00:00",5653,0.387,0.412,0.379,0.309,0.391,0.367,0.516,0.496
"2018-09-18 13:30:00",5654,0.395,0.419,0.388,0.317,0.399,0.375,0.512,0.488
"2018-09-18 14:00:00",5655,0.394,0.419,0.386,0.317,0.4,0.373,0.507,0.484
"2018-09-18 14:30:00",5656,0.417,0.439,0.408,0.343,0.423,0.4,0.508,0.493
"2018-09-18 15:00:00",5657,0.443,0.459,0.438,0.372,0.455,0.434,0.512,0.507
"2018-09-18 15:30:00",5658,0.464,0.478,0.47,0.395,0.48,0.46,0.519,0.521
"2018-09-18 16:00:00",5659,0.472,0.484,0.479,0.401,0.484,0.469,0.523,0.531
"2018-09-18 16:30:00",5660,0.472,0.485,0.472,0.401,0.478,0.47,0.524,0.536
"2018-09-18 17:00:00",5661,0.471,0.48,0.459,0.395,0.466,0.461,0.525,0.539
"2018-09-18 17:30:00",5662,0.469,0.474,0.449,0.388,0.456,0.453,0.525,0.54
"2018-09-18 18:00:00",5663,0.453,0.457,0.433,0.369,0.434,0.431,0.525,0.541
"2018-09-18 18:30:00",5664,0.443,0.453,0.426,0.359,0.429,0.421,0.524,0.541
"2018-09-18 19:00:00",5665,0.44,0.457,0.431,0.363,0.433,0.425,0.523,0.541
"2018-09-18 19:30:00",5666,0.447,0.465,0.442,0.374,0.444,0.437,0.523,0.542
"2018-09-18 20:00:00",5667,0.454,0.466,0.448,0.376,0.444,0.439,0.525,0.542
"2018-09-18 20:30:00",5668,0.456,0.463,0.448,0.373,0.441,0.434,0.527,0.543
"2018-09-18 21:00:00",5669,0.458,0.462,0.449,0.373,0.442,0.435,0.527,0.544
"2018-09-18 21:30:00",5670,0.459,0.461,0.45,0.373,0.442,0.433,0.528,0.545
"2018-09-18 22:00:00",5671,0.46,0.462,0.452,0.374,0.444,0.435,0.528,0.545
"2018-09-18 22:30:00",5672,0.463,0.466,0.457,0.378,0.448,0.442,0.528,0.546
"2018-09-18 23:00:00",5673,0.464,0.465,0.458,0.378,0.448,0.442,0.529,0.547
"2018-09-18 23:30:00",5674,0.466,0.465,0.459,0.377,0.449,0.441,0.529,0.547
"2018-09-19 00:00:00",5675,0.468,0.466,0.46,0.378,0.451,0.443,0.529,0.547
"2018-09-19 00:30:00",5676,0.471,0.468,0.464,0.381,0.455,0.447,0.529,0.548
"2018-09-19 01:00:00",5677,0.474,0.47,0.467,0.384,0.458,0.452,0.529,0.548
"2018-09-19 01:30:00",5678,0.476,0.471,0.468,0.384,0.459,0.453,0.529,0.549
"2018-09-19 02:00:00",5679,0.477,0.472,0.469,0.385,0.46,0.454,0.53,0.549
"2018-09-19 02:30:00",5680,0.478,0.472,0.471,0.385,0.461,0.455,0.531,0.549
"2018-09-19 03:00:00",5681,0.479,0.473,0.472,0.386,0.464,0.457,0.531,0.549
"2018-09-19 03:30:00",5682,0.481,0.474,0.472,0.388,0.467,0.459,0.531,0.549
"2018-09-19 04:00:00",5683,0.482,0.475,0.474,0.39,0.47,0.461,0.531,0.549
"2018-09-19 04:30:00",5684,0.483,0.475,0.475,0.391,0.471,0.463,0.53,0.55
"2018-09-19 05:00:00",5685,0.483,0.475,0.476,0.392,0.472,0.464,0.53,0.55
"2018-09-19 05:30:00",5686,0.484,0.477,0.477,0.394,0.476,0.467,0.53,0.55
"2018-09-19 06:00:00",5687,0.485,0.479,0.48,0.398,0.482,0.472,0.53,0.55
"2018-09-19 06:30:00",5688,0.486,0.481,0.482,0.4,0.485,0.475,0.529,0.55
"2018-09-19 07:00:00",5689,0.487,0.482,0.484,0.402,0.487,0.477,0.527,0.55
"2018-09-19 07:30:00",5690,0.486,0.482,0.482,0.402,0.485,0.478,0.526,0.55
"2018-09-19 08:00:00",5691,0.481,0.476,0.47,0.397,0.476,0.47,0.526,0.55
"2018-09-19 08:30:00",5692,0.465,0.463,0.449,0.386,0.458,0.45,0.526,0.549
"2018-09-19 09:00:00",5693,0.442,0.443,0.423,0.366,0.437,0.418,0.525,0.547
"2018-09-19 09:30:00",5694,0.422,0.428,0.406,0.349,0.423,0.395,0.525,0.544
"2018-09-19 10:00:00",5695,0.405,0.415,0.392,0.332,0.409,0.378,0.523,0.536
"2018-09-19 10:30:00",5696,0.396,0.414,0.386,0.323,0.401,0.371,0.52,0.527
"2018-09-19 11:00:00",5697,0.39,0.414,0.382,0.315,0.395,0.364,0.515,0.514
"2018-09-19 11:30:00",5698,0.386,0.411,0.379,0.312,0.393,0.361,0.509,0.497
"2018-09-19 12:00:00",5699,0.381,0.408,0.376,0.307,0.391,0.356,0.5,0.479
"2018-09-19 12:30:00",5700,0.382,0.409,0.378,0.308,0.393,0.357,0.493,0.469
"2018-09-19 13:00:00",5701,0.376,0.406,0.374,0.304,0.389,0.351,0.481,0.461
"2018-09-19 13:30:00",5702,0.376,0.406,0.376,0.305,0.389,0.35,0.477,0.461
"2018-09-19 14:00:00",5703,0.376,0.407,0.379,0.306,0.39,0.35,0.477,0.462
"2018-09-19 14:30:00",5704,0.376,0.409,0.382,0.309,0.392,0.351,0.477,0.461
"2018-09-19 15:00:00",5705,0.375,0.408,0.383,0.312,0.393,0.35,0.478,0.461
"2018-09-19 15:30:00",5706,0.374,0.409,0.386,0.316,0.397,0.351,0.477,0.464
"2018-09-19 16:00:00",5707,0.378,0.412,0.39,0.32,0.402,0.354,0.478,0.468
"2018-09-19 16:30:00",5708,0.383,0.417,0.395,0.325,0.407,0.361,0.483,0.475
"2018-09-19 17:00:00",5709,0.39,0.422,0.402,0.332,0.413,0.368,0.49,0.485
"2018-09-19 17:30:00",5710,0.401,0.431,0.412,0.342,0.422,0.381,0.501,0.498
"2018-09-19 18:00:00",5711,0.409,0.437,0.418,0.349,0.428,0.389,0.512,0.511
"2018-09-19 18:30:00",5712,0.423,0.451,0.435,0.366,0.442,0.411,0.524,0.526
"2018-09-19 19:00:00",5713,0.436,0.457,0.446,0.378,0.453,0.423,0.532,0.536
"2018-09-19 19:30:00",5714,0.455,0.469,0.463,0.393,0.472,0.443,0.538,0.543
"2018-09-19 20:00:00",5715,0.465,0.477,0.474,0.401,0.481,0.456,0.542,0.548
"2018-09-19 20:30:00",5716,0.471,0.481,0.48,0.403,0.486,0.464,0.545,0.551
"2018-09-19 21:00:00",5717,0.476,0.486,0.487,0.407,0.495,0.473,0.547,0.553
"2018-09-19 21:30:00",5718,0.479,0.487,0.488,0.408,0.495,0.476,0.548,0.554
"2018-09-19 22:00:00",5719,0.482,0.489,0.489,0.409,0.497,0.48,0.549,0.555
"2018-09-19 22:30:00",5720,0.484,0.489,0.489,0.41,0.5,0.481,0.549,0.555
"2018-09-19 23:00:00",5721,0.485,0.488,0.487,0.41,0.495,0.481,0.547,0.555
"2018-09-19 23:30:00",5722,0.486,0.489,0.487,0.41,0.494,0.482,0.546,0.555
"2018-09-20 00:00:00",5723,0.486,0.487,0.485,0.408,0.489,0.479,0.546,0.556
"2018-09-20 00:30:00",5724,0.487,0.486,0.484,0.407,0.488,0.479,0.546,0.556
"2018-09-20 01:00:00",5725,0.488,0.486,0.484,0.407,0.491,0.481,0.546,0.556
"2018-09-20 01:30:00",5726,0.489,0.487,0.485,0.408,0.494,0.483,0.545,0.555
"2018-09-20 02:00:00",5727,0.489,0.488,0.486,0.409,0.496,0.484,0.544,0.555
"2018-09-20 02:30:00",5728,0.49,0.489,0.487,0.411,0.498,0.486,0.543,0.555
"2018-09-20 03:00:00",5729,0.49,0.489,0.489,0.412,0.501,0.488,0.542,0.555
"2018-09-20 03:30:00",5730,0.491,0.489,0.489,0.413,0.501,0.488,0.539,0.555
"2018-09-20 04:00:00",5731,0.491,0.488,0.49,0.412,0.501,0.488,0.539,0.555
"2018-09-20 04:30:00",5732,0.49,0.488,0.489,0.412,0.501,0.489,0.538,0.555
"2018-09-20 05:00:00",5733,0.49,0.488,0.489,0.413,0.5,0.489,0.538,0.555
"2018-09-20 05:30:00",5734,0.489,0.487,0.488,0.412,0.499,0.488,0.537,0.555
"2018-09-20 06:00:00",5735,0.489,0.486,0.488,0.413,0.498,0.489,0.535,0.554
"2018-09-20 06:30:00",5736,0.489,0.487,0.487,0.413,0.498,0.489,0.532,0.553
"2018-09-20 07:00:00",5737,0.489,0.487,0.486,0.413,0.498,0.489,0.531,0.552
"2018-09-20 07:30:00",5738,0.489,0.488,0.485,0.414,0.497,0.488,0.53,0.551
"2018-09-20 08:00:00",5739,0.489,0.488,0.484,0.414,0.496,0.488,0.528,0.55
"2018-09-20 08:30:00",5740,0.486,0.48,0.47,0.407,0.483,0.48,0.527,0.55
"2018-09-20 09:00:00",5741,0.475,0.462,0.444,0.388,0.461,0.457,0.528,0.549
"2018-09-20 09:30:00",5742,0.456,0.446,0.424,0.368,0.443,0.431,0.528,0.547
"2018-09-20 10:00:00",5743,0.448,0.441,0.419,0.36,0.438,0.423,0.527,0.546
"2018-09-20 10:30:00",5744,0.45,0.444,0.424,0.362,0.442,0.428,0.527,0.544
"2018-09-20 11:00:00",5745,0.444,0.437,0.418,0.355,0.435,0.42,0.527,0.541
"2018-09-20 11:30:00",5746,0.448,0.442,0.426,0.362,0.443,0.427,0.527,0.541
"2018-09-20 12:00:00",5747,0.432,0.425,0.408,0.345,0.422,0.405,0.525,0.536
"2018-09-20 12:30:00",5748,0.419,0.416,0.399,0.332,0.412,0.39,0.522,0.525
"2018-09-20 13:00:00",5749,0.405,0.407,0.387,0.319,0.4,0.375,0.519,0.513
"2018-09-20 13:30:00",5750,0.397,0.408,0.383,0.312,0.395,0.368,0.513,0.502
"2018-09-20 14:00:00",5751,0.399,0.414,0.388,0.315,0.398,0.372,0.508,0.495
"2018-09-20 14:30:00",5752,0.402,0.417,0.391,0.317,0.401,0.375,0.505,0.495
"2018-09-20 15:00:00",5753,0.398,0.416,0.389,0.312,0.396,0.37,0.502,0.494
"2018-09-20 15:30:00",5754,0.396,0.416,0.389,0.313,0.396,0.369,0.502,0.493
"2018-09-20 16:00:00",5755,0.396,0.417,0.392,0.316,0.399,0.37,0.5,0.492
"2018-09-20 16:30:00",5756,0.403,0.424,0.4,0.325,0.407,0.379,0.5,0.495
"2018-09-20 17:00:00",5757,0.416,0.437,0.414,0.34,0.419,0.395,0.504,0.504
"2018-09-20 17:30:00",5758,0.423,0.441,0.42,0.346,0.423,0.401,0.509,0.512
"2018-09-20 18:00:00",5759,0.429,0.448,0.426,0.354,0.429,0.41,0.513,0.52
"2018-09-20 18:30:00",5760,0.439,0.457,0.438,0.366,0.44,0.422,0.516,0.527
"2018-09-20 19:00:00",5761,0.45,0.463,0.451,0.376,0.451,0.435,0.519,0.534
"2018-09-20 19:30:00",5762,0.459,0.469,0.461,0.384,0.459,0.446,0.521,0.538
"2018-09-20 20:00:00",5763,0.465,0.471,0.466,0.385,0.458,0.449,0.522,0.542
"2018-09-20 20:30:00",5764,0.465,0.466,0.463,0.38,0.449,0.439,0.524,0.544
"2018-09-20 21:00:00",5765,0.462,0.462,0.46,0.375,0.442,0.431,0.525,0.546
"2018-09-20 21:30:00",5766,0.462,0.461,0.46,0.374,0.443,0.43,0.526,0.547
"2018-09-20 22:00:00",5767,0.463,0.462,0.462,0.376,0.445,0.432,0.526,0.547
"2018-09-20 22:30:00",5768,0.465,0.464,0.465,0.378,0.447,0.436,0.526,0.548
"2018-09-20 23:00:00",5769,0.468,0.466,0.468,0.379,0.45,0.438,0.527,0.55
"2018-09-20 23:30:00",5770,0.471,0.468,0.47,0.38,0.454,0.443,0.526,0.551
"2018-09-21 00:00:00",5771,0.474,0.469,0.473,0.381,0.457,0.445,0.527,0.553
"2018-09-21 00:30:00",5772,0.477,0.473,0.477,0.386,0.464,0.453,0.527,0.554
"2018-09-21 01:00:00",5773,0.48,0.476,0.479,0.39,0.47,0.459,0.527,0.555
"2018-09-21 01:30:00",5774,0.482,0.477,0.479,0.39,0.47,0.46,0.528,0.556
"2018-09-21 02:00:00",5775,0.483,0.477,0.479,0.389,0.47,0.46,0.528,0.556
"2018-09-21 02:30:00",5776,0.484,0.477,0.478,0.389,0.471,0.461,0.528,0.557
"2018-09-21 03:00:00",5777,0.484,0.476,0.478,0.39,0.473,0.462,0.528,0.558
"2018-09-21 03:30:00",5778,0.485,0.476,0.477,0.391,0.474,0.463,0.527,0.558
"2018-09-21 04:00:00",5779,0.485,0.478,0.478,0.393,0.476,0.465,0.527,0.559
"2018-09-21 04:30:00",5780,0.486,0.479,0.479,0.395,0.479,0.468,0.527,0.561
"2018-09-21 05:00:00",5781,0.487,0.481,0.481,0.398,0.485,0.472,0.526,0.562
"2018-09-21 05:30:00",5782,0.488,0.483,0.483,0.401,0.488,0.475,0.526,0.562
"2018-09-21 06:00:00",5783,0.488,0.484,0.484,0.402,0.489,0.478,0.526,0.563
"2018-09-21 06:30:00",5784,0.489,0.485,0.486,0.404,0.491,0.48,0.525,0.563
"2018-09-21 07:00:00",5785,0.49,0.486,0.488,0.406,0.494,0.482,0.524,0.563
"2018-09-21 07:30:00",5786,0.49,0.486,0.488,0.407,0.495,0.482,0.524,0.563
"2018-09-21 08:00:00",5787,0.491,0.486,0.489,0.407,0.496,0.483,0.523,0.562
"2018-09-21 08:30:00",5788,0.491,0.485,0.486,0.406,0.494,0.482,0.522,0.561
"2018-09-21 09:00:00",5789,0.486,0.473,0.463,0.395,0.477,0.471,0.521,0.559
"2018-09-21 09:30:00",5790,0.469,0.449,0.43,0.367,0.448,0.439,0.521,0.557
"2018-09-21 10:00:00",5791,0.455,0.441,0.422,0.357,0.44,0.423,0.52,0.554
"2018-09-21 10:30:00",5792,0.453,0.442,0.426,0.359,0.443,0.426,0.518,0.552
"2018-09-21 11:00:00",5793,0.466,0.457,0.446,0.376,0.465,0.445,0.516,0.552
"2018-09-21 11:30:00",5794,0.48,0.473,0.471,0.396,0.487,0.466,0.517,0.555
"2018-09-21 12:00:00",5795,0.485,0.479,0.481,0.405,0.493,0.476,0.517,0.557
"2018-09-21 12:30:00",5796,0.485,0.481,0.481,0.407,0.493,0.479,0.516,0.557
"2018-09-21 13:00:00",5797,0.483,0.479,0.473,0.405,0.487,0.477,0.516,0.557
"2018-09-21 13:30:00",5798,0.477,0.468,0.455,0.394,0.47,0.467,0.516,0.556
"2018-09-21 14:00:00",5799,0.466,0.453,0.436,0.375,0.451,0.449,0.515,0.555
"2018-09-21 14:30:00",5800,0.451,0.44,0.419,0.357,0.434,0.424,0.514,0.554
"2018-09-21 15:00:00",5801,0.446,0.438,0.418,0.354,0.433,0.422,0.514,0.554
"2018-09-21 15:30:00",5802,0.444,0.437,0.418,0.353,0.433,0.419,0.515,0.554
"2018-09-21 16:00:00",5803,0.44,0.434,0.413,0.349,0.428,0.413,0.515,0.553
"2018-09-21 16:30:00",5804,0.44,0.435,0.414,0.349,0.429,0.414,0.515,0.551
"2018-09-21 17:00:00",5805,0.445,0.443,0.423,0.358,0.438,0.424,0.516,0.551
"2018-09-21 17:30:00",5806,0.451,0.449,0.43,0.365,0.445,0.43,0.516,0.55
"2018-09-21 18:00:00",5807,0.449,0.448,0.431,0.365,0.441,0.429,0.516,0.551
"2018-09-21 18:30:00",5808,0.451,0.45,0.433,0.367,0.444,0.432,0.516,0.552
"2018-09-21 19:00:00",5809,0.459,0.46,0.446,0.378,0.457,0.445,0.516,0.554
"2018-09-21 19:30:00",5810,0.467,0.47,0.459,0.389,0.468,0.456,0.516,0.557
"2018-09-21 20:00:00",5811,0.47,0.47,0.462,0.389,0.464,0.457,0.515,0.559
"2018-09-21 20:30:00",5812,0.47,0.469,0.463,0.389,0.461,0.456,0.515,0.561
"2018-09-21 21:00:00",5813,0.472,0.469,0.463,0.388,0.46,0.455,0.515,0.561
"2018-09-21 21:30:00",5814,0.475,0.474,0.468,0.392,0.468,0.459,0.516,0.562
"2018-09-21 22:00:00",5815,0.48,0.48,0.476,0.399,0.479,0.468,0.516,0.563
"2018-09-21 22:30:00",5816,0.483,0.483,0.481,0.404,0.485,0.474,0.517,0.564
"2018-09-21 23:00:00",5817,0.485,0.486,0.485,0.407,0.489,0.477,0.517,0.564
"2018-09-21 23:30:00",5818,0.486,0.487,0.487,0.409,0.491,0.479,0.517,0.565
"2018-09-22 00:00:00",5819,0.486,0.485,0.485,0.409,0.486,0.476,0.517,0.565
"2018-09-22 00:30:00",5820,0.486,0.482,0.482,0.405,0.478,0.472,0.517,0.565
"2018-09-22 01:00:00",5821,0.486,0.477,0.478,0.399,0.469,0.467,0.515,0.565
"2018-09-22 01:30:00",5822,0.485,0.473,0.474,0.394,0.464,0.462,0.514,0.565
"2018-09-22 02:00:00",5823,0.484,0.469,0.469,0.39,0.458,0.455,0.514,0.565
"2018-09-22 02:30:00",5824,0.483,0.468,0.467,0.388,0.457,0.452,0.513,0.565
"2018-09-22 03:00:00",5825,0.482,0.468,0.466,0.388,0.459,0.452,0.513,0.565
"2018-09-22 03:30:00",5826,0.482,0.469,0.468,0.39,0.463,0.455,0.513,0.565
"2018-09-22 04:00:00",5827,0.483,0.471,0.471,0.394,0.467,0.459,0.513,0.566
"2018-09-22 04:30:00",5828,0.484,0.473,0.474,0.397,0.471,0.463,0.512,0.566
"2018-09-22 05:00:00",5829,0.486,0.477,0.478,0.4,0.476,0.468,0.513,0.567
"2018-09-22 05:30:00",5830,0.486,0.477,0.479,0.401,0.479,0.469,0.515,0.567
"2018-09-22 06:00:00",5831,0.487,0.478,0.478,0.402,0.478,0.469,0.516,0.567
"2018-09-22 06:30:00",5832,0.487,0.48,0.48,0.403,0.481,0.472,0.516,0.567
"2018-09-22 07:00:00",5833,0.488,0.481,0.481,0.405,0.483,0.475,0.516,0.568
"2018-09-22 07:30:00",5834,0.488,0.483,0.483,0.407,0.485,0.477,0.515,0.568
"2018-09-22 08:00:00",5835,0.488,0.482,0.481,0.407,0.483,0.476,0.516,0.567
"2018-09-22 08:30:00",5836,0.488,0.481,0.478,0.406,0.481,0.476,0.516,0.567
"2018-09-22 09:00:00",5837,0.488,0.479,0.471,0.403,0.477,0.474,0.515,0.565
"2018-09-22 09:30:00",5838,0.484,0.467,0.453,0.392,0.462,0.463,0.515,0.56
"2018-09-22 10:00:00",5839,0.465,0.441,0.421,0.366,0.436,0.429,0.516,0.555
"2018-09-22 10:30:00",5840,0.432,0.415,0.397,0.334,0.408,0.391,0.516,0.55
"2018-09-22 11:00:00",5841,0.413,0.407,0.391,0.324,0.4,0.378,0.514,0.541
"2018-09-22 11:30:00",5842,0.391,0.399,0.376,0.311,0.387,0.359,0.507,0.519
"2018-09-22 12:00:00",5843,0.387,0.405,0.375,0.308,0.387,0.357,0.496,0.495
"2018-09-22 12:30:00",5844,0.388,0.407,0.375,0.308,0.392,0.358,0.484,0.485
"2018-09-22 13:00:00",5845,0.399,0.414,0.385,0.319,0.402,0.369,0.482,0.485
"2018-09-22 13:30:00",5846,0.401,0.413,0.387,0.32,0.404,0.369,0.485,0.49
"2018-09-22 14:00:00",5847,0.399,0.411,0.386,0.319,0.402,0.366,0.486,0.493
"2018-09-22 14:30:00",5848,0.394,0.408,0.382,0.315,0.398,0.36,0.488,0.492
"2018-09-22 15:00:00",5849,0.389,0.407,0.382,0.312,0.395,0.356,0.488,0.49
"2018-09-22 15:30:00",5850,0.391,0.408,0.386,0.317,0.399,0.359,0.492,0.491
"2018-09-22 16:00:00",5851,0.393,0.41,0.387,0.32,0.4,0.36,0.493,0.492
"2018-09-22 16:30:00",5852,0.392,0.409,0.389,0.319,0.4,0.359,0.491,0.492
"2018-09-22 17:00:00",5853,0.405,0.419,0.402,0.331,0.411,0.372,0.496,0.502
"2018-09-22 17:30:00",5854,0.417,0.428,0.412,0.341,0.42,0.383,0.503,0.514
"2018-09-22 18:00:00",5855,0.424,0.432,0.418,0.347,0.425,0.39,0.511,0.527
"2018-09-22 18:30:00",5856,0.43,0.434,0.425,0.352,0.429,0.394,0.518,0.537
"2018-09-22 19:00:00",5857,0.44,0.44,0.434,0.358,0.434,0.401,0.525,0.548
"2018-09-22 19:30:00",5858,0.446,0.445,0.443,0.364,0.44,0.409,0.532,0.556
"2018-09-22 20:00:00",5859,0.45,0.446,0.448,0.365,0.441,0.411,0.536,0.56
"2018-09-22 20:30:00",5860,0.454,0.448,0.452,0.367,0.443,0.415,0.538,0.563
"2018-09-22 21:00:00",5861,0.458,0.451,0.457,0.37,0.446,0.42,0.541,0.567
"2018-09-22 21:30:00",5862,0.463,0.454,0.462,0.372,0.449,0.425,0.543,0.57
"2018-09-22 22:00:00",5863,0.465,0.458,0.465,0.374,0.451,0.428,0.544,0.573
"2018-09-22 22:30:00",5864,0.468,0.458,0.468,0.376,0.453,0.432,0.544,0.575
"2018-09-22 23:00:00",5865,0.47,0.459,0.467,0.376,0.452,0.434,0.543,0.577
"2018-09-22 23:30:00",5866,0.474,0.464,0.469,0.379,0.456,0.441,0.542,0.577
"2018-09-23 00:00:00",5867,0.479,0.473,0.477,0.39,0.467,0.453,0.541,0.578
"2018-09-23 00:30:00",5868,0.482,0.475,0.478,0.39,0.464,0.456,0.541,0.58
"2018-09-23 01:00:00",5869,0.483,0.474,0.478,0.387,0.461,0.456,0.541,0.581
"2018-09-23 01:30:00",5870,0.484,0.473,0.477,0.384,0.461,0.453,0.54,0.581
"2018-09-23 02:00:00",5871,0.488,0.479,0.483,0.393,0.473,0.463,0.539,0.581
"2018-09-23 02:30:00",5872,0.493,0.487,0.49,0.402,0.487,0.473,0.539,0.582
"2018-09-23 03:00:00",5873,0.495,0.491,0.494,0.409,0.495,0.48,0.538,0.583
"2018-09-23 03:30:00",5874,0.496,0.493,0.497,0.412,0.499,0.486,0.537,0.583
"2018-09-23 04:00:00",5875,0.495,0.491,0.499,0.411,0.498,0.484,0.543,0.567
"2018-09-23 04:30:00",5876,0.495,0.491,0.497,0.409,0.495,0.483,0.546,0.56
"2018-09-23 05:00:00",5877,0.494,0.491,0.496,0.409,0.492,0.482,0.544,0.557
"2018-09-23 05:30:00",5878,0.493,0.489,0.494,0.407,0.489,0.48,0.544,0.553
"2018-09-23 06:00:00",5879,0.491,0.485,0.492,0.405,0.486,0.476,0.544,0.548
"2018-09-23 06:30:00",5880,0.49,0.484,0.491,0.403,0.483,0.476,0.535,0.519
"2018-09-23 07:00:00",5881,0.489,0.482,0.49,0.402,0.479,0.474,0.519,0.474
"2018-09-23 07:30:00",5882,0.488,0.48,0.488,0.402,0.476,0.474,0.513,0.436
"2018-09-23 08:00:00",5883,0.486,0.48,0.487,0.403,0.474,0.475,0.512,0.43
"2018-09-23 08:30:00",5884,0.485,0.478,0.485,0.402,0.471,0.473,0.512,0.425
"2018-09-23 09:00:00",5885,0.484,0.48,0.485,0.405,0.47,0.476,0.493,0.454
"2018-09-23 09:30:00",5886,0.484,0.48,0.485,0.403,0.469,0.474,0.481,0.428
"2018-09-23 10:00:00",5887,0.48,0.474,0.483,0.4,0.467,0.47,0.46,0.425
"2018-09-23 10:30:00",5888,0.479,0.475,0.483,0.399,0.465,0.461,0.455,0.432
"2018-09-23 11:00:00",5889,0.477,0.472,0.482,0.399,0.464,0.454,0.452,0.429
"2018-09-23 11:30:00",5890,0.476,0.472,0.481,0.399,0.462,0.447,0.448,0.425
"2018-09-23 12:00:00",5891,0.473,0.47,0.479,0.398,0.462,0.44,0.444,0.421
"2018-09-23 12:30:00",5892,0.472,0.468,0.479,0.397,0.462,0.438,0.448,0.419
"2018-09-23 13:00:00",5893,0.472,0.469,0.482,0.399,0.463,0.443,0.456,0.405
"2018-09-23 13:30:00",5894,0.473,0.47,0.484,0.401,0.464,0.438,0.436,0.401
"2018-09-23 14:00:00",5895,0.472,0.465,0.482,0.399,0.463,0.431,0.434,0.4
"2018-09-23 14:30:00",5896,0.47,0.456,0.478,0.384,0.461,0.404,0.438,0.422
"2018-09-23 15:00:00",5897,0.468,0.448,0.472,0.363,0.461,0.408,0.447,0.408
"2018-09-23 15:30:00",5898,0.469,0.448,0.471,0.365,0.462,0.416,0.461,0.404
"2018-09-23 16:00:00",5899,0.469,0.449,0.472,0.364,0.463,0.421,0.47,0.411
"2018-09-23 16:30:00",5900,0.469,0.448,0.473,0.368,0.464,0.423,0.475,0.411
"2018-09-23 17:00:00",5901,0.468,0.445,0.473,0.379,0.465,0.422,0.477,0.401
"2018-09-23 17:30:00",5902,0.469,0.446,0.475,0.371,0.467,0.425,0.479,0.414
"2018-09-23 18:00:00",5903,0.47,0.447,0.474,0.378,0.471,0.427,0.478,0.427
"2018-09-23 18:30:00",5904,0.47,0.447,0.473,0.377,0.469,0.428,0.476,0.395
"2018-09-23 19:00:00",5905,0.469,0.446,0.472,0.372,0.466,0.426,0.471,0.399
"2018-09-23 19:30:00",5906,0.466,0.441,0.469,0.364,0.464,0.399,0.426,0.407
"2018-09-23 20:00:00",5907,0.464,0.423,0.461,0.356,0.462,0.393,0.419,0.411
"2018-09-23 20:30:00",5908,0.463,0.418,0.448,0.353,0.459,0.393,0.417,0.41
"2018-09-23 21:00:00",5909,0.462,0.413,0.444,0.349,0.458,0.389,0.397,0.389
"2018-09-23 21:30:00",5910,0.462,0.406,0.441,0.348,0.457,0.39,0.402,0.4
"2018-09-23 22:00:00",5911,0.459,0.4,0.441,0.348,0.457,0.389,0.392,0.392
"2018-09-23 22:30:00",5912,0.458,0.4,0.442,0.349,0.452,0.393,0.414,0.397
"2018-09-23 23:00:00",5913,0.457,0.402,0.448,0.348,0.45,0.392,0.41,0.401
"2018-09-23 23:30:00",5914,0.457,0.403,0.448,0.348,0.45,0.393,0.412,0.406
"2018-09-24 00:00:00",5915,0.456,0.406,0.447,0.349,0.45,0.395,0.42,0.381
"2018-09-24 00:30:00",5916,0.454,0.404,0.444,0.348,0.451,0.393,0.413,0.382
"2018-09-24 01:00:00",5917,0.452,0.406,0.443,0.349,0.451,0.396,0.427,0.381
"2018-09-24 01:30:00",5918,0.452,0.405,0.442,0.349,0.451,0.396,0.427,0.382
"2018-09-24 02:00:00",5919,0.452,0.396,0.439,0.348,0.45,0.393,0.395,0.389
"2018-09-24 02:30:00",5920,0.452,0.386,0.434,0.347,0.449,0.393,0.382,0.399
"2018-09-24 03:00:00",5921,0.451,0.388,0.434,0.347,0.449,0.396,0.394,0.396
"2018-09-24 03:30:00",5922,0.449,0.388,0.432,0.347,0.449,0.395,0.39,0.398
"2018-09-24 04:00:00",5923,0.448,0.387,0.433,0.348,0.448,0.395,0.402,0.391
"2018-09-24 04:30:00",5924,0.447,0.388,0.433,0.348,0.448,0.396,0.404,0.382
"2018-09-24 05:00:00",5925,0.447,0.389,0.435,0.35,0.448,0.398,0.409,0.39
"2018-09-24 05:30:00",5926,0.446,0.392,0.435,0.352,0.448,0.401,0.428,0.39
"2018-09-24 06:00:00",5927,0.446,0.394,0.436,0.351,0.448,0.399,0.427,0.383
"2018-09-24 06:30:00",5928,0.446,0.392,0.434,0.35,0.448,0.399,0.414,0.39
"2018-09-24 07:00:00",5929,0.446,0.393,0.435,0.351,0.447,0.402,0.429,0.386
"2018-09-24 07:30:00",5930,0.446,0.393,0.435,0.35,0.445,0.399,0.428,0.386
"2018-09-24 08:00:00",5931,0.446,0.39,0.433,0.349,0.444,0.395,0.412,0.387
"2018-09-24 08:30:00",5932,0.445,0.39,0.432,0.348,0.443,0.391,0.407,0.386
"2018-09-24 09:00:00",5933,0.443,0.388,0.43,0.347,0.444,0.384,0.396,0.383
"2018-09-24 09:30:00",5934,0.443,0.385,0.425,0.347,0.443,0.38,0.381,0.385
"2018-09-24 10:00:00",5935,0.443,0.386,0.429,0.349,0.442,0.383,0.391,0.388
"2018-09-24 10:30:00",5936,0.442,0.388,0.432,0.349,0.443,0.385,0.398,0.387
"2018-09-24 11:00:00",5937,0.442,0.389,0.433,0.35,0.444,0.389,0.401,0.397
"2018-09-24 11:30:00",5938,0.442,0.39,0.434,0.35,0.445,0.39,0.411,0.386
"2018-09-24 12:00:00",5939,0.441,0.388,0.434,0.348,0.446,0.386,0.388,0.386
"2018-09-24 12:30:00",5940,0.442,0.389,0.434,0.349,0.448,0.392,0.397,0.391
"2018-09-24 13:00:00",5941,0.443,0.394,0.437,0.351,0.451,0.396,0.41,0.402
"2018-09-24 13:30:00",5942,0.442,0.396,0.438,0.353,0.451,0.401,0.425,0.428
"2018-09-24 14:00:00",5943,0.435,0.393,0.425,0.348,0.434,0.401,0.437,0.447
"2018-09-24 14:30:00",5944,0.431,0.395,0.422,0.349,0.43,0.401,0.444,0.453
"2018-09-24 15:00:00",5945,0.439,0.409,0.435,0.361,0.444,0.408,0.448,0.456
"2018-09-24 15:30:00",5946,0.439,0.415,0.436,0.366,0.443,0.412,0.451,0.458
"2018-09-24 16:00:00",5947,0.432,0.411,0.43,0.364,0.432,0.408,0.452,0.459
"2018-09-24 16:30:00",5948,0.441,0.417,0.439,0.37,0.449,0.415,0.454,0.46
"2018-09-24 17:00:00",5949,0.449,0.426,0.453,0.381,0.465,0.421,0.453,0.455
"2018-09-24 17:30:00",5950,0.45,0.416,0.457,0.365,0.466,0.401,0.404,0.392
"2018-09-24 18:00:00",5951,0.451,0.398,0.457,0.357,0.464,0.391,0.397,0.404
"2018-09-24 18:30:00",5952,0.451,0.394,0.446,0.355,0.464,0.389,0.401,0.403
"2018-09-24 19:00:00",5953,0.447,0.387,0.428,0.352,0.456,0.38,0.363,0.389
"2018-09-24 19:30:00",5954,0.443,0.384,0.419,0.351,0.452,0.381,0.365,0.389
"2018-09-24 20:00:00",5955,0.443,0.384,0.415,0.35,0.45,0.378,0.373,0.382
"2018-09-24 20:30:00",5956,0.442,0.381,0.408,0.349,0.45,0.373,0.359,0.383
"2018-09-24 21:00:00",5957,0.441,0.384,0.413,0.35,0.449,0.379,0.386,0.391
"2018-09-24 21:30:00",5958,0.443,0.387,0.424,0.351,0.451,0.387,0.414,0.418
"2018-09-24 22:00:00",5959,0.444,0.391,0.433,0.353,0.454,0.392,0.428,0.435
"2018-09-24 22:30:00",5960,0.445,0.399,0.44,0.356,0.455,0.396,0.437,0.435
"2018-09-24 23:00:00",5961,0.446,0.405,0.444,0.361,0.459,0.401,0.441,0.442
"2018-09-24 23:30:00",5962,0.447,0.411,0.449,0.367,0.464,0.406,0.442,0.449
"2018-09-25 00:00:00",5963,0.447,0.417,0.453,0.373,0.465,0.41,0.442,0.453
"2018-09-25 00:30:00",5964,0.447,0.423,0.453,0.376,0.46,0.412,0.445,0.458
"2018-09-25 01:00:00",5965,0.448,0.43,0.453,0.38,0.459,0.416,0.446,0.46
"2018-09-25 01:30:00",5966,0.452,0.438,0.457,0.386,0.464,0.423,0.449,0.467
"2018-09-25 02:00:00",5967,0.454,0.445,0.462,0.393,0.468,0.43,0.451,0.472
"2018-09-25 02:30:00",5968,0.454,0.447,0.464,0.394,0.471,0.431,0.451,0.473
"2018-09-25 03:00:00",5969,0.453,0.449,0.466,0.395,0.472,0.433,0.447,0.473
"2018-09-25 03:30:00",5970,0.446,0.417,0.443,0.372,0.454,0.398,0.384,0.388
"2018-09-25 04:00:00",5971,0.44,0.389,0.414,0.355,0.452,0.384,0.385,0.388
"2018-09-25 04:30:00",5972,0.442,0.387,0.422,0.354,0.453,0.388,0.43,0.4
"2018-09-25 05:00:00",5973,0.444,0.388,0.432,0.355,0.453,0.387,0.436,0.394
"2018-09-25 05:30:00",5974,0.447,0.388,0.433,0.355,0.454,0.39,0.446,0.415
"2018-09-25 06:00:00",5975,0.449,0.393,0.439,0.355,0.456,0.394,0.466,0.445
"2018-09-25 06:30:00",5976,0.45,0.399,0.444,0.357,0.458,0.398,0.479,0.454
"2018-09-25 07:00:00",5977,0.45,0.407,0.448,0.358,0.459,0.401,0.482,0.459
"2018-09-25 07:30:00",5978,0.451,0.414,0.452,0.36,0.46,0.401,0.484,0.459
"2018-09-25 08:00:00",5979,0.451,0.419,0.454,0.362,0.462,0.404,0.489,0.459
"2018-09-25 08:30:00",5980,0.452,0.424,0.457,0.365,0.464,0.406,0.49,0.461
"2018-09-25 09:00:00",5981,0.453,0.434,0.458,0.37,0.467,0.41,0.49,0.464
"2018-09-25 09:30:00",5982,0.453,0.439,0.459,0.375,0.47,0.414,0.488,0.465
"2018-09-25 10:00:00",5983,0.453,0.442,0.456,0.378,0.47,0.416,0.486,0.465
"2018-09-25 10:30:00",5984,0.451,0.444,0.447,0.379,0.467,0.416,0.485,0.466
"2018-09-25 11:00:00",5985,0.45,0.441,0.435,0.376,0.459,0.414,0.484,0.466
"2018-09-25 11:30:00",5986,0.435,0.413,0.4,0.357,0.426,0.394,0.484,0.462
"2018-09-25 12:00:00",5987,0.407,0.39,0.378,0.332,0.399,0.368,0.483,0.459
"2018-09-25 12:30:00",5988,0.385,0.379,0.368,0.316,0.387,0.353,0.483,0.458
"2018-09-25 13:00:00",5989,0.373,0.373,0.363,0.308,0.38,0.346,0.482,0.456
"2018-09-25 13:30:00",5990,0.377,0.38,0.37,0.315,0.388,0.356,0.483,0.458
"2018-09-25 14:00:00",5991,0.376,0.378,0.369,0.314,0.385,0.354,0.483,0.46
"2018-09-25 14:30:00",5992,0.374,0.377,0.367,0.311,0.385,0.354,0.482,0.459
"2018-09-25 15:00:00",5993,0.384,0.386,0.378,0.323,0.396,0.366,0.483,0.462
"2018-09-25 15:30:00",5994,0.388,0.388,0.382,0.327,0.398,0.371,0.484,0.465
"2018-09-25 16:00:00",5995,0.39,0.389,0.384,0.329,0.399,0.372,0.485,0.466
"2018-09-25 16:30:00",5996,0.397,0.395,0.39,0.336,0.406,0.38,0.485,0.468
"2018-09-25 17:00:00",5997,0.405,0.403,0.401,0.345,0.414,0.39,0.486,0.47
"2018-09-25 17:30:00",5998,0.41,0.407,0.407,0.351,0.419,0.396,0.487,0.472
"2018-09-25 18:00:00",5999,0.418,0.416,0.417,0.361,0.428,0.407,0.488,0.472
"2018-09-25 18:30:00",6000,0.427,0.425,0.428,0.37,0.437,0.418,0.488,0.473
"2018-09-25 19:00:00",6001,0.434,0.433,0.438,0.379,0.445,0.427,0.489,0.475
"2018-09-25 19:30:00",6002,0.441,0.442,0.449,0.388,0.455,0.436,0.488,0.477
"2018-09-25 20:00:00",6003,0.446,0.447,0.457,0.394,0.463,0.438,0.486,0.476
"2018-09-25 20:30:00",6004,0.449,0.45,0.463,0.398,0.468,0.441,0.486,0.477
"2018-09-25 21:00:00",6005,0.451,0.452,0.466,0.4,0.471,0.443,0.484,0.479
"2018-09-25 21:30:00",6006,0.452,0.453,0.467,0.4,0.473,0.444,0.483,0.48
"2018-09-25 22:00:00",6007,0.453,0.453,0.467,0.401,0.474,0.445,0.481,0.482
"2018-09-25 22:30:00",6008,0.453,0.454,0.468,0.402,0.476,0.447,0.48,0.483
"2018-09-25 23:00:00",6009,0.453,0.456,0.469,0.403,0.477,0.449,0.48,0.484
"2018-09-25 23:30:00",6010,0.453,0.455,0.47,0.403,0.476,0.447,0.478,0.483
"2018-09-26 00:00:00",6011,0.452,0.455,0.47,0.402,0.475,0.447,0.479,0.484
"2018-09-26 00:30:00",6012,0.451,0.454,0.47,0.401,0.474,0.445,0.478,0.484
"2018-09-26 01:00:00",6013,0.451,0.453,0.47,0.401,0.474,0.446,0.479,0.485
"2018-09-26 01:30:00",6014,0.451,0.454,0.47,0.402,0.475,0.446,0.479,0.485
"2018-09-26 02:00:00",6015,0.451,0.454,0.47,0.402,0.475,0.447,0.48,0.486
"2018-09-26 02:30:00",6016,0.451,0.454,0.47,0.402,0.476,0.446,0.481,0.485
"2018-09-26 03:00:00",6017,0.451,0.453,0.47,0.402,0.476,0.444,0.48,0.484
"2018-09-26 03:30:00",6018,0.451,0.453,0.47,0.402,0.476,0.445,0.48,0.485
"2018-09-26 04:00:00",6019,0.45,0.453,0.469,0.402,0.476,0.446,0.48,0.485
"2018-09-26 04:30:00",6020,0.449,0.453,0.469,0.402,0.475,0.446,0.482,0.486
"2018-09-26 05:00:00",6021,0.449,0.453,0.468,0.401,0.475,0.446,0.482,0.486
"2018-09-26 05:30:00",6022,0.448,0.453,0.468,0.401,0.475,0.446,0.483,0.486
"2018-09-26 06:00:00",6023,0.447,0.451,0.467,0.4,0.475,0.443,0.484,0.485
"2018-09-26 06:30:00",6024,0.447,0.452,0.467,0.4,0.476,0.444,0.483,0.485
"2018-09-26 07:00:00",6025,0.447,0.452,0.467,0.4,0.478,0.446,0.481,0.486
"2018-09-26 07:30:00",6026,0.448,0.453,0.468,0.4,0.48,0.446,0.481,0.486
"2018-09-26 08:00:00",6027,0.449,0.453,0.469,0.401,0.483,0.447,0.481,0.486
"2018-09-26 08:30:00",6028,0.45,0.454,0.467,0.401,0.484,0.448,0.477,0.486
"2018-09-26 09:00:00",6029,0.447,0.447,0.452,0.395,0.475,0.443,0.476,0.486
"2018-09-26 09:30:00",6030,0.442,0.432,0.432,0.383,0.461,0.432,0.474,0.486
"2018-09-26 10:00:00",6031,0.421,0.408,0.405,0.36,0.434,0.403,0.473,0.485
"2018-09-26 10:30:00",6032,0.401,0.394,0.393,0.345,0.421,0.383,0.471,0.483
"2018-09-26 11:00:00",6033,0.388,0.385,0.384,0.333,0.409,0.374,0.473,0.484
"2018-09-26 11:30:00",6034,0.38,0.377,0.377,0.322,0.4,0.363,0.472,0.477
"2018-09-26 12:00:00",6035,0.374,0.372,0.372,0.318,0.395,0.357,0.471,0.47
"2018-09-26 12:30:00",6036,0.372,0.371,0.371,0.317,0.395,0.355,0.469,0.459
"2018-09-26 13:00:00",6037,0.368,0.367,0.366,0.312,0.392,0.351,0.467,0.451
"2018-09-26 13:30:00",6038,0.372,0.371,0.371,0.317,0.397,0.356,0.464,0.443
"2018-09-26 14:00:00",6039,0.372,0.37,0.371,0.316,0.396,0.355,0.46,0.441
"2018-09-26 14:30:00",6040,0.369,0.366,0.37,0.313,0.394,0.352,0.454,0.439
"2018-09-26 15:00:00",6041,0.369,0.368,0.373,0.315,0.395,0.353,0.452,0.442
"2018-09-26 15:30:00",6042,0.372,0.371,0.375,0.322,0.399,0.357,0.451,0.445
"2018-09-26 16:00:00",6043,0.377,0.375,0.383,0.329,0.407,0.364,0.455,0.45
"2018-09-26 16:30:00",6044,0.386,0.384,0.393,0.339,0.416,0.374,0.458,0.457
"2018-09-26 17:00:00",6045,0.389,0.386,0.397,0.342,0.418,0.377,0.459,0.464
"2018-09-26 17:30:00",6046,0.4,0.398,0.408,0.354,0.431,0.393,0.464,0.472
"2018-09-26 18:00:00",6047,0.419,0.417,0.428,0.374,0.452,0.416,0.469,0.482
"2018-09-26 18:30:00",6048,0.431,0.429,0.442,0.388,0.467,0.432,0.472,0.49
"2018-09-26 19:00:00",6049,0.441,0.44,0.454,0.397,0.479,0.443,0.473,0.496
"2018-09-26 19:30:00",6050,0.447,0.447,0.462,0.401,0.487,0.45,0.473,0.501
"2018-09-26 20:00:00",6051,0.447,0.44,0.461,0.397,0.486,0.424,0.44,0.464
"2018-09-26 20:30:00",6052,0.443,0.384,0.434,0.379,0.493,0.378,0.384,0.375
"2018-09-26 21:00:00",6053,0.446,0.377,0.427,0.361,0.488,0.379,0.403,0.376
"2018-09-26 21:30:00",6054,0.448,0.375,0.43,0.356,0.481,0.378,0.41,0.4
"2018-09-26 22:00:00",6055,0.448,0.378,0.437,0.354,0.459,0.383,0.44,0.424
"2018-09-26 22:30:00",6056,0.448,0.384,0.446,0.354,0.456,0.388,0.456,0.459
"2018-09-26 23:00:00",6057,0.448,0.392,0.449,0.353,0.456,0.391,0.466,0.47
"2018-09-26 23:30:00",6058,0.447,0.402,0.451,0.355,0.456,0.396,0.468,0.475
"2018-09-27 00:00:00",6059,0.447,0.411,0.452,0.358,0.458,0.402,0.47,0.477
"2018-09-27 00:30:00",6060,0.448,0.421,0.455,0.363,0.462,0.41,0.471,0.48
"2018-09-27 01:00:00",6061,0.448,0.426,0.457,0.368,0.464,0.416,0.473,0.481
"2018-09-27 01:30:00",6062,0.447,0.428,0.459,0.373,0.465,0.421,0.476,0.482
"2018-09-27 02:00:00",6063,0.446,0.43,0.46,0.377,0.466,0.425,0.479,0.482
"2018-09-27 02:30:00",6064,0.444,0.425,0.458,0.377,0.464,0.422,0.481,0.484
"2018-09-27 03:00:00",6065,0.443,0.425,0.457,0.377,0.459,0.424,0.481,0.485
"2018-09-27 03:30:00",6066,0.445,0.429,0.456,0.38,0.456,0.428,0.479,0.486
"2018-09-27 04:00:00",6067,0.445,0.428,0.454,0.379,0.455,0.427,0.477,0.488
"2018-09-27 04:30:00",6068,0.445,0.423,0.451,0.371,0.448,0.42,0.476,0.492
"2018-09-27 05:00:00",6069,0.443,0.417,0.444,0.367,0.442,0.418,0.478,0.494
"2018-09-27 05:30:00",6070,0.441,0.408,0.441,0.359,0.438,0.407,0.482,0.498
"2018-09-27 06:00:00",6071,0.44,0.402,0.435,0.351,0.43,0.402,0.484,0.5
"2018-09-27 06:30:00",6072,0.436,0.398,0.429,0.346,0.425,0.399,0.484,0.504
"2018-09-27 07:00:00",6073,0.43,0.388,0.422,0.339,0.418,0.392,0.483,0.507
"2018-09-27 07:30:00",6074,0.425,0.381,0.415,0.334,0.415,0.386,0.482,0.512
"2018-09-27 08:00:00",6075,0.418,0.375,0.409,0.329,0.412,0.38,0.479,0.512
"2018-09-27 08:30:00",6076,0.415,0.374,0.403,0.328,0.411,0.379,0.48,0.514
"2018-09-27 09:00:00",6077,0.415,0.377,0.407,0.332,0.416,0.383,0.48,0.513
"2018-09-27 09:30:00",6078,0.413,0.375,0.407,0.332,0.416,0.384,0.478,0.51
"2018-09-27 10:00:00",6079,0.399,0.362,0.394,0.317,0.401,0.37,0.475,0.507
"2018-09-27 10:30:00",6080,0.399,0.368,0.392,0.319,0.403,0.371,0.474,0.504
"2018-09-27 11:00:00",6081,0.4,0.372,0.394,0.322,0.406,0.373,0.471,0.5
"2018-09-27 11:30:00",6082,0.399,0.372,0.394,0.321,0.404,0.375,0.469,0.497
"2018-09-27 12:00:00",6083,0.4,0.373,0.391,0.321,0.405,0.374,0.468,0.497
"2018-09-27 12:30:00",6084,0.4,0.377,0.393,0.322,0.407,0.379,0.467,0.498
"2018-09-27 13:00:00",6085,0.4,0.378,0.393,0.324,0.409,0.378,0.466,0.5
"2018-09-27 13:30:00",6086,0.4,0.377,0.391,0.322,0.407,0.377,0.468,0.502
"2018-09-27 14:00:00",6087,0.399,0.378,0.39,0.322,0.406,0.377,0.469,0.503
"2018-09-27 14:30:00",6088,0.398,0.379,0.389,0.323,0.406,0.377,0.468,0.504
"2018-09-27 15:00:00",6089,0.397,0.375,0.389,0.322,0.405,0.375,0.467,0.502
"2018-09-27 15:30:00",6090,0.395,0.374,0.389,0.321,0.405,0.374,0.467,0.5
"2018-09-27 16:00:00",6091,0.397,0.379,0.391,0.325,0.408,0.379,0.469,0.503
"2018-09-27 16:30:00",6092,0.404,0.389,0.399,0.335,0.417,0.389,0.471,0.507
"2018-09-27 17:00:00",6093,0.413,0.395,0.409,0.344,0.428,0.397,0.473,0.513
"2018-09-27 17:30:00",6094,0.421,0.404,0.421,0.353,0.438,0.408,0.476,0.519
"2018-09-27 18:00:00",6095,0.43,0.415,0.438,0.365,0.455,0.419,0.477,0.522
"2018-09-27 18:30:00",6096,0.434,0.418,0.449,0.369,0.463,0.423,0.476,0.523
"2018-09-27 19:00:00",6097,0.435,0.421,0.454,0.371,0.465,0.425,0.478,0.525
"2018-09-27 19:30:00",6098,0.436,0.424,0.455,0.372,0.464,0.428,0.48,0.527
"2018-09-27 20:00:00",6099,0.435,0.426,0.453,0.372,0.462,0.429,0.481,0.53
"2018-09-27 20:30:00",6100,0.433,0.424,0.45,0.371,0.458,0.426,0.481,0.529
"2018-09-27 21:00:00",6101,0.431,0.422,0.448,0.369,0.456,0.423,0.479,0.526
"2018-09-27 21:30:00",6102,0.429,0.419,0.446,0.367,0.454,0.421,0.477,0.522
"2018-09-27 22:00:00",6103,0.427,0.419,0.445,0.367,0.452,0.422,0.474,0.518
"2018-09-27 22:30:00",6104,0.426,0.417,0.443,0.366,0.454,0.419,0.471,0.514
"2018-09-27 23:00:00",6105,0.427,0.42,0.443,0.368,0.456,0.423,0.472,0.514
"2018-09-27 23:30:00",6106,0.427,0.421,0.443,0.37,0.456,0.426,0.472,0.515
"2018-09-28 00:00:00",6107,0.426,0.421,0.442,0.37,0.456,0.426,0.473,0.516
"2018-09-28 00:30:00",6108,0.425,0.42,0.44,0.369,0.455,0.426,0.474,0.516
"2018-09-28 01:00:00",6109,0.423,0.42,0.439,0.369,0.454,0.426,0.475,0.52
"2018-09-28 01:30:00",6110,0.421,0.419,0.437,0.367,0.449,0.424,0.475,0.524
"2018-09-28 02:00:00",6111,0.419,0.418,0.434,0.365,0.443,0.423,0.474,0.429
"2018-09-28 02:30:00",6112,0.416,0.417,0.432,0.363,0.438,0.421,0.474,0.42
"2018-09-28 03:00:00",6113,0.415,0.415,0.43,0.361,0.436,0.419,0.442,0.387
"2018-09-28 03:30:00",6114,0.412,0.408,0.429,0.352,0.434,0.406,0.417,0.375
"2018-09-28 04:00:00",6115,0.41,0.387,0.414,0.332,0.428,0.398,0.397,0.382
"2018-09-28 04:30:00",6116,0.405,0.373,0.408,0.327,0.417,0.392,0.427,0.381
"2018-09-28 05:00:00",6117,0.401,0.353,0.407,0.324,0.412,0.385,0.443,0.418
"2018-09-28 05:30:00",6118,0.399,0.347,0.404,0.321,0.408,0.372,0.454,0.45
"2018-09-28 06:00:00",6119,0.396,0.346,0.402,0.318,0.405,0.362,0.46,0.463
"2018-09-28 06:30:00",6120,0.394,0.348,0.4,0.317,0.403,0.356,0.465,0.473
"2018-09-28 07:00:00",6121,0.392,0.35,0.397,0.315,0.401,0.352,0.467,0.48
"2018-09-28 07:30:00",6122,0.389,0.355,0.396,0.314,0.4,0.351,0.469,0.484
"2018-09-28 08:00:00",6123,0.384,0.354,0.391,0.312,0.395,0.349,0.471,0.487
"2018-10-02 10:00:00",6124,0.328,0.323,0.332,0.289,0.339,0.328,0.389,0.403
