"TOA5","CR1000-CONTROL","CR1000","86633","CR1000.Std.31.03","CPU:Sapflow_SERC.CR1","8974","Table1"
"TIMESTAMP","RECORD","DiffVolt_Avg(1)","DiffVolt_Avg(2)","DiffVolt_Avg(3)","DiffVolt_Avg(4)","DiffVolt_Avg(5)","DiffVolt_Avg(6)","DiffVolt_Avg(7)","DiffVolt_Avg(8)"
"TS","RN","mV","mV","mV","mV","mV","mV","mV","mV"
"","","Avg","Avg","Avg","Avg","Avg","Avg","Avg","Avg"
"2018-08-01 12:30:00",3986,0.32,0.386,0.457,0.389,0.42,0.402,0.512,0.465
"2018-08-01 13:00:00",3987,0.324,0.382,0.451,0.382,0.412,0.395,0.493,0.449
"2018-08-01 13:30:00",3988,0.331,0.379,0.446,0.378,0.405,0.391,0.477,0.437
"2018-08-01 14:00:00",3989,0.337,0.379,0.444,0.378,0.402,0.391,0.472,0.429
"2018-08-01 14:30:00",3990,0.336,0.38,0.445,0.379,0.403,0.393,0.473,0.427
"2018-08-01 15:00:00",3991,0.34,0.385,0.452,0.386,0.411,0.401,0.482,0.436
"2018-08-01 15:30:00",3992,0.343,0.388,0.457,0.391,0.416,0.405,0.49,0.446
"2018-08-01 16:00:00",3993,0.339,0.384,0.448,0.387,0.409,0.4,0.489,0.445
"2018-08-01 16:30:00",3994,0.339,0.385,0.447,0.387,0.408,0.402,0.483,0.444
"2018-08-01 17:00:00",3995,0.339,0.385,0.445,0.388,0.406,0.403,0.485,0.446
"2018-08-01 17:30:00",3996,0.346,0.393,0.457,0.397,0.416,0.415,0.495,0.456
"2018-08-01 18:00:00",3997,0.349,0.398,0.463,0.405,0.421,0.419,0.511,0.47
"2018-08-01 18:30:00",3998,0.35,0.398,0.464,0.406,0.418,0.419,0.518,0.483
"2018-08-01 19:00:00",3999,0.356,0.405,0.474,0.413,0.424,0.427,0.529,0.493
"2018-08-01 19:30:00",4000,0.365,0.416,0.488,0.435,0.439,0.443,0.548,0.501
"2018-08-01 20:00:00",4001,0.372,0.432,0.504,0.461,0.468,0.466,0.566,0.506
"2018-08-01 20:30:00",4002,0.363,0.457,0.528,0.491,0.509,0.502,0.579,0.512
"2018-08-01 21:00:00",4003,0.371,0.471,0.542,0.507,0.535,0.523,0.588,0.515
"2018-08-01 21:30:00",4004,0.374,0.478,0.546,0.514,0.548,0.533,0.594,0.513
"2018-08-01 22:00:00",4005,0.37,0.479,0.548,0.515,0.553,0.539,0.599,0.512
"2018-08-01 22:30:00",4006,0.369,0.479,0.551,0.516,0.556,0.541,0.601,0.515
"2018-08-01 23:00:00",4007,0.37,0.481,0.553,0.518,0.558,0.543,0.603,0.518
"2018-08-01 23:30:00",4008,0.37,0.481,0.552,0.518,0.56,0.545,0.604,0.519
"2018-08-02 00:00:00",4009,0.376,0.484,0.555,0.519,0.563,0.546,0.606,0.522
"2018-08-02 00:30:00",4010,0.388,0.49,0.561,0.521,0.565,0.547,0.606,0.525
"2018-08-02 01:00:00",4011,0.402,0.499,0.568,0.524,0.569,0.548,0.608,0.528
"2018-08-02 01:30:00",4012,0.41,0.505,0.574,0.525,0.573,0.548,0.609,0.531
"2018-08-02 02:00:00",4013,0.414,0.508,0.578,0.526,0.577,0.549,0.61,0.531
"2018-08-02 02:30:00",4014,0.419,0.51,0.579,0.526,0.579,0.549,0.612,0.533
"2018-08-02 03:00:00",4015,0.428,0.514,0.581,0.526,0.581,0.548,0.612,0.533
"2018-08-02 03:30:00",4016,0.433,0.516,0.584,0.526,0.582,0.548,0.613,0.533
"2018-08-02 04:00:00",4017,0.437,0.517,0.584,0.525,0.583,0.546,0.614,0.535
"2018-08-02 04:30:00",4018,0.439,0.517,0.584,0.524,0.583,0.545,0.614,0.535
"2018-08-02 05:00:00",4019,0.44,0.516,0.585,0.524,0.583,0.543,0.615,0.537
"2018-08-02 05:30:00",4020,0.44,0.516,0.586,0.524,0.583,0.542,0.615,0.539
"2018-08-02 06:00:00",4021,0.44,0.515,0.586,0.524,0.583,0.54,0.616,0.541
"2018-08-02 06:30:00",4022,0.44,0.514,0.586,0.523,0.583,0.539,0.616,0.542
"2018-08-02 07:00:00",4023,0.439,0.513,0.587,0.523,0.583,0.539,0.616,0.542
"2018-08-02 07:30:00",4024,0.433,0.511,0.587,0.523,0.583,0.54,0.616,0.543
"2018-08-02 08:00:00",4025,0.429,0.509,0.586,0.524,0.583,0.54,0.615,0.544
"2018-08-02 08:30:00",4026,0.417,0.501,0.582,0.524,0.578,0.536,0.613,0.546
"2018-08-02 09:00:00",4027,0.396,0.486,0.57,0.512,0.563,0.528,0.612,0.547
"2018-08-02 09:30:00",4028,0.342,0.438,0.526,0.46,0.509,0.485,0.602,0.545
"2018-08-02 10:00:00",4029,0.328,0.425,0.507,0.44,0.482,0.463,0.589,0.539
"2018-08-02 10:30:00",4030,0.331,0.429,0.509,0.445,0.486,0.464,0.58,0.537
"2018-08-02 11:00:00",4031,0.316,0.415,0.494,0.426,0.465,0.446,0.567,0.531
"2018-08-02 11:30:00",4032,0.291,0.393,0.465,0.392,0.429,0.414,0.534,0.509
"2018-08-02 12:00:00",4033,0.286,0.39,0.458,0.388,0.42,0.407,0.503,0.487
"2018-08-02 12:30:00",4034,0.288,0.392,0.459,0.391,0.42,0.408,0.496,0.479
"2018-08-02 13:00:00",4035,0.285,0.383,0.448,0.38,0.407,0.395,0.479,0.461
"2018-08-02 13:30:00",4036,0.301,0.384,0.447,0.382,0.408,0.397,0.477,0.455
"2018-08-02 14:00:00",4037,0.311,0.385,0.451,0.386,0.409,0.4,0.48,0.456
"2018-08-02 14:30:00",4038,0.316,0.389,0.456,0.391,0.416,0.407,0.491,0.464
"2018-08-02 15:00:00",4039,0.313,0.388,0.451,0.39,0.415,0.406,0.493,0.466
"2018-08-02 15:30:00",4040,0.317,0.384,0.445,0.384,0.408,0.401,0.484,0.461
"2018-08-02 16:00:00",4041,0.332,0.407,0.469,0.412,0.44,0.435,0.498,0.477
"2018-08-02 16:30:00",4042,0.345,0.447,0.504,0.455,0.488,0.481,0.526,0.473
"2018-08-02 17:00:00",4043,0.397,0.496,0.554,0.504,0.545,0.524,0.554,0.421
"2018-08-02 17:30:00",4044,0.396,0.503,0.569,0.514,0.564,0.532,0.573,0.411
"2018-08-02 18:00:00",4045,0.402,0.502,0.571,0.512,0.572,0.531,0.585,0.446
"2018-08-02 18:30:00",4046,0.404,0.499,0.572,0.513,0.576,0.528,0.59,0.438
"2018-08-02 19:00:00",4047,0.398,0.489,0.573,0.508,0.578,0.525,0.593,0.439
"2018-08-02 19:30:00",4048,0.405,0.495,0.574,0.505,0.578,0.523,0.595,0.473
"2018-08-02 20:00:00",4049,0.41,0.493,0.575,0.505,0.578,0.522,0.598,0.489
"2018-08-02 20:30:00",4050,0.412,0.492,0.572,0.508,0.578,0.522,0.599,0.494
"2018-08-02 21:00:00",4051,0.413,0.492,0.572,0.511,0.578,0.522,0.599,0.5
"2018-08-02 21:30:00",4052,0.413,0.491,0.573,0.513,0.578,0.522,0.601,0.503
"2018-08-02 22:00:00",4053,0.414,0.489,0.572,0.514,0.577,0.521,0.602,0.503
"2018-08-02 22:30:00",4054,0.414,0.488,0.571,0.514,0.577,0.521,0.603,0.506
"2018-08-02 23:00:00",4055,0.415,0.488,0.567,0.514,0.577,0.522,0.602,0.505
"2018-08-02 23:30:00",4056,0.415,0.487,0.569,0.514,0.577,0.522,0.602,0.504
"2018-08-03 00:00:00",4057,0.415,0.486,0.569,0.514,0.577,0.521,0.604,0.505
"2018-08-03 00:30:00",4058,0.416,0.485,0.566,0.515,0.577,0.514,0.604,0.504
"2018-08-03 01:00:00",4059,0.417,0.483,0.567,0.515,0.577,0.499,0.605,0.506
"2018-08-03 01:30:00",4060,0.417,0.483,0.568,0.516,0.577,0.496,0.606,0.508
"2018-08-03 02:00:00",4061,0.418,0.482,0.568,0.516,0.577,0.495,0.608,0.509
"2018-08-03 02:30:00",4062,0.418,0.481,0.568,0.516,0.577,0.494,0.609,0.509
"2018-08-03 03:00:00",4063,0.418,0.479,0.568,0.516,0.577,0.493,0.609,0.511
"2018-08-03 03:30:00",4064,0.419,0.477,0.568,0.517,0.577,0.493,0.61,0.511
"2018-08-03 04:00:00",4065,0.42,0.476,0.568,0.516,0.577,0.491,0.61,0.51
"2018-08-03 04:30:00",4066,0.42,0.474,0.57,0.516,0.577,0.49,0.61,0.51
"2018-08-03 05:00:00",4067,0.42,0.472,0.57,0.515,0.576,0.488,0.61,0.511
"2018-08-03 05:30:00",4068,0.419,0.471,0.57,0.515,0.576,0.487,0.611,0.511
"2018-08-03 06:00:00",4069,0.419,0.469,0.569,0.514,0.575,0.486,0.611,0.512
"2018-08-03 06:30:00",4070,0.419,0.467,0.568,0.514,0.575,0.486,0.612,0.514
"2018-08-03 07:00:00",4071,0.419,0.466,0.568,0.513,0.574,0.485,0.612,0.514
"2018-08-03 07:30:00",4072,0.42,0.466,0.568,0.511,0.574,0.484,0.611,0.514
"2018-08-03 08:00:00",4073,0.421,0.466,0.57,0.509,0.572,0.484,0.61,0.515
"2018-08-03 08:30:00",4074,0.415,0.462,0.572,0.508,0.573,0.483,0.608,0.512
"2018-08-03 09:00:00",4075,0.408,0.458,0.574,0.508,0.574,0.482,0.605,0.512
"2018-08-03 09:30:00",4076,0.402,0.454,0.572,0.509,0.575,0.48,0.604,0.508
"2018-08-03 10:00:00",4077,0.358,0.421,0.55,0.473,0.547,0.457,0.601,0.506
"2018-08-03 10:30:00",4078,0.309,0.378,0.512,0.421,0.499,0.415,0.598,0.506
"2018-08-03 11:00:00",4079,0.281,0.35,0.462,0.381,0.429,0.369,0.583,0.497
"2018-08-03 11:30:00",4080,0.278,0.348,0.452,0.378,0.417,0.378,0.556,0.481
"2018-08-03 12:00:00",4081,0.274,0.344,0.444,0.372,0.407,0.378,0.527,0.464
"2018-08-03 12:30:00",4082,0.279,0.349,0.45,0.38,0.413,0.385,0.501,0.45
"2018-08-03 13:00:00",4083,0.291,0.346,0.446,0.377,0.407,0.379,0.483,0.436
"2018-08-03 13:30:00",4084,0.321,0.352,0.454,0.387,0.416,0.389,0.491,0.441
"2018-08-03 14:00:00",4085,0.332,0.354,0.454,0.388,0.416,0.389,0.494,0.443
"2018-08-03 14:30:00",4086,0.34,0.36,0.464,0.396,0.425,0.397,0.504,0.452
"2018-08-03 15:00:00",4087,0.361,0.377,0.483,0.42,0.454,0.424,0.519,0.463
"2018-08-03 15:30:00",4088,0.351,0.375,0.482,0.418,0.45,0.421,0.538,0.476
"2018-08-03 16:00:00",4089,0.349,0.373,0.479,0.416,0.446,0.42,0.534,0.478
"2018-08-03 16:30:00",4090,0.351,0.382,0.488,0.429,0.459,0.433,0.54,0.484
"2018-08-03 17:00:00",4091,0.347,0.403,0.512,0.456,0.491,0.462,0.554,0.493
"2018-08-03 17:30:00",4092,0.347,0.409,0.522,0.471,0.499,0.467,0.57,0.501
"2018-08-03 18:00:00",4093,0.313,0.383,0.49,0.441,0.456,0.431,0.576,0.503
"2018-08-03 18:30:00",4094,0.327,0.398,0.503,0.455,0.484,0.457,0.58,0.502
"2018-08-03 19:00:00",4095,0.357,0.426,0.533,0.491,0.525,0.491,0.592,0.507
"2018-08-03 19:30:00",4096,0.369,0.439,0.548,0.507,0.545,0.506,0.598,0.509
"2018-08-03 20:00:00",4097,0.377,0.447,0.555,0.514,0.555,0.514,0.601,0.509
"2018-08-03 20:30:00",4098,0.384,0.455,0.562,0.518,0.563,0.519,0.604,0.511
"2018-08-03 21:00:00",4099,0.385,0.457,0.565,0.519,0.567,0.521,0.606,0.512
"2018-08-03 21:30:00",4100,0.386,0.458,0.567,0.521,0.571,0.524,0.609,0.514
"2018-08-03 22:00:00",4101,0.384,0.458,0.565,0.522,0.573,0.526,0.611,0.514
"2018-08-03 22:30:00",4102,0.38,0.456,0.564,0.522,0.574,0.527,0.613,0.514
"2018-08-03 23:00:00",4103,0.385,0.459,0.564,0.523,0.575,0.528,0.613,0.515
"2018-08-03 23:30:00",4104,0.402,0.469,0.57,0.525,0.578,0.529,0.613,0.514
"2018-08-04 00:00:00",4105,0.408,0.473,0.573,0.526,0.581,0.528,0.614,0.512
"2018-08-04 00:30:00",4106,0.412,0.475,0.576,0.525,0.582,0.528,0.614,0.514
"2018-08-04 01:00:00",4107,0.413,0.478,0.576,0.524,0.584,0.528,0.614,0.513
"2018-08-04 01:30:00",4108,0.41,0.477,0.577,0.523,0.584,0.527,0.614,0.515
"2018-08-04 02:00:00",4109,0.401,0.475,0.576,0.522,0.584,0.527,0.613,0.516
"2018-08-04 02:30:00",4110,0.388,0.47,0.572,0.521,0.582,0.527,0.613,0.517
"2018-08-04 03:00:00",4111,0.386,0.469,0.568,0.521,0.581,0.528,0.614,0.518
"2018-08-04 03:30:00",4112,0.396,0.473,0.571,0.523,0.582,0.528,0.615,0.52
"2018-08-04 04:00:00",4113,0.406,0.477,0.575,0.525,0.583,0.529,0.616,0.522
"2018-08-04 04:30:00",4114,0.412,0.479,0.578,0.526,0.584,0.529,0.616,0.524
"2018-08-04 05:00:00",4115,0.413,0.48,0.579,0.526,0.585,0.528,0.616,0.526
"2018-08-04 05:30:00",4116,0.417,0.481,0.581,0.526,0.586,0.528,0.616,0.527
"2018-08-04 06:00:00",4117,0.42,0.482,0.582,0.527,0.586,0.527,0.616,0.528
"2018-08-04 06:30:00",4118,0.419,0.481,0.581,0.526,0.586,0.527,0.615,0.529
"2018-08-04 07:00:00",4119,0.416,0.479,0.58,0.525,0.584,0.527,0.613,0.53
"2018-08-04 07:30:00",4120,0.406,0.472,0.573,0.523,0.579,0.526,0.612,0.53
"2018-08-04 08:00:00",4121,0.391,0.459,0.561,0.516,0.566,0.522,0.61,0.532
"2018-08-04 08:30:00",4122,0.357,0.429,0.532,0.482,0.53,0.501,0.607,0.531
"2018-08-04 09:00:00",4123,0.343,0.414,0.513,0.461,0.502,0.478,0.604,0.529
"2018-08-04 09:30:00",4124,0.326,0.402,0.504,0.442,0.483,0.459,0.596,0.528
"2018-08-04 10:00:00",4125,0.3,0.379,0.478,0.409,0.447,0.427,0.581,0.52
"2018-08-04 10:30:00",4126,0.292,0.372,0.468,0.397,0.434,0.414,0.558,0.508
"2018-08-04 11:00:00",4127,0.285,0.366,0.461,0.389,0.423,0.404,0.531,0.496
"2018-08-04 11:30:00",4128,0.283,0.366,0.458,0.389,0.418,0.4,0.507,0.482
"2018-08-04 12:00:00",4129,0.279,0.363,0.452,0.382,0.412,0.393,0.489,0.465
"2018-08-04 12:30:00",4130,0.28,0.365,0.452,0.386,0.412,0.393,0.482,0.458
"2018-08-04 13:00:00",4131,0.28,0.364,0.451,0.386,0.411,0.391,0.479,0.454
"2018-08-04 13:30:00",4132,0.277,0.362,0.446,0.383,0.405,0.387,0.474,0.447
"2018-08-04 14:00:00",4133,0.286,0.364,0.448,0.385,0.406,0.388,0.475,0.446
"2018-08-04 14:30:00",4134,0.303,0.364,0.446,0.384,0.404,0.388,0.477,0.446
"2018-08-04 15:00:00",4135,0.307,0.362,0.443,0.381,0.401,0.386,0.473,0.446
"2018-08-04 15:30:00",4136,0.333,0.365,0.446,0.384,0.404,0.391,0.473,0.45
"2018-08-04 16:00:00",4137,0.345,0.369,0.45,0.39,0.409,0.395,0.48,0.457
"2018-08-04 16:30:00",4138,0.348,0.367,0.447,0.388,0.405,0.392,0.482,0.462
"2018-08-04 17:00:00",4139,0.351,0.368,0.446,0.389,0.404,0.394,0.48,0.464
"2018-08-04 17:30:00",4140,0.357,0.372,0.451,0.395,0.408,0.4,0.49,0.474
"2018-08-04 18:00:00",4141,0.363,0.377,0.457,0.401,0.413,0.407,0.5,0.487
"2018-08-04 18:30:00",4142,0.37,0.383,0.468,0.409,0.419,0.414,0.511,0.504
"2018-08-04 19:00:00",4143,0.376,0.393,0.482,0.419,0.429,0.425,0.524,0.517
"2018-08-04 19:30:00",4144,0.365,0.406,0.5,0.443,0.45,0.444,0.542,0.528
"2018-08-04 20:00:00",4145,0.369,0.432,0.525,0.478,0.494,0.481,0.564,0.536
"2018-08-04 20:30:00",4146,0.395,0.459,0.547,0.503,0.531,0.513,0.579,0.542
"2018-08-04 21:00:00",4147,0.417,0.477,0.561,0.516,0.553,0.527,0.59,0.546
"2018-08-04 21:30:00",4148,0.432,0.487,0.571,0.521,0.566,0.533,0.597,0.549
"2018-08-04 22:00:00",4149,0.437,0.493,0.578,0.524,0.573,0.534,0.603,0.549
"2018-08-04 22:30:00",4150,0.43,0.491,0.577,0.524,0.575,0.535,0.606,0.551
"2018-08-04 23:00:00",4151,0.429,0.492,0.58,0.524,0.577,0.536,0.609,0.552
"2018-08-04 23:30:00",4152,0.427,0.492,0.581,0.525,0.579,0.536,0.611,0.554
"2018-08-05 00:00:00",4153,0.432,0.495,0.582,0.526,0.581,0.536,0.613,0.556
"2018-08-05 00:30:00",4154,0.442,0.498,0.583,0.527,0.582,0.535,0.615,0.559
"2018-08-05 01:00:00",4155,0.448,0.499,0.584,0.528,0.584,0.535,0.616,0.56
"2018-08-05 01:30:00",4156,0.451,0.5,0.583,0.529,0.584,0.534,0.617,0.56
"2018-08-05 02:00:00",4157,0.453,0.499,0.582,0.529,0.585,0.535,0.618,0.56
"2018-08-05 02:30:00",4158,0.456,0.498,0.581,0.529,0.585,0.535,0.618,0.561
"2018-08-05 03:00:00",4159,0.457,0.498,0.583,0.529,0.586,0.533,0.619,0.563
"2018-08-05 03:30:00",4160,0.458,0.496,0.581,0.528,0.586,0.532,0.618,0.564
"2018-08-05 04:00:00",4161,0.458,0.494,0.581,0.528,0.585,0.531,0.618,0.563
"2018-08-05 04:30:00",4162,0.457,0.493,0.58,0.528,0.585,0.525,0.618,0.563
"2018-08-05 05:00:00",4163,0.456,0.491,0.58,0.527,0.584,0.514,0.618,0.563
"2018-08-05 05:30:00",4164,0.455,0.489,0.583,0.526,0.584,0.511,0.618,0.564
"2018-08-05 06:00:00",4165,0.454,0.487,0.582,0.526,0.583,0.508,0.618,0.564
"2018-08-05 06:30:00",4166,0.453,0.484,0.582,0.525,0.583,0.506,0.618,0.564
"2018-08-05 07:00:00",4167,0.453,0.483,0.582,0.524,0.583,0.502,0.618,0.564
"2018-08-05 07:30:00",4168,0.45,0.481,0.582,0.523,0.582,0.5,0.618,0.563
"2018-08-05 08:00:00",4169,0.433,0.47,0.583,0.523,0.581,0.498,0.617,0.563
"2018-08-05 08:30:00",4170,0.394,0.442,0.577,0.514,0.573,0.49,0.616,0.563
"2018-08-05 09:00:00",4171,0.35,0.407,0.545,0.469,0.533,0.454,0.614,0.561
"2018-08-05 09:30:00",4172,0.32,0.38,0.504,0.416,0.471,0.411,0.606,0.559
"2018-08-05 10:00:00",4173,0.303,0.363,0.479,0.39,0.437,0.384,0.591,0.551
"2018-08-05 10:30:00",4174,0.295,0.355,0.463,0.376,0.419,0.371,0.558,0.532
"2018-08-05 11:00:00",4175,0.291,0.351,0.455,0.372,0.411,0.367,0.515,0.504
"2018-08-05 11:30:00",4176,0.289,0.35,0.449,0.371,0.406,0.366,0.483,0.475
"2018-08-05 12:00:00",4177,0.29,0.35,0.446,0.371,0.403,0.367,0.469,0.457
"2018-08-05 12:30:00",4178,0.304,0.356,0.451,0.379,0.409,0.379,0.47,0.456
"2018-08-05 13:00:00",4179,0.311,0.352,0.444,0.374,0.402,0.374,0.465,0.449
"2018-08-05 13:30:00",4180,0.336,0.356,0.448,0.379,0.406,0.38,0.467,0.448
"2018-08-05 14:00:00",4181,0.338,0.355,0.445,0.377,0.402,0.376,0.472,0.452
"2018-08-05 14:30:00",4182,0.339,0.356,0.443,0.376,0.4,0.377,0.47,0.449
"2018-08-05 15:00:00",4183,0.343,0.356,0.442,0.377,0.4,0.38,0.469,0.452
"2018-08-05 15:30:00",4184,0.348,0.359,0.444,0.379,0.401,0.383,0.471,0.456
"2018-08-05 16:00:00",4185,0.352,0.361,0.444,0.382,0.402,0.384,0.474,0.461
"2018-08-05 16:30:00",4186,0.36,0.364,0.445,0.385,0.404,0.388,0.479,0.467
"2018-08-05 17:00:00",4187,0.366,0.367,0.448,0.39,0.406,0.392,0.484,0.475
"2018-08-05 17:30:00",4188,0.378,0.379,0.466,0.404,0.423,0.407,0.499,0.489
"2018-08-05 18:00:00",4189,0.382,0.395,0.484,0.425,0.446,0.428,0.522,0.51
"2018-08-05 18:30:00",4190,0.361,0.409,0.5,0.446,0.471,0.452,0.538,0.526
"2018-08-05 19:00:00",4191,0.367,0.417,0.507,0.462,0.486,0.468,0.55,0.538
"2018-08-05 19:30:00",4192,0.385,0.438,0.527,0.486,0.513,0.495,0.563,0.548
"2018-08-05 20:00:00",4193,0.395,0.451,0.541,0.503,0.534,0.51,0.575,0.554
"2018-08-05 20:30:00",4194,0.403,0.459,0.548,0.512,0.548,0.519,0.585,0.557
"2018-08-05 21:00:00",4195,0.413,0.467,0.557,0.517,0.557,0.525,0.592,0.561
"2018-08-05 21:30:00",4196,0.428,0.477,0.567,0.522,0.565,0.527,0.597,0.563
"2018-08-05 22:00:00",4197,0.43,0.48,0.571,0.523,0.57,0.528,0.602,0.565
"2018-08-05 22:30:00",4198,0.438,0.486,0.575,0.525,0.574,0.528,0.604,0.565
"2018-08-05 23:00:00",4199,0.432,0.484,0.573,0.524,0.575,0.528,0.606,0.566
"2018-08-05 23:30:00",4200,0.426,0.481,0.573,0.523,0.576,0.528,0.609,0.568
"2018-08-06 00:00:00",4201,0.432,0.485,0.576,0.525,0.577,0.529,0.61,0.569
"2018-08-06 00:30:00",4202,0.42,0.48,0.573,0.524,0.576,0.529,0.611,0.57
"2018-08-06 01:00:00",4203,0.404,0.474,0.567,0.524,0.573,0.53,0.613,0.572
"2018-08-06 01:30:00",4204,0.408,0.476,0.567,0.527,0.573,0.531,0.613,0.574
"2018-08-06 02:00:00",4205,0.412,0.479,0.569,0.529,0.574,0.531,0.614,0.574
"2018-08-06 02:30:00",4206,0.417,0.482,0.573,0.53,0.576,0.532,0.614,0.577
"2018-08-06 03:00:00",4207,0.422,0.485,0.574,0.531,0.579,0.532,0.615,0.576
"2018-08-06 03:30:00",4208,0.431,0.49,0.578,0.533,0.581,0.531,0.615,0.575
"2018-08-06 04:00:00",4209,0.438,0.493,0.583,0.534,0.583,0.531,0.616,0.575
"2018-08-06 04:30:00",4210,0.442,0.495,0.586,0.535,0.584,0.53,0.617,0.575
"2018-08-06 05:00:00",4211,0.444,0.491,0.586,0.534,0.585,0.529,0.616,0.575
"2018-08-06 05:30:00",4212,0.446,0.49,0.586,0.534,0.585,0.528,0.616,0.575
"2018-08-06 06:00:00",4213,0.444,0.488,0.585,0.533,0.585,0.527,0.615,0.575
"2018-08-06 06:30:00",4214,0.442,0.486,0.584,0.533,0.585,0.527,0.614,0.573
"2018-08-06 07:00:00",4215,0.432,0.48,0.58,0.532,0.583,0.524,0.614,0.573
"2018-08-06 07:30:00",4216,0.423,0.472,0.579,0.531,0.579,0.518,0.614,0.572
"2018-08-06 08:00:00",4217,0.384,0.438,0.561,0.509,0.553,0.497,0.613,0.572
"2018-08-06 08:30:00",4218,0.343,0.401,0.521,0.456,0.504,0.458,0.608,0.57
"2018-08-06 09:00:00",4219,0.333,0.393,0.506,0.437,0.482,0.44,0.602,0.568
"2018-08-06 09:30:00",4220,0.315,0.377,0.49,0.413,0.456,0.418,0.594,0.563
"2018-08-06 10:00:00",4221,0.307,0.37,0.481,0.4,0.443,0.407,0.576,0.553
"2018-08-06 10:30:00",4222,0.302,0.365,0.474,0.389,0.433,0.399,0.553,0.539
"2018-08-06 11:00:00",4223,0.298,0.362,0.469,0.384,0.426,0.392,0.53,0.521
"2018-08-06 11:30:00",4224,0.293,0.358,0.459,0.379,0.417,0.384,0.502,0.495
"2018-08-06 12:00:00",4225,0.291,0.357,0.456,0.378,0.414,0.381,0.485,0.48
"2018-08-06 12:30:00",4226,0.289,0.358,0.453,0.378,0.412,0.381,0.476,0.467
"2018-08-06 13:00:00",4227,0.291,0.361,0.455,0.383,0.415,0.385,0.475,0.462
"2018-08-06 13:30:00",4228,0.288,0.361,0.453,0.383,0.412,0.382,0.478,0.465
"2018-08-06 14:00:00",4229,0.287,0.361,0.452,0.384,0.411,0.384,0.479,0.46
"2018-08-06 14:30:00",4230,0.284,0.36,0.45,0.383,0.407,0.381,0.484,0.461
"2018-08-06 15:00:00",4231,0.282,0.36,0.447,0.381,0.405,0.382,0.482,0.462
"2018-08-06 15:30:00",4232,0.282,0.361,0.447,0.382,0.406,0.384,0.48,0.466
"2018-08-06 16:00:00",4233,0.284,0.364,0.447,0.385,0.407,0.387,0.481,0.469
"2018-08-06 16:30:00",4234,0.296,0.377,0.464,0.401,0.425,0.408,0.492,0.479
"2018-08-06 17:00:00",4235,0.312,0.399,0.486,0.428,0.454,0.436,0.515,0.504
"2018-08-06 17:30:00",4236,0.315,0.403,0.488,0.438,0.457,0.444,0.529,0.522
"2018-08-06 18:00:00",4237,0.307,0.396,0.484,0.433,0.445,0.433,0.535,0.533
"2018-08-06 18:30:00",4238,0.305,0.391,0.48,0.428,0.435,0.426,0.531,0.537
"2018-08-06 19:00:00",4239,0.313,0.4,0.493,0.439,0.446,0.438,0.538,0.544
"2018-08-06 19:30:00",4240,0.335,0.423,0.518,0.47,0.484,0.472,0.553,0.551
"2018-08-06 20:00:00",4241,0.351,0.442,0.537,0.496,0.516,0.497,0.568,0.556
"2018-08-06 20:30:00",4242,0.367,0.454,0.548,0.51,0.539,0.514,0.58,0.559
"2018-08-06 21:00:00",4243,0.374,0.461,0.556,0.517,0.551,0.522,0.589,0.562
"2018-08-06 21:30:00",4244,0.388,0.471,0.565,0.522,0.562,0.527,0.595,0.565
"2018-08-06 22:00:00",4245,0.4,0.478,0.57,0.525,0.569,0.528,0.599,0.566
"2018-08-06 22:30:00",4246,0.4,0.48,0.575,0.525,0.573,0.528,0.603,0.567
"2018-08-06 23:00:00",4247,0.407,0.484,0.578,0.526,0.576,0.528,0.606,0.569
"2018-08-06 23:30:00",4248,0.417,0.487,0.581,0.527,0.58,0.527,0.609,0.57
"2018-08-07 00:00:00",4249,0.422,0.488,0.583,0.528,0.582,0.526,0.61,0.57
"2018-08-07 00:30:00",4250,0.422,0.486,0.586,0.527,0.583,0.525,0.612,0.572
"2018-08-07 01:00:00",4251,0.424,0.486,0.585,0.527,0.583,0.525,0.614,0.571
"2018-08-07 01:30:00",4252,0.425,0.485,0.585,0.527,0.584,0.524,0.615,0.573
"2018-08-07 02:00:00",4253,0.428,0.485,0.585,0.528,0.585,0.521,0.615,0.572
"2018-08-07 02:30:00",4254,0.43,0.485,0.586,0.528,0.585,0.516,0.616,0.573
"2018-08-07 03:00:00",4255,0.433,0.483,0.586,0.529,0.585,0.51,0.617,0.573
"2018-08-07 03:30:00",4256,0.434,0.481,0.586,0.53,0.585,0.506,0.618,0.572
"2018-08-07 04:00:00",4257,0.434,0.48,0.585,0.529,0.585,0.501,0.618,0.572
"2018-08-07 04:30:00",4258,0.434,0.477,0.585,0.529,0.584,0.495,0.618,0.572
"2018-08-07 05:00:00",4259,0.434,0.475,0.586,0.529,0.584,0.491,0.619,0.573
"2018-08-07 05:30:00",4260,0.434,0.471,0.584,0.529,0.584,0.489,0.619,0.573
"2018-08-07 06:00:00",4261,0.434,0.465,0.585,0.528,0.584,0.486,0.619,0.572
"2018-08-07 06:30:00",4262,0.433,0.46,0.583,0.528,0.584,0.483,0.619,0.572
"2018-08-07 07:00:00",4263,0.433,0.456,0.582,0.527,0.583,0.481,0.619,0.572
"2018-08-07 07:30:00",4264,0.432,0.453,0.583,0.526,0.582,0.479,0.618,0.571
"2018-08-07 08:00:00",4265,0.421,0.444,0.583,0.525,0.582,0.477,0.618,0.571
"2018-08-07 08:30:00",4266,0.378,0.413,0.575,0.514,0.573,0.468,0.616,0.569
"2018-08-07 09:00:00",4267,0.329,0.372,0.535,0.458,0.522,0.428,0.611,0.568
"2018-08-07 09:30:00",4268,0.306,0.351,0.501,0.416,0.469,0.39,0.604,0.565
"2018-08-07 10:00:00",4269,0.295,0.341,0.485,0.396,0.447,0.373,0.591,0.559
"2018-08-07 10:30:00",4270,0.287,0.335,0.473,0.383,0.432,0.36,0.567,0.545
"2018-08-07 11:00:00",4271,0.283,0.332,0.464,0.378,0.422,0.352,0.53,0.523
"2018-08-07 11:30:00",4272,0.277,0.329,0.454,0.374,0.411,0.344,0.495,0.493
"2018-08-07 12:00:00",4273,0.278,0.333,0.453,0.374,0.411,0.351,0.478,0.473
"2018-08-07 12:30:00",4274,0.278,0.335,0.452,0.375,0.411,0.356,0.471,0.462
"2018-08-07 13:00:00",4275,0.275,0.334,0.448,0.375,0.408,0.357,0.469,0.456
"2018-08-07 13:30:00",4276,0.275,0.336,0.448,0.377,0.407,0.362,0.47,0.454
"2018-08-07 14:00:00",4277,0.275,0.337,0.45,0.381,0.407,0.366,0.479,0.457
"2018-08-07 14:30:00",4278,0.273,0.337,0.448,0.38,0.405,0.367,0.482,0.458
"2018-08-07 15:00:00",4279,0.274,0.339,0.448,0.382,0.407,0.373,0.485,0.462
"2018-08-07 15:30:00",4280,0.283,0.348,0.46,0.392,0.42,0.387,0.491,0.473
"2018-08-07 16:00:00",4281,0.301,0.368,0.485,0.417,0.448,0.416,0.513,0.496
"2018-08-07 16:30:00",4282,0.312,0.378,0.499,0.434,0.466,0.435,0.532,0.516
"2018-08-07 17:00:00",4283,0.326,0.393,0.514,0.457,0.49,0.457,0.545,0.53
"2018-08-07 17:30:00",4284,0.328,0.4,0.512,0.473,0.495,0.472,0.554,0.54
"2018-08-07 18:00:00",4285,0.333,0.404,0.515,0.481,0.497,0.479,0.561,0.549
"2018-08-07 18:30:00",4286,0.338,0.406,0.523,0.479,0.5,0.481,0.565,0.554
"2018-08-07 19:00:00",4287,0.346,0.414,0.531,0.488,0.515,0.492,0.571,0.557
"2018-08-07 19:30:00",4288,0.358,0.425,0.542,0.502,0.529,0.503,0.579,0.562
"2018-08-07 20:00:00",4289,0.348,0.424,0.535,0.508,0.531,0.507,0.581,0.562
"2018-08-07 20:30:00",4290,0.325,0.41,0.516,0.504,0.511,0.506,0.589,0.568
"2018-08-07 21:00:00",4291,0.332,0.415,0.521,0.509,0.512,0.511,0.595,0.571
"2018-08-07 21:30:00",4292,0.35,0.429,0.537,0.518,0.53,0.52,0.599,0.572
"2018-08-07 22:00:00",4293,0.364,0.441,0.55,0.527,0.548,0.525,0.6,0.572
"2018-08-07 22:30:00",4294,0.368,0.447,0.557,0.53,0.558,0.528,0.6,0.571
"2018-08-07 23:00:00",4295,0.376,0.452,0.562,0.532,0.564,0.53,0.605,0.572
"2018-08-07 23:30:00",4296,0.385,0.456,0.566,0.533,0.569,0.531,0.606,0.572
"2018-08-08 00:00:00",4297,0.391,0.458,0.57,0.533,0.572,0.531,0.609,0.573
"2018-08-08 00:30:00",4298,0.386,0.455,0.57,0.532,0.572,0.53,0.609,0.572
"2018-08-08 01:00:00",4299,0.39,0.456,0.572,0.533,0.574,0.53,0.611,0.572
"2018-08-08 01:30:00",4300,0.4,0.461,0.578,0.535,0.577,0.529,0.614,0.573
"2018-08-08 02:00:00",4301,0.409,0.465,0.581,0.536,0.58,0.525,0.615,0.574
"2018-08-08 02:30:00",4302,0.417,0.467,0.585,0.537,0.583,0.515,0.614,0.573
"2018-08-08 03:00:00",4303,0.422,0.466,0.587,0.536,0.584,0.507,0.616,0.573
"2018-08-08 03:30:00",4304,0.423,0.462,0.586,0.536,0.585,0.502,0.617,0.573
"2018-08-08 04:00:00",4305,0.423,0.457,0.585,0.534,0.585,0.498,0.614,0.572
"2018-08-08 04:30:00",4306,0.423,0.454,0.586,0.533,0.586,0.494,0.615,0.572
"2018-08-08 05:00:00",4307,0.424,0.452,0.584,0.532,0.586,0.491,0.613,0.572
"2018-08-08 05:30:00",4308,0.426,0.451,0.584,0.532,0.586,0.489,0.614,0.573
"2018-08-08 06:00:00",4309,0.427,0.45,0.586,0.532,0.586,0.485,0.615,0.572
"2018-08-08 06:30:00",4310,0.428,0.449,0.588,0.531,0.585,0.481,0.616,0.571
"2018-08-08 07:00:00",4311,0.427,0.448,0.587,0.531,0.585,0.477,0.615,0.571
"2018-08-08 07:30:00",4312,0.419,0.442,0.585,0.53,0.582,0.475,0.615,0.571
"2018-08-08 08:00:00",4313,0.383,0.417,0.576,0.523,0.567,0.468,0.614,0.57
"2018-08-08 08:30:00",4314,0.328,0.373,0.537,0.47,0.518,0.431,0.611,0.569
"2018-08-08 09:00:00",4315,0.301,0.35,0.502,0.424,0.47,0.39,0.605,0.568
"2018-08-08 09:30:00",4316,0.285,0.337,0.482,0.401,0.44,0.363,0.593,0.563
"2018-08-08 10:00:00",4317,0.276,0.33,0.471,0.386,0.425,0.35,0.573,0.552
"2018-08-08 10:30:00",4318,0.271,0.326,0.46,0.376,0.413,0.342,0.538,0.529
"2018-08-08 11:00:00",4319,0.268,0.324,0.455,0.371,0.405,0.336,0.502,0.5
"2018-08-08 11:30:00",4320,0.266,0.324,0.45,0.369,0.402,0.335,0.479,0.475
"2018-08-08 12:00:00",4321,0.265,0.325,0.448,0.369,0.4,0.334,0.471,0.463
"2018-08-08 12:30:00",4322,0.264,0.327,0.447,0.371,0.398,0.338,0.465,0.456
"2018-08-08 13:00:00",4323,0.263,0.327,0.442,0.366,0.392,0.339,0.461,0.448
"2018-08-08 13:30:00",4324,0.267,0.332,0.446,0.372,0.397,0.349,0.467,0.45
"2018-08-08 14:00:00",4325,0.262,0.328,0.44,0.365,0.387,0.347,0.463,0.446
"2018-08-08 14:30:00",4326,0.263,0.33,0.441,0.365,0.387,0.352,0.466,0.446
"2018-08-08 15:00:00",4327,0.265,0.331,0.442,0.366,0.388,0.355,0.468,0.449
"2018-08-08 15:30:00",4328,0.269,0.334,0.445,0.369,0.391,0.36,0.473,0.458
"2018-08-08 16:00:00",4329,0.265,0.329,0.438,0.362,0.383,0.354,0.471,0.456
"2018-08-08 16:30:00",4330,0.273,0.332,0.44,0.365,0.385,0.361,0.473,0.46
"2018-08-08 17:00:00",4331,0.283,0.343,0.453,0.38,0.4,0.378,0.492,0.478
"2018-08-08 17:30:00",4332,0.277,0.336,0.446,0.378,0.392,0.371,0.509,0.494
"2018-08-08 18:00:00",4333,0.253,0.309,0.41,0.346,0.358,0.342,0.514,0.506
"2018-08-22 12:30:00",4334,0.258,0.289,0.329,0.294,0.327,0.309,0.423,0.353
"2018-08-22 13:00:00",4335,0.266,0.308,0.353,0.308,0.342,0.328,0.454,0.394
"2018-08-22 13:30:00",4336,0.274,0.317,0.365,0.318,0.354,0.343,0.46,0.399
"2018-08-22 14:00:00",4337,0.277,0.323,0.371,0.325,0.36,0.362,0.472,0.408
"2018-08-22 14:30:00",4338,0.299,0.343,0.389,0.349,0.386,0.388,0.486,0.417
"2018-08-22 15:00:00",4339,0.327,0.369,0.417,0.381,0.421,0.415,0.51,0.432
"2018-08-22 15:30:00",4340,0.308,0.357,0.406,0.367,0.407,0.398,0.523,0.439
"2018-08-22 16:00:00",4341,0.296,0.35,0.395,0.355,0.398,0.385,0.525,0.44
"2018-08-22 16:30:00",4342,0.286,0.342,0.384,0.346,0.387,0.372,0.522,0.437
"2018-08-22 17:00:00",4343,0.281,0.338,0.377,0.343,0.381,0.365,0.52,0.433
"2018-08-22 17:30:00",4344,0.28,0.338,0.377,0.343,0.381,0.366,0.518,0.431
"2018-08-22 18:00:00",4345,0.275,0.336,0.375,0.339,0.38,0.365,0.511,0.429
"2018-08-22 18:30:00",4346,0.285,0.349,0.388,0.351,0.398,0.38,0.514,0.432
"2018-08-22 19:00:00",4347,0.302,0.368,0.408,0.375,0.426,0.402,0.526,0.438
"2018-08-22 19:30:00",4348,0.307,0.375,0.416,0.387,0.439,0.41,0.541,0.446
"2018-08-22 20:00:00",4349,0.31,0.377,0.414,0.394,0.443,0.414,0.553,0.45
"2018-08-22 20:30:00",4350,0.303,0.374,0.409,0.39,0.443,0.415,0.563,0.455
"2018-08-22 21:00:00",4351,0.295,0.366,0.401,0.379,0.431,0.412,0.57,0.458
"2018-08-22 21:30:00",4352,0.295,0.369,0.402,0.381,0.433,0.415,0.575,0.463
"2018-08-22 22:00:00",4353,0.295,0.369,0.403,0.384,0.436,0.417,0.58,0.467
"2018-08-22 22:30:00",4354,0.298,0.371,0.405,0.389,0.441,0.421,0.582,0.469
"2018-08-22 23:00:00",4355,0.3,0.375,0.407,0.395,0.445,0.424,0.584,0.475
"2018-08-22 23:30:00",4356,0.306,0.379,0.411,0.402,0.451,0.429,0.585,0.475
"2018-08-23 00:00:00",4357,0.308,0.383,0.413,0.409,0.458,0.432,0.584,0.473
"2018-08-23 00:30:00",4358,0.308,0.385,0.414,0.411,0.459,0.433,0.589,0.477
"2018-08-23 01:00:00",4359,0.31,0.388,0.416,0.415,0.463,0.436,0.591,0.482
"2018-08-23 01:30:00",4360,0.311,0.39,0.418,0.42,0.468,0.438,0.593,0.482
"2018-08-23 02:00:00",4361,0.31,0.39,0.417,0.421,0.469,0.438,0.594,0.484
"2018-08-23 02:30:00",4362,0.314,0.394,0.42,0.426,0.475,0.441,0.596,0.487
"2018-08-23 03:00:00",4363,0.319,0.398,0.423,0.434,0.482,0.444,0.597,0.488
"2018-08-23 03:30:00",4364,0.321,0.4,0.424,0.439,0.485,0.443,0.596,0.49
"2018-08-23 04:00:00",4365,0.323,0.402,0.425,0.443,0.489,0.443,0.597,0.491
"2018-08-23 04:30:00",4366,0.326,0.405,0.425,0.447,0.493,0.443,0.597,0.49
"2018-08-23 05:00:00",4367,0.328,0.409,0.427,0.451,0.497,0.443,0.598,0.49
"2018-08-23 05:30:00",4368,0.332,0.412,0.429,0.456,0.502,0.444,0.599,0.492
"2018-08-23 06:00:00",4369,0.337,0.416,0.432,0.461,0.509,0.445,0.599,0.493
"2018-08-23 06:30:00",4370,0.339,0.419,0.434,0.466,0.514,0.447,0.6,0.494
"2018-08-23 07:00:00",4371,0.337,0.417,0.432,0.467,0.515,0.446,0.601,0.495
"2018-08-23 07:30:00",4372,0.332,0.408,0.43,0.46,0.509,0.438,0.601,0.494
"2018-08-23 08:00:00",4373,0.322,0.396,0.424,0.444,0.497,0.426,0.6,0.494
"2018-08-23 08:30:00",4374,0.303,0.377,0.407,0.413,0.474,0.402,0.596,0.492
"2018-08-23 09:00:00",4375,0.29,0.364,0.392,0.391,0.454,0.382,0.589,0.488
"2018-08-23 09:30:00",4376,0.28,0.355,0.381,0.377,0.438,0.366,0.579,0.481
"2018-08-23 10:00:00",4377,0.274,0.349,0.374,0.365,0.429,0.356,0.563,0.47
"2018-08-23 10:30:00",4378,0.269,0.347,0.368,0.356,0.42,0.348,0.542,0.456
"2018-08-23 11:00:00",4379,0.267,0.347,0.364,0.351,0.416,0.348,0.514,0.438
"2018-08-23 11:30:00",4380,0.265,0.345,0.36,0.351,0.412,0.354,0.489,0.421
"2018-08-23 12:00:00",4381,0.262,0.343,0.356,0.347,0.408,0.352,0.473,0.407
"2018-08-23 12:30:00",4382,0.26,0.343,0.354,0.347,0.404,0.351,0.464,0.396
"2018-08-23 13:00:00",4383,0.26,0.344,0.355,0.349,0.405,0.352,0.46,0.39
"2018-08-23 13:30:00",4384,0.26,0.347,0.357,0.351,0.407,0.353,0.46,0.388
"2018-08-23 14:00:00",4385,0.26,0.348,0.359,0.352,0.408,0.353,0.462,0.387
"2018-08-23 14:30:00",4386,0.259,0.349,0.361,0.353,0.408,0.355,0.463,0.387
"2018-08-23 15:00:00",4387,0.259,0.351,0.363,0.354,0.411,0.358,0.466,0.391
"2018-08-23 15:30:00",4388,0.26,0.351,0.364,0.354,0.411,0.359,0.465,0.394
"2018-08-23 16:00:00",4389,0.262,0.354,0.367,0.358,0.414,0.362,0.467,0.399
"2018-08-23 16:30:00",4390,0.263,0.355,0.369,0.361,0.416,0.364,0.474,0.405
"2018-08-23 17:00:00",4391,0.263,0.356,0.37,0.363,0.418,0.364,0.48,0.41
"2018-08-23 17:30:00",4392,0.267,0.361,0.377,0.37,0.422,0.37,0.49,0.42
"2018-08-23 18:00:00",4393,0.273,0.367,0.384,0.379,0.428,0.378,0.501,0.435
"2018-08-23 18:30:00",4394,0.279,0.377,0.396,0.39,0.438,0.39,0.515,0.452
"2018-08-23 19:00:00",4395,0.283,0.384,0.407,0.399,0.447,0.396,0.532,0.467
"2018-08-23 19:30:00",4396,0.293,0.397,0.419,0.419,0.467,0.415,0.55,0.478
"2018-08-23 20:00:00",4397,0.309,0.417,0.433,0.446,0.498,0.44,0.567,0.487
"2018-08-23 20:30:00",4398,0.328,0.437,0.446,0.471,0.526,0.452,0.578,0.494
"2018-08-23 21:00:00",4399,0.349,0.456,0.458,0.49,0.546,0.455,0.586,0.5
"2018-08-23 21:30:00",4400,0.365,0.467,0.465,0.504,0.559,0.462,0.593,0.503
"2018-08-23 22:00:00",4401,0.36,0.468,0.463,0.508,0.564,0.462,0.596,0.505
"2018-08-23 22:30:00",4402,0.346,0.459,0.454,0.509,0.561,0.462,0.597,0.506
"2018-08-23 23:00:00",4403,0.356,0.462,0.456,0.512,0.565,0.466,0.604,0.51
"2018-08-23 23:30:00",4404,0.367,0.467,0.462,0.517,0.573,0.469,0.605,0.51
"2018-08-24 00:00:00",4405,0.357,0.463,0.456,0.517,0.572,0.469,0.605,0.511
"2018-08-24 00:30:00",4406,0.351,0.458,0.448,0.516,0.569,0.471,0.608,0.512
"2018-08-24 01:00:00",4407,0.353,0.459,0.449,0.518,0.569,0.472,0.607,0.512
"2018-08-24 01:30:00",4408,0.351,0.455,0.445,0.519,0.568,0.472,0.604,0.512
"2018-08-24 02:00:00",4409,0.353,0.454,0.444,0.519,0.567,0.473,0.605,0.513
"2018-08-24 02:30:00",4410,0.354,0.455,0.442,0.52,0.567,0.473,0.607,0.513
"2018-08-24 03:00:00",4411,0.354,0.454,0.445,0.52,0.566,0.473,0.608,0.513
"2018-08-24 03:30:00",4412,0.357,0.455,0.447,0.522,0.568,0.474,0.609,0.514
"2018-08-24 04:00:00",4413,0.349,0.451,0.444,0.522,0.565,0.473,0.607,0.513
"2018-08-24 04:30:00",4414,0.348,0.449,0.443,0.522,0.564,0.472,0.607,0.513
"2018-08-24 05:00:00",4415,0.355,0.45,0.446,0.523,0.566,0.472,0.609,0.513
"2018-08-24 05:30:00",4416,0.361,0.453,0.447,0.525,0.568,0.473,0.611,0.515
"2018-08-24 06:00:00",4417,0.369,0.456,0.451,0.526,0.572,0.474,0.611,0.515
"2018-08-24 06:30:00",4418,0.37,0.457,0.451,0.527,0.573,0.474,0.611,0.516
"2018-08-24 07:00:00",4419,0.377,0.459,0.453,0.528,0.576,0.475,0.612,0.517
"2018-08-24 07:30:00",4420,0.376,0.456,0.457,0.529,0.578,0.474,0.612,0.516
"2018-08-24 08:00:00",4421,0.342,0.425,0.446,0.518,0.559,0.46,0.611,0.515
"2018-08-24 08:30:00",4422,0.312,0.394,0.423,0.476,0.523,0.431,0.609,0.514
"2018-08-24 09:00:00",4423,0.294,0.373,0.404,0.436,0.497,0.401,0.607,0.512
"2018-08-24 09:30:00",4424,0.283,0.361,0.393,0.412,0.478,0.379,0.6,0.51
"2018-08-24 10:00:00",4425,0.278,0.354,0.385,0.394,0.463,0.365,0.594,0.506
"2018-08-24 10:30:00",4426,0.273,0.347,0.376,0.38,0.451,0.352,0.58,0.495
"2018-08-24 11:00:00",4427,0.27,0.342,0.368,0.373,0.442,0.343,0.549,0.474
"2018-08-24 11:30:00",4428,0.267,0.341,0.363,0.37,0.436,0.337,0.508,0.446
"2018-08-24 12:00:00",4429,0.263,0.339,0.357,0.367,0.432,0.333,0.482,0.422
"2018-08-24 12:30:00",4430,0.261,0.338,0.353,0.367,0.428,0.33,0.471,0.408
"2018-08-24 13:00:00",4431,0.259,0.339,0.35,0.366,0.424,0.328,0.463,0.399
"2018-08-24 13:30:00",4432,0.258,0.34,0.349,0.367,0.421,0.335,0.46,0.394
"2018-08-24 14:00:00",4433,0.258,0.343,0.351,0.37,0.421,0.343,0.462,0.395
"2018-08-24 14:30:00",4434,0.258,0.345,0.352,0.372,0.421,0.347,0.463,0.396
"2018-08-24 15:00:00",4435,0.257,0.346,0.353,0.372,0.422,0.35,0.465,0.399
"2018-08-24 15:30:00",4436,0.259,0.349,0.355,0.374,0.423,0.353,0.466,0.404
"2018-08-24 16:00:00",4437,0.261,0.351,0.357,0.378,0.425,0.356,0.468,0.411
"2018-08-24 16:30:00",4438,0.262,0.353,0.36,0.381,0.427,0.359,0.473,0.418
"2018-08-24 17:00:00",4439,0.264,0.356,0.364,0.386,0.429,0.364,0.485,0.426
"2018-08-24 17:30:00",4440,0.266,0.359,0.367,0.389,0.432,0.368,0.497,0.437
"2018-08-24 18:00:00",4441,0.269,0.362,0.373,0.395,0.436,0.373,0.501,0.449
"2018-08-24 18:30:00",4442,0.273,0.368,0.38,0.401,0.44,0.38,0.51,0.463
"2018-08-24 19:00:00",4443,0.281,0.379,0.392,0.417,0.452,0.394,0.525,0.476
"2018-08-24 19:30:00",4444,0.299,0.403,0.411,0.45,0.48,0.421,0.551,0.489
"2018-08-24 20:00:00",4445,0.316,0.422,0.422,0.477,0.504,0.444,0.568,0.5
"2018-08-24 20:30:00",4446,0.333,0.439,0.433,0.501,0.529,0.455,0.579,0.505
"2018-08-24 21:00:00",4447,0.327,0.44,0.433,0.508,0.535,0.452,0.587,0.511
"2018-08-24 21:30:00",4448,0.335,0.448,0.439,0.515,0.546,0.459,0.595,0.514
"2018-08-24 22:00:00",4449,0.344,0.456,0.447,0.524,0.557,0.464,0.6,0.516
"2018-08-24 22:30:00",4450,0.349,0.461,0.451,0.53,0.564,0.466,0.602,0.516
"2018-08-24 23:00:00",4451,0.355,0.464,0.452,0.534,0.57,0.469,0.604,0.518
"2018-08-24 23:30:00",4452,0.354,0.465,0.453,0.536,0.573,0.47,0.608,0.519
"2018-08-25 00:00:00",4453,0.356,0.467,0.455,0.537,0.575,0.471,0.611,0.52
"2018-08-25 00:30:00",4454,0.36,0.468,0.455,0.539,0.578,0.473,0.61,0.519
"2018-08-25 01:00:00",4455,0.363,0.466,0.455,0.54,0.58,0.473,0.61,0.519
"2018-08-25 01:30:00",4456,0.366,0.465,0.455,0.54,0.582,0.473,0.611,0.518
"2018-08-25 02:00:00",4457,0.374,0.467,0.458,0.54,0.584,0.474,0.61,0.518
"2018-08-25 02:30:00",4458,0.383,0.469,0.461,0.541,0.586,0.475,0.611,0.518
"2018-08-25 03:00:00",4459,0.393,0.472,0.464,0.542,0.589,0.476,0.613,0.519
"2018-08-25 03:30:00",4460,0.397,0.472,0.466,0.542,0.591,0.475,0.614,0.519
"2018-08-25 04:00:00",4461,0.393,0.469,0.464,0.542,0.591,0.475,0.614,0.519
"2018-08-25 04:30:00",4462,0.396,0.469,0.463,0.542,0.591,0.475,0.615,0.52
"2018-08-25 05:00:00",4463,0.403,0.469,0.463,0.543,0.592,0.476,0.615,0.521
"2018-08-25 05:30:00",4464,0.408,0.469,0.46,0.543,0.593,0.475,0.615,0.52
"2018-08-25 06:00:00",4465,0.41,0.468,0.458,0.542,0.593,0.474,0.616,0.52
"2018-08-25 06:30:00",4466,0.414,0.467,0.458,0.541,0.593,0.474,0.616,0.521
"2018-08-25 07:00:00",4467,0.415,0.465,0.457,0.541,0.593,0.473,0.616,0.52
"2018-08-25 07:30:00",4468,0.415,0.464,0.456,0.54,0.592,0.472,0.615,0.519
"2018-08-25 08:00:00",4469,0.412,0.462,0.456,0.54,0.592,0.472,0.615,0.518
"2018-08-25 08:30:00",4470,0.375,0.441,0.451,0.533,0.583,0.465,0.614,0.517
"2018-08-25 09:00:00",4471,0.303,0.38,0.414,0.469,0.525,0.42,0.613,0.516
"2018-08-25 09:30:00",4472,0.283,0.354,0.38,0.424,0.474,0.377,0.607,0.513
"2018-08-25 10:00:00",4473,0.275,0.345,0.369,0.405,0.457,0.359,0.592,0.504
"2018-08-25 10:30:00",4474,0.272,0.341,0.364,0.393,0.45,0.351,0.575,0.492
"2018-08-25 11:00:00",4475,0.272,0.34,0.36,0.392,0.445,0.346,0.543,0.469
"2018-08-25 11:30:00",4476,0.273,0.341,0.361,0.394,0.445,0.346,0.515,0.45
"2018-08-25 12:00:00",4477,0.273,0.342,0.362,0.396,0.446,0.345,0.507,0.442
"2018-08-25 12:30:00",4478,0.274,0.344,0.363,0.399,0.446,0.346,0.502,0.438
"2018-08-25 13:00:00",4479,0.268,0.339,0.357,0.391,0.439,0.337,0.497,0.431
"2018-08-25 13:30:00",4480,0.265,0.337,0.354,0.388,0.433,0.333,0.49,0.423
"2018-08-25 14:00:00",4481,0.26,0.335,0.348,0.384,0.425,0.327,0.479,0.41
"2018-08-25 14:30:00",4482,0.26,0.337,0.35,0.385,0.425,0.334,0.475,0.407
"2018-08-25 15:00:00",4483,0.261,0.34,0.352,0.387,0.426,0.346,0.479,0.412
"2018-08-25 15:30:00",4484,0.261,0.342,0.353,0.387,0.427,0.35,0.478,0.413
"2018-08-25 16:00:00",4485,0.263,0.345,0.355,0.39,0.429,0.354,0.48,0.42
"2018-08-25 16:30:00",4486,0.264,0.347,0.355,0.393,0.43,0.357,0.484,0.424
"2018-08-25 17:00:00",4487,0.266,0.35,0.359,0.398,0.433,0.362,0.493,0.431
"2018-08-25 17:30:00",4488,0.27,0.355,0.365,0.404,0.438,0.368,0.506,0.443
"2018-08-25 18:00:00",4489,0.274,0.361,0.373,0.411,0.445,0.376,0.514,0.457
"2018-08-25 18:30:00",4490,0.279,0.367,0.381,0.42,0.451,0.384,0.522,0.471
"2018-08-25 19:00:00",4491,0.284,0.375,0.389,0.429,0.458,0.391,0.536,0.482
"2018-08-25 19:30:00",4492,0.292,0.385,0.396,0.445,0.474,0.407,0.553,0.491
"2018-08-25 20:00:00",4493,0.311,0.407,0.409,0.474,0.503,0.437,0.57,0.5
"2018-08-25 20:30:00",4494,0.326,0.427,0.421,0.5,0.527,0.443,0.582,0.507
"2018-08-25 21:00:00",4495,0.338,0.438,0.43,0.516,0.543,0.454,0.59,0.511
"2018-08-25 21:30:00",4496,0.349,0.449,0.439,0.528,0.557,0.462,0.596,0.513
"2018-08-25 22:00:00",4497,0.363,0.461,0.448,0.536,0.568,0.466,0.602,0.516
"2018-08-25 22:30:00",4498,0.361,0.462,0.451,0.539,0.573,0.467,0.605,0.517
"2018-08-25 23:00:00",4499,0.359,0.462,0.449,0.54,0.575,0.469,0.608,0.518
"2018-08-25 23:30:00",4500,0.358,0.462,0.448,0.541,0.576,0.47,0.609,0.518
"2018-08-26 00:00:00",4501,0.353,0.458,0.445,0.541,0.574,0.47,0.611,0.519
"2018-08-26 00:30:00",4502,0.354,0.458,0.446,0.542,0.575,0.471,0.613,0.519
"2018-08-26 01:00:00",4503,0.361,0.46,0.448,0.543,0.577,0.471,0.614,0.52
"2018-08-26 01:30:00",4504,0.371,0.466,0.451,0.546,0.581,0.473,0.615,0.52
"2018-08-26 02:00:00",4505,0.388,0.472,0.455,0.548,0.586,0.474,0.617,0.521
"2018-08-26 02:30:00",4506,0.398,0.474,0.457,0.548,0.589,0.474,0.617,0.522
"2018-08-26 03:00:00",4507,0.404,0.474,0.456,0.548,0.591,0.474,0.617,0.521
"2018-08-26 03:30:00",4508,0.405,0.472,0.454,0.548,0.592,0.475,0.616,0.522
"2018-08-26 04:00:00",4509,0.403,0.47,0.454,0.547,0.592,0.475,0.616,0.521
"2018-08-26 04:30:00",4510,0.401,0.468,0.454,0.546,0.592,0.474,0.617,0.52
"2018-08-26 05:00:00",4511,0.405,0.468,0.454,0.545,0.593,0.474,0.617,0.52
"2018-08-26 05:30:00",4512,0.409,0.467,0.454,0.545,0.593,0.474,0.617,0.519
"2018-08-26 06:00:00",4513,0.413,0.467,0.455,0.544,0.592,0.472,0.617,0.519
"2018-08-26 06:30:00",4514,0.415,0.465,0.453,0.543,0.592,0.471,0.616,0.519
"2018-08-26 07:00:00",4515,0.416,0.464,0.455,0.542,0.591,0.47,0.616,0.518
"2018-08-26 07:30:00",4516,0.415,0.462,0.455,0.541,0.59,0.47,0.615,0.517
"2018-08-26 08:00:00",4517,0.398,0.452,0.456,0.541,0.588,0.469,0.614,0.516
"2018-08-26 08:30:00",4518,0.344,0.416,0.442,0.526,0.569,0.454,0.61,0.515
"2018-08-26 09:00:00",4519,0.302,0.374,0.406,0.468,0.515,0.412,0.604,0.513
"2018-08-26 09:30:00",4520,0.282,0.351,0.379,0.426,0.471,0.372,0.596,0.51
"2018-08-26 10:00:00",4521,0.271,0.339,0.363,0.402,0.449,0.35,0.582,0.502
"2018-08-26 10:30:00",4522,0.268,0.335,0.356,0.392,0.439,0.342,0.557,0.483
"2018-08-26 11:00:00",4523,0.264,0.332,0.35,0.386,0.431,0.334,0.518,0.456
"2018-08-26 11:30:00",4524,0.263,0.331,0.35,0.384,0.429,0.332,0.489,0.435
"2018-08-26 12:00:00",4525,0.26,0.329,0.346,0.381,0.426,0.328,0.474,0.417
"2018-08-26 12:30:00",4526,0.261,0.33,0.349,0.382,0.426,0.328,0.471,0.409
"2018-08-26 13:00:00",4527,0.26,0.331,0.35,0.383,0.426,0.327,0.47,0.405
"2018-08-26 13:30:00",4528,0.258,0.331,0.348,0.383,0.423,0.326,0.467,0.399
"2018-08-26 14:00:00",4529,0.257,0.332,0.349,0.383,0.423,0.329,0.467,0.399
"2018-08-26 14:30:00",4530,0.257,0.334,0.351,0.384,0.423,0.332,0.469,0.4
"2018-08-26 15:00:00",4531,0.258,0.337,0.353,0.385,0.425,0.337,0.471,0.404
"2018-08-26 15:30:00",4532,0.259,0.339,0.355,0.387,0.427,0.341,0.474,0.409
"2018-08-26 16:00:00",4533,0.259,0.34,0.355,0.389,0.428,0.344,0.475,0.414
"2018-08-26 16:30:00",4534,0.26,0.342,0.355,0.391,0.428,0.348,0.476,0.418
"2018-08-26 17:00:00",4535,0.263,0.346,0.358,0.396,0.431,0.355,0.485,0.426
"2018-08-26 17:30:00",4536,0.266,0.351,0.363,0.402,0.436,0.361,0.498,0.437
"2018-08-26 18:00:00",4537,0.271,0.358,0.371,0.412,0.443,0.371,0.509,0.454
"2018-08-26 18:30:00",4538,0.277,0.367,0.379,0.422,0.451,0.381,0.522,0.469
"2018-08-26 19:00:00",4539,0.289,0.381,0.393,0.441,0.469,0.4,0.538,0.482
"2018-08-26 19:30:00",4540,0.303,0.4,0.41,0.472,0.498,0.424,0.555,0.493
"2018-08-26 20:00:00",4541,0.317,0.418,0.422,0.5,0.527,0.431,0.569,0.499
"2018-08-26 20:30:00",4542,0.331,0.431,0.432,0.517,0.545,0.445,0.58,0.505
"2018-08-26 21:00:00",4543,0.339,0.438,0.437,0.526,0.555,0.451,0.586,0.508
"2018-08-26 21:30:00",4544,0.349,0.447,0.442,0.532,0.563,0.456,0.59,0.51
"2018-08-26 22:00:00",4545,0.355,0.451,0.442,0.536,0.568,0.459,0.596,0.512
"2018-08-26 22:30:00",4546,0.361,0.455,0.443,0.538,0.572,0.461,0.6,0.513
"2018-08-26 23:00:00",4547,0.367,0.457,0.444,0.539,0.574,0.463,0.602,0.514
"2018-08-26 23:30:00",4548,0.374,0.46,0.448,0.541,0.577,0.465,0.603,0.514
"2018-08-27 00:00:00",4549,0.376,0.461,0.45,0.541,0.579,0.465,0.606,0.516
"2018-08-27 00:30:00",4550,0.378,0.462,0.451,0.542,0.58,0.465,0.608,0.517
"2018-08-27 01:00:00",4551,0.379,0.461,0.449,0.542,0.581,0.466,0.608,0.517
"2018-08-27 01:30:00",4552,0.375,0.46,0.448,0.541,0.58,0.466,0.609,0.517
"2018-08-27 02:00:00",4553,0.372,0.458,0.448,0.542,0.579,0.467,0.61,0.517
"2018-08-27 02:30:00",4554,0.379,0.46,0.45,0.543,0.58,0.467,0.611,0.517
"2018-08-27 03:00:00",4555,0.381,0.459,0.45,0.542,0.58,0.467,0.61,0.517
"2018-08-27 03:30:00",4556,0.384,0.458,0.448,0.542,0.58,0.467,0.608,0.517
"2018-08-27 04:00:00",4557,0.383,0.456,0.445,0.542,0.58,0.467,0.606,0.516
"2018-08-27 04:30:00",4558,0.382,0.454,0.446,0.542,0.58,0.467,0.603,0.515
"2018-08-27 05:00:00",4559,0.391,0.457,0.449,0.543,0.582,0.468,0.607,0.517
"2018-08-27 05:30:00",4560,0.401,0.46,0.452,0.544,0.583,0.469,0.608,0.517
"2018-08-27 06:00:00",4561,0.404,0.459,0.451,0.542,0.583,0.468,0.608,0.517
"2018-08-27 06:30:00",4562,0.405,0.458,0.45,0.541,0.583,0.467,0.607,0.516
"2018-08-27 07:00:00",4563,0.406,0.457,0.452,0.541,0.583,0.466,0.604,0.516
"2018-08-27 07:30:00",4564,0.401,0.454,0.452,0.541,0.582,0.465,0.602,0.516
"2018-08-27 08:00:00",4565,0.38,0.441,0.448,0.54,0.574,0.464,0.602,0.517
"2018-08-27 08:30:00",4566,0.336,0.405,0.43,0.513,0.547,0.447,0.602,0.517
"2018-08-27 09:00:00",4567,0.303,0.371,0.399,0.462,0.502,0.41,0.595,0.515
"2018-08-27 09:30:00",4568,0.285,0.354,0.381,0.429,0.471,0.376,0.586,0.51
"2018-08-27 10:00:00",4569,0.279,0.347,0.373,0.412,0.458,0.36,0.574,0.502
"2018-08-27 10:30:00",4570,0.272,0.34,0.364,0.399,0.448,0.348,0.556,0.487
"2018-08-27 11:00:00",4571,0.267,0.334,0.355,0.39,0.438,0.337,0.527,0.464
"2018-08-27 11:30:00",4572,0.268,0.336,0.357,0.391,0.439,0.338,0.503,0.446
"2018-08-27 12:00:00",4573,0.268,0.338,0.357,0.392,0.44,0.337,0.499,0.439
"2018-08-27 12:30:00",4574,0.265,0.335,0.353,0.39,0.435,0.332,0.491,0.43
"2018-08-27 13:00:00",4575,0.261,0.331,0.346,0.385,0.427,0.322,0.479,0.415
"2018-08-27 13:30:00",4576,0.263,0.336,0.351,0.39,0.431,0.328,0.481,0.417
"2018-08-27 14:00:00",4577,0.259,0.334,0.348,0.389,0.428,0.325,0.483,0.415
"2018-08-27 14:30:00",4578,0.259,0.335,0.351,0.39,0.427,0.327,0.484,0.415
"2018-08-27 15:00:00",4579,0.26,0.338,0.354,0.392,0.43,0.333,0.488,0.419
"2018-08-27 15:30:00",4580,0.263,0.341,0.357,0.395,0.434,0.34,0.492,0.425
"2018-08-27 16:00:00",4581,0.263,0.342,0.357,0.396,0.434,0.342,0.493,0.431
"2018-08-27 16:30:00",4582,0.265,0.346,0.359,0.402,0.438,0.349,0.497,0.436
"2018-08-27 17:00:00",4583,0.268,0.35,0.363,0.409,0.441,0.356,0.508,0.445
"2018-08-27 17:30:00",4584,0.272,0.356,0.368,0.415,0.446,0.364,0.518,0.456
"2018-08-27 18:00:00",4585,0.278,0.364,0.374,0.426,0.454,0.375,0.528,0.468
"2018-08-27 18:30:00",4586,0.289,0.377,0.386,0.445,0.471,0.393,0.539,0.48
"2018-08-27 19:00:00",4587,0.304,0.395,0.399,0.47,0.494,0.411,0.552,0.49
"2018-08-27 19:30:00",4588,0.325,0.418,0.414,0.5,0.526,0.428,0.568,0.499
"2018-08-27 20:00:00",4589,0.343,0.435,0.427,0.52,0.548,0.443,0.58,0.505
"2018-08-27 20:30:00",4590,0.354,0.443,0.432,0.529,0.559,0.45,0.587,0.509
"2018-08-27 21:00:00",4591,0.36,0.449,0.437,0.533,0.565,0.454,0.591,0.511
"2018-08-27 21:30:00",4592,0.37,0.455,0.442,0.536,0.571,0.458,0.594,0.513
"2018-08-27 22:00:00",4593,0.385,0.461,0.448,0.539,0.576,0.46,0.597,0.514
"2018-08-27 22:30:00",4594,0.394,0.464,0.452,0.538,0.579,0.46,0.601,0.515
"2018-08-27 23:00:00",4595,0.398,0.465,0.453,0.538,0.581,0.46,0.602,0.515
"2018-08-27 23:30:00",4596,0.395,0.462,0.453,0.537,0.581,0.461,0.604,0.516
"2018-08-28 00:00:00",4597,0.394,0.461,0.453,0.538,0.582,0.462,0.605,0.517
"2018-08-28 00:30:00",4598,0.389,0.459,0.454,0.539,0.582,0.463,0.607,0.518
"2018-08-28 01:00:00",4599,0.385,0.456,0.452,0.539,0.581,0.463,0.609,0.519
"2018-08-28 01:30:00",4600,0.38,0.453,0.451,0.538,0.58,0.464,0.61,0.519
"2018-08-28 02:00:00",4601,0.375,0.451,0.449,0.539,0.579,0.464,0.609,0.519
"2018-08-28 02:30:00",4602,0.374,0.448,0.445,0.539,0.577,0.464,0.609,0.519
"2018-08-28 03:00:00",4603,0.372,0.446,0.444,0.539,0.576,0.464,0.61,0.519
"2018-08-28 03:30:00",4604,0.369,0.443,0.442,0.539,0.575,0.463,0.61,0.519
"2018-08-28 04:00:00",4605,0.371,0.443,0.443,0.54,0.574,0.464,0.61,0.52
"2018-08-28 04:30:00",4606,0.38,0.446,0.446,0.542,0.576,0.464,0.612,0.52
"2018-08-28 05:00:00",4607,0.393,0.451,0.451,0.543,0.578,0.465,0.612,0.521
"2018-08-28 05:30:00",4608,0.403,0.453,0.453,0.543,0.579,0.464,0.613,0.521
"2018-08-28 06:00:00",4609,0.407,0.453,0.454,0.541,0.579,0.463,0.613,0.521
"2018-08-28 06:30:00",4610,0.41,0.451,0.453,0.54,0.579,0.462,0.611,0.521
"2018-08-28 07:00:00",4611,0.412,0.448,0.454,0.539,0.578,0.461,0.612,0.522
"2018-08-28 07:30:00",4612,0.412,0.446,0.453,0.538,0.577,0.461,0.613,0.522
"2018-08-28 08:00:00",4613,0.402,0.44,0.453,0.539,0.575,0.461,0.613,0.522
"2018-08-28 08:30:00",4614,0.362,0.417,0.45,0.529,0.566,0.454,0.611,0.521
"2018-08-28 09:00:00",4615,0.312,0.375,0.423,0.476,0.524,0.422,0.608,0.52
"2018-08-28 09:30:00",4616,0.29,0.35,0.391,0.434,0.477,0.385,0.599,0.518
"2018-08-28 10:00:00",4617,0.279,0.34,0.373,0.41,0.453,0.36,0.587,0.512
"2018-08-28 10:30:00",4618,0.271,0.333,0.363,0.395,0.439,0.346,0.567,0.5
"2018-08-28 11:00:00",4619,0.266,0.328,0.355,0.387,0.429,0.334,0.533,0.478
"2018-08-28 11:30:00",4620,0.261,0.325,0.347,0.382,0.421,0.326,0.497,0.449
"2018-08-28 12:00:00",4621,0.259,0.323,0.345,0.38,0.418,0.323,0.476,0.425
"2018-08-28 12:30:00",4622,0.258,0.323,0.344,0.379,0.417,0.329,0.47,0.412
"2018-08-28 13:00:00",4623,0.256,0.323,0.346,0.379,0.416,0.334,0.467,0.405
"2018-08-28 13:30:00",4624,0.258,0.326,0.35,0.384,0.42,0.34,0.469,0.404
"2018-08-28 14:00:00",4625,0.265,0.334,0.361,0.396,0.432,0.354,0.484,0.418
"2018-08-28 14:30:00",4626,0.269,0.337,0.365,0.404,0.439,0.362,0.5,0.432
"2018-08-28 15:00:00",4627,0.269,0.339,0.365,0.406,0.441,0.363,0.506,0.442
"2018-08-28 15:30:00",4628,0.263,0.333,0.356,0.396,0.43,0.351,0.499,0.436
"2018-08-28 16:00:00",4629,0.262,0.332,0.354,0.396,0.429,0.351,0.494,0.434
"2018-08-28 16:30:00",4630,0.26,0.331,0.353,0.396,0.425,0.35,0.492,0.433
"2018-08-28 17:00:00",4631,0.261,0.334,0.356,0.399,0.429,0.356,0.497,0.437
"2018-08-28 17:30:00",4632,0.268,0.343,0.364,0.411,0.438,0.368,0.509,0.448
"2018-08-28 18:00:00",4633,0.276,0.352,0.373,0.424,0.448,0.378,0.523,0.462
"2018-08-28 18:30:00",4634,0.284,0.362,0.383,0.437,0.458,0.391,0.536,0.477
"2018-08-28 19:00:00",4635,0.299,0.379,0.395,0.46,0.477,0.412,0.551,0.49
"2018-08-28 19:30:00",4636,0.321,0.401,0.41,0.492,0.509,0.436,0.565,0.5
"2018-08-28 20:00:00",4637,0.342,0.423,0.423,0.517,0.538,0.447,0.579,0.506
"2018-08-28 20:30:00",4638,0.361,0.438,0.433,0.53,0.554,0.453,0.588,0.511
"2018-08-28 21:00:00",4639,0.379,0.45,0.441,0.536,0.565,0.457,0.595,0.514
"2018-08-28 21:30:00",4640,0.39,0.455,0.445,0.539,0.571,0.459,0.6,0.516
"2018-08-28 22:00:00",4641,0.397,0.458,0.448,0.539,0.574,0.46,0.603,0.517
"2018-08-28 22:30:00",4642,0.4,0.458,0.451,0.538,0.575,0.46,0.605,0.518
"2018-08-28 23:00:00",4643,0.392,0.454,0.451,0.537,0.575,0.461,0.606,0.519
"2018-08-28 23:30:00",4644,0.391,0.455,0.45,0.539,0.576,0.463,0.609,0.52
"2018-08-29 00:00:00",4645,0.387,0.454,0.45,0.541,0.576,0.464,0.61,0.521
"2018-08-29 00:30:00",4646,0.381,0.451,0.449,0.541,0.575,0.464,0.611,0.521
"2018-08-29 01:00:00",4647,0.371,0.446,0.443,0.54,0.573,0.464,0.61,0.521
"2018-08-29 01:30:00",4648,0.364,0.441,0.441,0.54,0.571,0.464,0.61,0.521
"2018-08-29 02:00:00",4649,0.372,0.443,0.441,0.542,0.57,0.465,0.611,0.522
"2018-08-29 02:30:00",4650,0.38,0.445,0.443,0.543,0.571,0.465,0.612,0.522
"2018-08-29 03:00:00",4651,0.387,0.449,0.446,0.544,0.573,0.466,0.613,0.523
"2018-08-29 03:30:00",4652,0.393,0.451,0.45,0.544,0.574,0.466,0.613,0.523
"2018-08-29 04:00:00",4653,0.399,0.453,0.453,0.544,0.575,0.466,0.613,0.523
"2018-08-29 04:30:00",4654,0.404,0.453,0.454,0.543,0.576,0.466,0.613,0.523
"2018-08-29 05:00:00",4655,0.406,0.453,0.454,0.542,0.575,0.466,0.614,0.523
"2018-08-29 05:30:00",4656,0.407,0.452,0.453,0.541,0.575,0.466,0.614,0.523
"2018-08-29 06:00:00",4657,0.407,0.451,0.453,0.539,0.575,0.465,0.615,0.523
"2018-08-29 06:30:00",4658,0.41,0.45,0.455,0.54,0.574,0.464,0.614,0.523
"2018-08-29 07:00:00",4659,0.412,0.447,0.453,0.54,0.573,0.463,0.614,0.523
"2018-08-29 07:30:00",4660,0.409,0.443,0.452,0.54,0.571,0.462,0.613,0.523
"2018-08-29 08:00:00",4661,0.38,0.429,0.449,0.539,0.565,0.459,0.611,0.522
"2018-08-29 08:30:00",4662,0.328,0.389,0.428,0.507,0.534,0.436,0.608,0.521
"2018-08-29 09:00:00",4663,0.296,0.356,0.392,0.453,0.48,0.396,0.6,0.519
"2018-08-29 09:30:00",4664,0.281,0.342,0.373,0.422,0.449,0.366,0.59,0.515
"2018-08-29 10:00:00",4665,0.275,0.337,0.365,0.407,0.437,0.354,0.574,0.506
"2018-08-29 10:30:00",4666,0.27,0.332,0.359,0.395,0.427,0.344,0.552,0.493
"2018-08-29 11:00:00",4667,0.264,0.327,0.351,0.389,0.418,0.333,0.52,0.469
"2018-08-29 11:30:00",4668,0.263,0.326,0.35,0.385,0.416,0.332,0.495,0.448
"2018-08-29 12:00:00",4669,0.259,0.322,0.345,0.38,0.411,0.33,0.478,0.428
"2018-08-29 12:30:00",4670,0.256,0.32,0.342,0.378,0.408,0.331,0.468,0.411
"2018-08-29 13:00:00",4671,0.255,0.32,0.342,0.378,0.408,0.333,0.465,0.404
"2018-08-29 13:30:00",4672,0.254,0.32,0.344,0.38,0.408,0.336,0.461,0.399
"2018-08-29 14:00:00",4673,0.256,0.324,0.349,0.384,0.413,0.343,0.468,0.403
"2018-08-29 14:30:00",4674,0.263,0.332,0.359,0.396,0.424,0.355,0.486,0.416
"2018-08-29 15:00:00",4675,0.262,0.331,0.357,0.396,0.424,0.355,0.492,0.424
"2018-08-29 15:30:00",4676,0.261,0.33,0.356,0.395,0.424,0.354,0.495,0.43
"2018-08-29 16:00:00",4677,0.261,0.33,0.355,0.396,0.423,0.354,0.492,0.432
"2018-08-29 16:30:00",4678,0.26,0.33,0.353,0.396,0.422,0.353,0.493,0.434
"2018-08-29 17:00:00",4679,0.262,0.334,0.355,0.399,0.424,0.359,0.501,0.439
"2018-08-29 17:30:00",4680,0.271,0.346,0.368,0.413,0.438,0.375,0.51,0.449
"2018-08-29 18:00:00",4681,0.28,0.356,0.377,0.43,0.45,0.389,0.527,0.467
"2018-08-29 18:30:00",4682,0.282,0.359,0.38,0.436,0.451,0.393,0.536,0.479
"2018-08-29 19:00:00",4683,0.287,0.367,0.385,0.447,0.461,0.403,0.549,0.491
"2018-08-29 19:30:00",4684,0.304,0.386,0.397,0.475,0.488,0.427,0.563,0.499
"2018-08-29 20:00:00",4685,0.329,0.409,0.411,0.507,0.52,0.45,0.577,0.506
"2018-08-29 20:30:00",4686,0.351,0.429,0.426,0.526,0.543,0.456,0.587,0.511
"2018-08-29 21:00:00",4687,0.357,0.437,0.431,0.534,0.553,0.456,0.595,0.515
"2018-08-29 21:30:00",4688,0.365,0.443,0.438,0.538,0.559,0.459,0.6,0.517
"2018-08-29 22:00:00",4689,0.367,0.445,0.441,0.54,0.563,0.46,0.604,0.519
"2018-08-29 22:30:00",4690,0.363,0.444,0.44,0.54,0.564,0.461,0.607,0.52
"2018-08-29 23:00:00",4691,0.361,0.444,0.44,0.541,0.564,0.462,0.609,0.521
"2018-08-29 23:30:00",4692,0.353,0.441,0.435,0.541,0.562,0.463,0.608,0.521
"2018-08-30 00:00:00",4693,0.344,0.437,0.428,0.539,0.559,0.462,0.607,0.521
"2018-08-30 00:30:00",4694,0.334,0.429,0.421,0.537,0.553,0.46,0.606,0.521
"2018-08-30 01:00:00",4695,0.331,0.425,0.418,0.536,0.548,0.458,0.604,0.52
"2018-08-30 01:30:00",4696,0.333,0.423,0.418,0.536,0.547,0.457,0.6,0.52
"2018-08-30 02:00:00",4697,0.33,0.421,0.418,0.536,0.546,0.456,0.599,0.521
"2018-08-30 02:30:00",4698,0.334,0.422,0.418,0.536,0.546,0.456,0.602,0.522
"2018-08-30 03:00:00",4699,0.344,0.429,0.422,0.539,0.55,0.458,0.604,0.523
"2018-08-30 03:30:00",4700,0.35,0.434,0.426,0.541,0.554,0.46,0.605,0.523
"2018-08-30 04:00:00",4701,0.356,0.439,0.429,0.542,0.557,0.462,0.607,0.523
"2018-08-30 04:30:00",4702,0.358,0.441,0.431,0.544,0.559,0.463,0.605,0.523
"2018-08-30 05:00:00",4703,0.364,0.443,0.432,0.545,0.56,0.464,0.604,0.522
"2018-08-30 05:30:00",4704,0.37,0.446,0.432,0.545,0.561,0.466,0.604,0.521
"2018-08-30 06:00:00",4705,0.369,0.446,0.433,0.545,0.561,0.468,0.603,0.521
"2018-08-30 06:30:00",4706,0.374,0.447,0.436,0.545,0.562,0.469,0.604,0.521
"2018-08-30 07:00:00",4707,0.38,0.449,0.438,0.546,0.563,0.47,0.606,0.522
"2018-08-30 07:30:00",4708,0.376,0.445,0.436,0.545,0.56,0.47,0.607,0.522
"2018-08-30 08:00:00",4709,0.346,0.422,0.429,0.53,0.539,0.461,0.608,0.521
"2018-08-30 08:30:00",4710,0.297,0.373,0.392,0.466,0.483,0.411,0.603,0.52
"2018-08-30 09:00:00",4711,0.277,0.35,0.365,0.424,0.441,0.367,0.591,0.515
"2018-08-30 09:30:00",4712,0.27,0.343,0.356,0.41,0.428,0.353,0.57,0.505
"2018-08-30 10:00:00",4713,0.265,0.338,0.35,0.397,0.42,0.343,0.544,0.487
"2018-08-30 10:30:00",4714,0.263,0.337,0.348,0.391,0.415,0.34,0.519,0.467
"2018-08-30 11:00:00",4715,0.261,0.336,0.347,0.387,0.413,0.342,0.501,0.449
"2018-08-30 11:30:00",4716,0.258,0.333,0.341,0.382,0.409,0.342,0.477,0.427
"2018-08-30 12:00:00",4717,0.257,0.334,0.342,0.382,0.409,0.345,0.467,0.413
"2018-08-30 12:30:00",4718,0.257,0.335,0.342,0.381,0.409,0.344,0.464,0.403
"2018-08-30 13:00:00",4719,0.256,0.336,0.344,0.382,0.41,0.345,0.462,0.4
"2018-08-30 13:30:00",4720,0.256,0.336,0.345,0.384,0.411,0.345,0.463,0.399
"2018-08-30 14:00:00",4721,0.256,0.338,0.346,0.385,0.412,0.348,0.466,0.4
"2018-08-30 14:30:00",4722,0.257,0.339,0.349,0.388,0.415,0.352,0.471,0.405
"2018-08-30 15:00:00",4723,0.258,0.34,0.35,0.389,0.417,0.356,0.474,0.408
"2018-08-30 15:30:00",4724,0.259,0.34,0.35,0.39,0.417,0.356,0.473,0.411
"2018-08-30 16:00:00",4725,0.26,0.341,0.35,0.392,0.419,0.358,0.474,0.416
"2018-08-30 16:30:00",4726,0.261,0.343,0.352,0.396,0.422,0.362,0.477,0.421
"2018-08-30 17:00:00",4727,0.263,0.345,0.354,0.4,0.424,0.367,0.488,0.428
"2018-08-30 17:30:00",4728,0.265,0.35,0.358,0.404,0.426,0.372,0.499,0.438
"2018-08-30 18:00:00",4729,0.268,0.354,0.363,0.41,0.43,0.382,0.508,0.452
"2018-08-30 18:30:00",4730,0.277,0.366,0.373,0.423,0.443,0.399,0.521,0.468
"2018-08-30 19:00:00",4731,0.29,0.384,0.387,0.446,0.469,0.426,0.543,0.483
"2018-08-30 19:30:00",4732,0.302,0.402,0.394,0.471,0.491,0.445,0.565,0.497
"2018-08-30 20:00:00",4733,0.317,0.419,0.403,0.498,0.514,0.461,0.58,0.505
"2018-08-30 20:30:00",4734,0.328,0.43,0.408,0.515,0.53,0.463,0.589,0.51
"2018-08-30 21:00:00",4735,0.335,0.437,0.414,0.526,0.54,0.461,0.596,0.514
"2018-08-30 21:30:00",4736,0.343,0.444,0.419,0.533,0.549,0.461,0.599,0.515
"2018-08-30 22:00:00",4737,0.349,0.449,0.424,0.538,0.554,0.462,0.602,0.518
"2018-08-30 22:30:00",4738,0.353,0.452,0.428,0.541,0.557,0.463,0.606,0.519
"2018-08-30 23:00:00",4739,0.354,0.454,0.428,0.542,0.56,0.465,0.608,0.52
"2018-08-30 23:30:00",4740,0.358,0.456,0.43,0.542,0.561,0.466,0.609,0.52
"2018-08-31 00:00:00",4741,0.355,0.455,0.429,0.543,0.561,0.466,0.606,0.519
"2018-08-31 00:30:00",4742,0.352,0.452,0.428,0.542,0.559,0.466,0.607,0.519
"2018-08-31 01:00:00",4743,0.349,0.449,0.428,0.542,0.557,0.465,0.609,0.52
"2018-08-31 01:30:00",4744,0.35,0.449,0.427,0.542,0.558,0.466,0.609,0.521
"2018-08-31 02:00:00",4745,0.348,0.448,0.428,0.542,0.558,0.466,0.608,0.521
"2018-08-31 02:30:00",4746,0.375,0.458,0.435,0.546,0.564,0.468,0.603,0.519
"2018-08-31 03:00:00",4747,0.397,0.465,0.446,0.548,0.569,0.466,0.608,0.521
"2018-08-31 03:30:00",4748,0.406,0.465,0.449,0.547,0.571,0.463,0.613,0.523
"2018-08-31 04:00:00",4749,0.41,0.462,0.449,0.545,0.57,0.461,0.615,0.523
"2018-08-31 04:30:00",4750,0.411,0.459,0.449,0.542,0.568,0.46,0.614,0.522
"2018-08-31 05:00:00",4751,0.412,0.458,0.449,0.541,0.567,0.46,0.615,0.522
"2018-08-31 05:30:00",4752,0.413,0.456,0.449,0.54,0.564,0.459,0.614,0.522
"2018-08-31 06:00:00",4753,0.413,0.454,0.45,0.539,0.562,0.459,0.615,0.521
"2018-08-31 06:30:00",4754,0.414,0.451,0.45,0.538,0.558,0.457,0.615,0.522
"2018-08-31 07:00:00",4755,0.414,0.448,0.448,0.538,0.533,0.456,0.615,0.522
"2018-08-31 07:30:00",4756,0.414,0.446,0.447,0.536,0.515,0.455,0.616,0.521
"2018-08-31 08:00:00",4757,0.412,0.445,0.446,0.536,0.512,0.455,0.616,0.521
"2018-08-31 08:30:00",4758,0.385,0.432,0.448,0.533,0.511,0.458,0.616,0.52
"2018-08-31 09:00:00",4759,0.355,0.418,0.447,0.528,0.509,0.459,0.615,0.519
"2018-08-31 09:30:00",4760,0.316,0.383,0.427,0.482,0.476,0.435,0.614,0.516
"2018-08-31 10:00:00",4761,0.292,0.357,0.393,0.436,0.426,0.395,0.61,0.515
"2018-08-31 10:30:00",4762,0.284,0.349,0.375,0.418,0.401,0.374,0.604,0.514
"2018-08-31 11:00:00",4763,0.274,0.34,0.363,0.402,0.387,0.355,0.593,0.51
"2018-08-31 11:30:00",4764,0.267,0.333,0.355,0.392,0.374,0.34,0.56,0.495
"2018-08-31 12:00:00",4765,0.268,0.335,0.357,0.396,0.374,0.341,0.524,0.474
