"TOA5","CR1000-CONTROL","CR1000","86633","CR1000.Std.31.03","CPU:Sapflow_SERC.CR1","8974","Table1"
"TIMESTAMP","RECORD","DiffVolt_Avg(1)","DiffVolt_Avg(2)","DiffVolt_Avg(3)","DiffVolt_Avg(4)","DiffVolt_Avg(5)","DiffVolt_Avg(6)","DiffVolt_Avg(7)","DiffVolt_Avg(8)"
"TS","RN","mV","mV","mV","mV","mV","mV","mV","mV"
"","","Avg","Avg","Avg","Avg","Avg","Avg","Avg","Avg"
"2018-06-05 10:00:00",1245,0.424,0.487,0.488,0.431,0.444,0.494,0.517,0.543
"2018-06-05 10:30:00",1246,0.417,0.483,0.484,0.427,0.438,0.488,0.49,0.521
"2018-06-05 11:00:00",1247,0.412,0.48,0.48,0.426,0.432,0.482,0.471,0.504
"2018-06-05 11:30:00",1248,0.409,0.479,0.48,0.427,0.427,0.48,0.458,0.498
"2018-06-05 12:00:00",1249,0.407,0.478,0.479,0.427,0.427,0.477,0.45,0.492
"2018-06-05 12:30:00",1250,0.404,0.475,0.477,0.427,0.425,0.473,0.444,0.486
"2018-06-05 13:00:00",1251,0.403,0.474,0.476,0.428,0.423,0.472,0.441,0.484
"2018-06-05 13:30:00",1252,0.402,0.473,0.477,0.427,0.421,0.47,0.441,0.483
"2018-06-05 14:00:00",1253,0.406,0.477,0.481,0.431,0.425,0.473,0.446,0.486
"2018-06-05 14:30:00",1254,0.417,0.484,0.49,0.438,0.434,0.483,0.46,0.498
"2018-06-05 15:00:00",1255,0.411,0.48,0.484,0.434,0.43,0.475,0.457,0.495
"2018-06-05 15:30:00",1256,0.408,0.476,0.478,0.431,0.425,0.469,0.452,0.492
"2018-06-05 16:00:00",1257,0.41,0.479,0.482,0.434,0.428,0.473,0.457,0.496
"2018-06-05 16:30:00",1258,0.418,0.485,0.49,0.44,0.434,0.482,0.47,0.508
"2018-06-05 17:00:00",1259,0.423,0.488,0.489,0.445,0.438,0.485,0.479,0.514
"2018-06-05 17:30:00",1260,0.436,0.499,0.501,0.452,0.45,0.499,0.493,0.527
"2018-06-05 18:00:00",1261,0.462,0.523,0.524,0.479,0.48,0.537,0.516,0.546
"2018-06-05 18:30:00",1262,0.463,0.518,0.517,0.48,0.483,0.531,0.531,0.557
"2018-06-05 19:00:00",1263,0.466,0.512,0.507,0.451,0.469,0.514,0.538,0.565
"2018-06-05 19:30:00",1264,0.486,0.539,0.537,0.494,0.5,0.56,0.553,0.581
"2018-06-05 20:00:00",1265,0.499,0.557,0.558,0.521,0.522,0.578,0.566,0.594
"2018-06-05 20:30:00",1266,0.51,0.57,0.567,0.534,0.539,0.588,0.582,0.605
"2018-06-05 21:00:00",1267,0.516,0.579,0.579,0.547,0.551,0.596,0.594,0.614
"2018-06-05 21:30:00",1268,0.518,0.584,0.58,0.553,0.557,0.597,0.599,0.614
"2018-06-05 22:00:00",1269,0.523,0.588,0.583,0.558,0.56,0.601,0.602,0.618
"2018-06-05 22:30:00",1270,0.526,0.592,0.589,0.562,0.565,0.604,0.609,0.623
"2018-06-05 23:00:00",1271,0.528,0.594,0.596,0.564,0.568,0.604,0.614,0.628
"2018-06-05 23:30:00",1272,0.528,0.596,0.599,0.566,0.571,0.603,0.617,0.631
"2018-06-06 00:00:00",1273,0.529,0.597,0.6,0.567,0.573,0.602,0.62,0.632
"2018-06-06 00:30:00",1274,0.53,0.598,0.601,0.568,0.575,0.602,0.621,0.633
"2018-06-06 01:00:00",1275,0.53,0.598,0.602,0.569,0.576,0.602,0.623,0.634
"2018-06-06 01:30:00",1276,0.531,0.599,0.603,0.569,0.577,0.602,0.625,0.636
"2018-06-06 02:00:00",1277,0.531,0.6,0.604,0.569,0.577,0.601,0.627,0.637
"2018-06-06 02:30:00",1278,0.532,0.6,0.604,0.569,0.578,0.601,0.627,0.638
"2018-06-06 03:00:00",1279,0.532,0.601,0.605,0.569,0.578,0.601,0.628,0.639
"2018-06-06 03:30:00",1280,0.532,0.601,0.606,0.569,0.579,0.601,0.627,0.639
"2018-06-06 04:00:00",1281,0.532,0.601,0.604,0.568,0.578,0.601,0.626,0.637
"2018-06-06 04:30:00",1282,0.532,0.6,0.602,0.568,0.578,0.601,0.626,0.636
"2018-06-06 05:00:00",1283,0.533,0.6,0.603,0.568,0.578,0.6,0.625,0.636
"2018-06-06 05:30:00",1284,0.533,0.6,0.599,0.568,0.579,0.601,0.626,0.636
"2018-06-06 06:00:00",1285,0.534,0.6,0.6,0.568,0.579,0.603,0.628,0.638
"2018-06-06 06:30:00",1286,0.533,0.597,0.592,0.567,0.578,0.604,0.628,0.638
"2018-06-06 07:00:00",1287,0.528,0.581,0.573,0.557,0.569,0.606,0.627,0.636
"2018-06-06 07:30:00",1288,0.519,0.555,0.546,0.527,0.546,0.603,0.625,0.631
"2018-06-06 08:00:00",1289,0.506,0.536,0.529,0.495,0.521,0.589,0.622,0.625
"2018-06-06 08:30:00",1290,0.492,0.525,0.521,0.474,0.502,0.57,0.617,0.62
"2018-06-06 09:00:00",1291,0.474,0.514,0.509,0.459,0.484,0.548,0.602,0.605
"2018-06-06 09:30:00",1292,0.46,0.509,0.505,0.449,0.474,0.532,0.585,0.594
"2018-06-06 10:00:00",1293,0.454,0.508,0.506,0.451,0.471,0.524,0.562,0.574
"2018-06-06 10:30:00",1294,0.436,0.494,0.492,0.436,0.452,0.501,0.535,0.552
"2018-06-06 11:00:00",1295,0.429,0.488,0.485,0.435,0.44,0.492,0.503,0.529
"2018-06-06 11:30:00",1296,0.424,0.486,0.483,0.432,0.433,0.487,0.481,0.514
"2018-06-06 12:00:00",1297,0.422,0.485,0.483,0.433,0.431,0.484,0.468,0.507
"2018-06-06 12:30:00",1298,0.422,0.486,0.483,0.435,0.432,0.485,0.464,0.505
"2018-06-06 13:00:00",1299,0.417,0.483,0.48,0.433,0.428,0.48,0.456,0.498
"2018-06-06 13:30:00",1300,0.422,0.487,0.482,0.441,0.433,0.486,0.463,0.501
"2018-06-06 14:00:00",1301,0.418,0.484,0.48,0.439,0.427,0.48,0.466,0.5
"2018-06-06 14:30:00",1302,0.414,0.482,0.479,0.436,0.423,0.475,0.466,0.499
"2018-06-06 15:00:00",1303,0.42,0.486,0.483,0.441,0.428,0.479,0.471,0.506
"2018-06-06 15:30:00",1304,0.426,0.49,0.488,0.446,0.435,0.485,0.479,0.512
"2018-06-06 16:00:00",1305,0.437,0.497,0.498,0.453,0.445,0.495,0.489,0.524
"2018-06-06 16:30:00",1306,0.452,0.51,0.514,0.468,0.462,0.514,0.514,0.545
"2018-06-06 17:00:00",1307,0.469,0.526,0.529,0.486,0.482,0.536,0.535,0.559
"2018-06-06 17:30:00",1308,0.486,0.542,0.541,0.504,0.504,0.555,0.552,0.575
"2018-06-06 18:00:00",1309,0.506,0.557,0.554,0.528,0.526,0.574,0.573,0.595
"2018-06-06 18:30:00",1310,0.512,0.563,0.558,0.54,0.534,0.584,0.587,0.609
"2018-06-06 19:00:00",1311,0.516,0.567,0.559,0.542,0.538,0.589,0.598,0.618
"2018-06-06 19:30:00",1312,0.523,0.573,0.562,0.548,0.545,0.594,0.608,0.626
"2018-06-06 20:00:00",1313,0.527,0.58,0.572,0.555,0.553,0.597,0.615,0.63
"2018-06-06 20:30:00",1314,0.531,0.586,0.582,0.559,0.561,0.598,0.618,0.633
"2018-06-06 21:00:00",1315,0.534,0.591,0.586,0.562,0.567,0.597,0.622,0.634
"2018-06-06 21:30:00",1316,0.536,0.594,0.592,0.564,0.571,0.597,0.625,0.637
"2018-06-06 22:00:00",1317,0.537,0.596,0.594,0.565,0.574,0.596,0.627,0.636
"2018-06-06 22:30:00",1318,0.537,0.597,0.597,0.565,0.576,0.595,0.628,0.637
"2018-06-06 23:00:00",1319,0.537,0.598,0.598,0.565,0.577,0.595,0.63,0.638
"2018-06-06 23:30:00",1320,0.538,0.598,0.601,0.566,0.578,0.594,0.631,0.639
"2018-06-07 00:00:00",1321,0.538,0.599,0.601,0.566,0.579,0.594,0.632,0.64
"2018-06-07 00:30:00",1322,0.538,0.6,0.604,0.565,0.579,0.594,0.633,0.641
"2018-06-07 01:00:00",1323,0.539,0.601,0.602,0.566,0.579,0.595,0.632,0.641
"2018-06-07 01:30:00",1324,0.54,0.601,0.603,0.567,0.58,0.596,0.632,0.642
"2018-06-07 02:00:00",1325,0.541,0.601,0.604,0.568,0.58,0.597,0.632,0.643
"2018-06-07 02:30:00",1326,0.542,0.601,0.602,0.569,0.581,0.598,0.632,0.643
"2018-06-07 03:00:00",1327,0.542,0.603,0.603,0.57,0.581,0.599,0.632,0.643
"2018-06-07 03:30:00",1328,0.542,0.603,0.603,0.57,0.581,0.599,0.631,0.643
"2018-06-07 04:00:00",1329,0.543,0.604,0.601,0.57,0.581,0.599,0.631,0.646
"2018-06-07 04:30:00",1330,0.544,0.604,0.597,0.571,0.582,0.6,0.631,0.645
"2018-06-07 05:00:00",1331,0.543,0.604,0.6,0.57,0.582,0.6,0.632,0.643
"2018-06-07 05:30:00",1332,0.543,0.603,0.6,0.57,0.582,0.6,0.632,0.644
"2018-06-07 06:00:00",1333,0.543,0.603,0.6,0.569,0.582,0.6,0.632,0.643
"2018-06-07 06:30:00",1334,0.542,0.601,0.597,0.567,0.581,0.601,0.631,0.643
"2018-06-07 07:00:00",1335,0.541,0.597,0.592,0.565,0.578,0.602,0.631,0.642
"2018-06-07 07:30:00",1336,0.537,0.589,0.584,0.555,0.568,0.602,0.629,0.64
"2018-06-07 08:00:00",1337,0.529,0.572,0.569,0.532,0.55,0.595,0.626,0.635
"2018-06-07 08:30:00",1338,0.512,0.551,0.551,0.503,0.523,0.579,0.619,0.628
"2018-06-07 09:00:00",1339,0.495,0.537,0.541,0.484,0.506,0.56,0.61,0.62
"2018-06-07 09:30:00",1340,0.474,0.521,0.527,0.465,0.487,0.535,0.592,0.603
"2018-06-07 10:00:00",1341,0.455,0.505,0.511,0.447,0.468,0.511,0.567,0.581
"2018-06-07 10:30:00",1342,0.439,0.493,0.498,0.433,0.449,0.493,0.536,0.557
"2018-06-07 11:00:00",1343,0.432,0.49,0.496,0.431,0.443,0.487,0.508,0.539
"2018-06-07 11:30:00",1344,0.433,0.492,0.498,0.438,0.446,0.492,0.498,0.535
"2018-06-07 12:00:00",1345,0.477,0.493,0.499,0.442,0.447,0.494,0.494,0.534
"2018-06-07 12:30:00",1346,1.608,0.492,0.496,0.44,0.445,0.492,0.488,0.529
"2018-06-07 13:00:00",1347,"NAN",0.449,0.453,0.442,0.443,0.489,0.487,0.526
"2018-06-07 13:30:00",1348,0.42,0.479,0.483,0.431,0.428,0.473,0.473,0.51
"2018-06-07 14:00:00",1349,0.429,0.482,0.487,0.436,0.431,0.478,0.474,0.512
"2018-06-07 14:30:00",1350,0.426,0.478,0.482,0.434,0.426,0.472,0.475,0.508
"2018-06-07 15:00:00",1351,0.425,0.477,0.481,0.433,0.424,0.47,0.472,0.508
"2018-06-07 15:30:00",1352,0.429,0.479,0.482,0.436,0.426,0.472,0.473,0.514
"2018-06-07 16:00:00",1353,0.431,0.479,0.483,0.44,0.427,0.473,0.478,0.519
"2018-06-07 16:30:00",1354,0.432,0.478,0.481,0.441,0.426,0.473,0.481,0.521
"2018-06-07 17:00:00",1355,0.438,0.483,0.486,0.447,0.43,0.479,0.493,0.531
"2018-06-07 17:30:00",1356,0.442,0.486,0.489,0.452,0.433,0.483,0.504,0.545
"2018-06-07 18:00:00",1357,0.45,0.492,0.498,0.461,0.44,0.492,0.516,0.56
"2018-06-07 18:30:00",1358,0.458,0.5,0.506,0.47,0.446,0.5,0.53,0.574
"2018-06-07 19:00:00",1359,0.463,0.506,0.514,0.476,0.45,0.509,0.549,0.589
"2018-06-07 19:30:00",1360,0.479,0.52,0.528,0.495,0.464,0.53,0.569,0.602
"2018-06-07 20:00:00",1361,0.506,0.542,0.547,0.521,0.493,0.558,0.587,0.614
"2018-06-07 20:30:00",1362,0.534,0.564,0.567,0.542,0.526,0.579,0.6,0.622
"2018-06-07 21:00:00",1363,0.555,0.578,0.583,0.553,0.548,0.59,0.609,0.629
"2018-06-07 21:30:00",1364,0.567,0.586,0.591,0.558,0.56,0.593,0.615,0.632
"2018-06-07 22:00:00",1365,0.575,0.59,0.593,0.56,0.567,0.594,0.62,0.634
"2018-06-07 22:30:00",1366,0.579,0.592,0.594,0.561,0.571,0.594,0.623,0.635
"2018-06-07 23:00:00",1367,0.582,0.594,0.598,0.563,0.573,0.594,0.626,0.637
"2018-06-07 23:30:00",1368,0.585,0.595,0.596,0.564,0.575,0.594,0.627,0.637
"2018-06-08 00:00:00",1369,0.587,0.596,0.597,0.564,0.577,0.594,0.628,0.638
"2018-06-08 00:30:00",1370,0.588,0.597,0.599,0.564,0.578,0.594,0.629,0.639
"2018-06-08 01:00:00",1371,0.59,0.597,0.599,0.565,0.579,0.594,0.63,0.64
"2018-06-08 01:30:00",1372,0.591,0.598,0.6,0.565,0.58,0.594,0.631,0.64
"2018-06-08 02:00:00",1373,0.592,0.598,0.6,0.565,0.58,0.594,0.631,0.641
"2018-06-08 02:30:00",1374,0.593,0.598,0.597,0.565,0.581,0.594,0.631,0.641
"2018-06-08 03:00:00",1375,0.594,0.598,0.6,0.565,0.581,0.595,0.632,0.642
"2018-06-08 03:30:00",1376,0.595,0.598,0.602,0.565,0.581,0.595,0.632,0.642
"2018-06-08 04:00:00",1377,0.596,0.598,0.601,0.566,0.581,0.595,0.632,0.642
"2018-06-08 04:30:00",1378,0.596,0.598,0.601,0.565,0.581,0.595,0.633,0.642
"2018-06-08 05:00:00",1379,0.597,0.599,0.6,0.565,0.582,0.595,0.633,0.643
"2018-06-08 05:30:00",1380,0.598,0.598,0.599,0.565,0.582,0.595,0.634,0.645
"2018-06-08 06:00:00",1381,0.598,0.598,0.598,0.565,0.582,0.595,0.635,0.646
"2018-06-08 06:30:00",1382,0.599,0.598,0.598,0.564,0.582,0.596,0.636,0.646
"2018-06-08 07:00:00",1383,0.598,0.597,0.6,0.564,0.582,0.596,0.636,0.644
"2018-06-08 07:30:00",1384,0.585,0.588,0.598,0.561,0.579,0.597,0.636,0.643
"2018-06-08 08:00:00",1385,0.548,0.562,0.577,0.539,0.564,0.59,0.635,0.641
"2018-06-08 08:30:00",1386,0.503,0.527,0.539,0.486,0.521,0.561,0.63,0.638
"2018-06-08 09:00:00",1387,0.476,0.505,0.516,0.454,0.481,0.527,0.616,0.628
"2018-06-08 09:30:00",1388,0.46,0.49,0.502,0.437,0.455,0.5,0.588,0.607
"2018-06-08 10:00:00",1389,0.455,0.486,0.495,0.43,0.446,0.49,0.552,0.582
"2018-06-08 10:30:00",1390,0.456,0.485,0.495,0.43,0.443,0.488,0.517,0.557
"2018-06-08 11:00:00",1391,0.454,0.482,0.494,0.427,0.439,0.482,0.495,0.539
"2018-06-08 11:30:00",1392,0.449,0.475,0.485,0.423,0.428,0.472,0.472,0.519
"2018-06-08 12:00:00",1393,0.45,0.475,0.484,0.425,0.427,0.47,0.462,0.51
"2018-06-08 12:30:00",1394,0.454,0.477,0.488,0.429,0.43,0.472,0.462,0.511
"2018-06-08 13:00:00",1395,0.45,0.473,0.482,0.426,0.424,0.466,0.457,0.504
"2018-06-08 13:30:00",1396,0.451,0.473,0.481,0.427,0.422,0.465,0.457,0.501
"2018-06-08 14:00:00",1397,0.454,0.476,0.485,0.431,0.426,0.468,0.468,0.507
"2018-06-08 14:30:00",1398,0.454,0.476,0.486,0.431,0.427,0.468,0.472,0.509
"2018-06-08 15:00:00",1399,0.457,0.477,0.487,0.433,0.429,0.47,0.475,0.513
"2018-06-08 15:30:00",1400,0.461,0.48,0.49,0.436,0.432,0.473,0.481,0.52
"2018-06-08 16:00:00",1401,0.464,0.483,0.492,0.441,0.436,0.476,0.488,0.526
"2018-06-08 16:30:00",1402,0.474,0.491,0.501,0.45,0.447,0.489,0.502,0.539
"2018-06-08 17:00:00",1403,0.475,0.493,0.502,0.454,0.449,0.491,0.513,0.547
"2018-06-08 17:30:00",1404,0.488,0.503,0.511,0.464,0.462,0.508,0.523,0.559
"2018-06-08 18:00:00",1405,0.5,0.513,0.52,0.48,0.475,0.526,0.536,0.574
"2018-06-08 18:30:00",1406,0.498,0.511,0.519,0.479,0.468,0.518,0.546,0.586
"2018-06-08 19:00:00",1407,0.52,0.53,0.537,0.499,0.493,0.541,0.565,0.602
"2018-06-08 19:30:00",1408,0.544,0.551,0.552,0.525,0.521,0.568,0.583,0.612
"2018-06-08 20:00:00",1409,0.562,0.566,0.568,0.539,0.54,0.583,0.597,0.621
"2018-06-08 20:30:00",1410,0.576,0.576,0.58,0.547,0.553,0.59,0.607,0.627
"2018-06-08 21:00:00",1411,0.587,0.582,0.589,0.552,0.561,0.592,0.613,0.631
"2018-06-08 21:30:00",1412,0.595,0.586,0.593,0.554,0.567,0.592,0.617,0.633
"2018-06-08 22:00:00",1413,0.6,0.588,0.597,0.556,0.57,0.592,0.62,0.634
"2018-06-08 22:30:00",1414,0.603,0.589,0.598,0.556,0.572,0.591,0.623,0.635
"2018-06-08 23:00:00",1415,0.605,0.59,0.599,0.556,0.574,0.59,0.624,0.635
"2018-06-08 23:30:00",1416,0.606,0.59,0.599,0.555,0.574,0.589,0.624,0.634
"2018-06-09 00:00:00",1417,0.608,0.59,0.599,0.555,0.575,0.589,0.625,0.634
"2018-06-09 00:30:00",1418,0.61,0.591,0.597,0.555,0.576,0.588,0.626,0.635
"2018-06-09 01:00:00",1419,0.611,0.591,0.6,0.556,0.576,0.588,0.627,0.637
"2018-06-09 01:30:00",1420,0.613,0.591,0.6,0.557,0.577,0.589,0.628,0.638
"2018-06-09 02:00:00",1421,0.614,0.591,0.602,0.557,0.577,0.589,0.63,0.638
"2018-06-09 02:30:00",1422,0.615,0.59,0.602,0.558,0.578,0.589,0.631,0.639
"2018-06-09 03:00:00",1423,0.616,0.59,0.599,0.558,0.578,0.59,0.631,0.64
"2018-06-09 03:30:00",1424,0.616,0.591,0.6,0.558,0.578,0.59,0.631,0.641
"2018-06-09 04:00:00",1425,0.617,0.591,0.6,0.557,0.578,0.59,0.632,0.642
"2018-06-09 04:30:00",1426,0.617,0.591,0.599,0.557,0.578,0.59,0.633,0.641
"2018-06-09 05:00:00",1427,0.618,0.591,0.601,0.557,0.578,0.59,0.632,0.642
"2018-06-09 05:30:00",1428,0.618,0.59,0.6,0.557,0.578,0.59,0.632,0.642
"2018-06-09 06:00:00",1429,0.618,0.591,0.599,0.556,0.578,0.59,0.633,0.641
"2018-06-09 06:30:00",1430,0.618,0.591,0.6,0.556,0.578,0.59,0.633,0.641
"2018-06-09 07:00:00",1431,0.618,0.589,0.6,0.554,0.578,0.589,0.635,0.64
"2018-06-09 07:30:00",1432,0.617,0.589,0.601,0.553,0.577,0.588,0.634,0.641
"2018-06-09 08:00:00",1433,0.612,0.586,0.601,0.551,0.577,0.588,0.633,0.64
"2018-06-09 08:30:00",1434,0.589,0.572,0.594,0.543,0.571,0.585,0.63,0.638
"2018-06-09 09:00:00",1435,0.54,0.537,0.565,0.496,0.541,0.56,0.622,0.633
"2018-06-09 09:30:00",1436,0.505,0.51,0.53,0.454,0.494,0.525,0.609,0.62
"2018-06-09 10:00:00",1437,0.506,0.509,0.524,0.456,0.485,0.518,0.589,0.606
"2018-06-09 10:30:00",1438,0.512,0.512,0.525,0.459,0.488,0.521,0.576,0.6
"2018-06-09 11:00:00",1439,0.481,0.489,0.503,0.429,0.457,0.491,0.546,0.575
"2018-06-09 11:30:00",1440,0.471,0.481,0.493,0.425,0.441,0.479,0.512,0.548
"2018-06-09 12:00:00",1441,0.476,0.485,0.499,0.434,0.446,0.483,0.505,0.546
"2018-06-09 12:30:00",1442,0.468,0.479,0.491,0.427,0.437,0.474,0.491,0.534
"2018-06-09 13:00:00",1443,0.455,0.469,0.476,0.417,0.422,0.459,0.462,0.505
"2018-06-09 13:30:00",1444,0.468,0.48,0.493,0.432,0.434,0.475,0.475,0.52
"2018-06-09 14:00:00",1445,0.517,0.518,0.531,0.476,0.48,0.522,0.52,0.556
"2018-06-09 14:30:00",1446,0.549,0.542,0.556,0.511,0.516,0.553,0.563,0.588
"2018-06-09 15:00:00",1447,0.571,0.561,0.574,0.532,0.54,0.573,0.589,0.605
"2018-06-09 15:30:00",1448,0.566,0.557,0.564,0.534,0.536,0.575,0.6,0.612
"2018-06-09 16:00:00",1449,0.529,0.529,0.536,0.505,0.5,0.548,0.6,0.611
"2018-06-09 16:30:00",1450,0.513,0.517,0.524,0.483,0.481,0.527,0.598,0.611
"2018-06-09 17:00:00",1451,0.48,0.49,0.496,0.453,0.445,0.487,0.575,0.594
"2018-06-09 17:30:00",1452,0.478,0.486,0.49,0.447,0.441,0.49,0.537,0.574
"2018-06-09 18:00:00",1453,0.509,0.514,0.517,0.479,0.475,0.53,0.546,0.59
"2018-06-09 18:30:00",1454,0.543,0.543,0.546,0.514,0.51,0.564,0.57,0.607
"2018-06-09 19:00:00",1455,0.534,0.54,0.541,0.517,0.512,0.564,0.58,0.612
"2018-06-09 19:30:00",1456,0.537,0.539,0.541,0.513,0.505,0.561,0.586,0.615
"2018-06-09 20:00:00",1457,0.569,0.564,0.567,0.535,0.535,0.581,0.6,0.625
"2018-06-09 20:30:00",1458,0.586,0.577,0.583,0.548,0.552,0.589,0.61,0.63
"2018-06-09 21:00:00",1459,0.597,0.583,0.589,0.553,0.562,0.591,0.615,0.632
"2018-06-09 21:30:00",1460,0.603,0.585,0.593,0.554,0.567,0.591,0.619,0.633
"2018-06-09 22:00:00",1461,0.607,0.587,0.597,0.555,0.57,0.59,0.623,0.635
"2018-06-09 22:30:00",1462,0.61,0.589,0.599,0.556,0.572,0.59,0.626,0.637
"2018-06-09 23:00:00",1463,0.612,0.59,0.599,0.556,0.574,0.59,0.628,0.637
"2018-06-09 23:30:00",1464,0.614,0.59,0.601,0.556,0.575,0.59,0.629,0.638
"2018-06-10 00:00:00",1465,0.615,0.591,0.602,0.556,0.576,0.589,0.629,0.638
"2018-06-10 00:30:00",1466,0.617,0.591,0.603,0.556,0.576,0.589,0.63,0.638
"2018-06-10 01:00:00",1467,0.618,0.591,0.601,0.556,0.577,0.588,0.631,0.639
"2018-06-10 01:30:00",1468,0.618,0.59,0.601,0.557,0.577,0.589,0.631,0.639
"2018-06-10 02:00:00",1469,0.619,0.591,0.599,0.556,0.577,0.589,0.632,0.64
"2018-06-10 02:30:00",1470,0.619,0.591,0.6,0.556,0.578,0.59,0.633,0.64
"2018-06-10 03:00:00",1471,0.619,0.591,0.601,0.555,0.578,0.589,0.633,0.64
"2018-06-10 03:30:00",1472,0.619,0.591,0.601,0.554,0.577,0.588,0.632,0.64
"2018-06-10 04:00:00",1473,0.619,0.591,0.6,0.554,0.577,0.587,0.631,0.637
"2018-06-10 04:30:00",1474,0.618,0.588,0.597,0.553,0.576,0.587,0.63,0.636
"2018-06-10 05:00:00",1475,0.619,0.587,0.6,0.553,0.577,0.587,0.632,0.64
"2018-06-10 05:30:00",1476,0.619,0.588,0.601,0.553,0.577,0.587,0.633,0.639
"2018-06-10 06:00:00",1477,0.619,0.588,0.602,0.552,0.576,0.587,0.633,0.639
"2018-06-10 06:30:00",1478,0.619,0.589,0.602,0.551,0.576,0.586,0.632,0.638
"2018-06-10 07:00:00",1479,0.618,0.587,0.602,0.55,0.575,0.586,0.631,0.638
"2018-06-10 07:30:00",1480,0.617,0.586,0.602,0.549,0.576,0.586,0.63,0.638
"2018-06-10 08:00:00",1481,0.609,0.58,0.597,0.548,0.574,0.586,0.626,0.634
"2018-06-10 08:30:00",1482,0.579,0.558,0.579,0.531,0.561,0.58,0.622,0.632
"2018-06-10 09:00:00",1483,0.558,0.542,0.558,0.507,0.539,0.57,0.618,0.628
"2018-06-10 09:30:00",1484,0.555,0.543,0.555,0.503,0.532,0.567,0.615,0.627
"2018-06-10 10:00:00",1485,0.53,0.525,0.537,0.48,0.51,0.544,0.607,0.616
"2018-06-10 10:30:00",1486,0.506,0.506,0.519,0.456,0.482,0.516,0.587,0.6
"2018-06-10 11:00:00",1487,0.494,0.497,0.508,0.447,0.466,0.502,0.562,0.583
"2018-06-10 11:30:00",1488,0.487,0.493,0.503,0.442,0.457,0.494,0.538,0.566
"2018-06-10 12:00:00",1489,0.486,0.492,0.503,0.442,0.453,0.491,0.528,0.56
"2018-06-10 12:30:00",1490,0.482,0.489,0.499,0.439,0.448,0.486,0.518,0.552
"2018-06-10 13:00:00",1491,0.469,0.479,0.488,0.428,0.434,0.471,0.497,0.535
"2018-06-10 13:30:00",1492,0.464,0.475,0.483,0.425,0.427,0.466,0.483,0.521
"2018-06-10 14:00:00",1493,0.462,0.474,0.483,0.426,0.425,0.466,0.478,0.518
"2018-06-10 14:30:00",1494,0.47,0.48,0.491,0.434,0.434,0.475,0.488,0.527
"2018-06-10 15:00:00",1495,0.469,0.479,0.491,0.434,0.433,0.473,0.488,0.526
"2018-06-10 15:30:00",1496,0.473,0.482,0.493,0.438,0.436,0.477,0.494,0.533
"2018-06-10 16:00:00",1497,0.481,0.489,0.501,0.446,0.446,0.488,0.503,0.541
"2018-06-10 16:30:00",1498,0.5,0.505,0.515,0.463,0.466,0.51,0.517,0.554
"2018-06-10 17:00:00",1499,0.512,0.515,0.513,0.478,0.478,0.529,0.526,0.558
"2018-06-10 17:30:00",1500,0.521,0.521,0.517,0.487,0.488,0.543,0.536,0.565
"2018-06-10 18:00:00",1501,0.547,0.542,0.535,0.511,0.513,0.565,0.555,0.584
"2018-06-10 18:30:00",1502,0.574,0.565,0.558,0.535,0.536,0.58,0.578,0.601
"2018-06-10 19:00:00",1503,0.588,0.576,0.566,0.549,0.549,0.587,0.593,0.61
"2018-06-10 19:30:00",1504,0.592,0.581,0.569,0.553,0.555,0.592,0.601,0.616
"2018-06-10 20:00:00",1505,0.59,0.581,0.564,0.553,0.557,0.595,0.605,0.618
"2018-06-10 20:30:00",1506,0.594,0.583,0.572,0.554,0.56,0.596,0.61,0.623
"2018-06-10 21:00:00",1507,0.601,0.586,0.575,0.558,0.563,0.596,0.612,0.624
"2018-06-10 21:30:00",1508,0.609,0.588,0.578,0.561,0.564,0.595,0.612,0.622
"2018-06-10 22:00:00",1509,0.615,0.59,0.582,0.562,0.568,0.594,0.613,0.623
"2018-06-10 22:30:00",1510,0.619,0.59,0.585,0.561,0.571,0.593,0.614,0.624
"2018-06-10 23:00:00",1511,0.621,0.59,0.584,0.561,0.572,0.593,0.613,0.622
"2018-06-10 23:30:00",1512,0.622,0.591,0.584,0.561,0.572,0.593,0.614,0.622
"2018-06-11 00:00:00",1513,0.623,0.592,0.587,0.56,0.574,0.592,0.617,0.624
"2018-06-11 00:30:00",1514,0.624,0.594,0.586,0.56,0.573,0.592,0.617,0.623
"2018-06-11 01:00:00",1515,0.625,0.593,0.584,0.559,0.573,0.592,0.615,0.622
"2018-06-11 01:30:00",1516,0.625,0.594,0.587,0.559,0.573,0.591,0.615,0.623
"2018-06-11 02:00:00",1517,0.626,0.593,0.585,0.559,0.573,0.592,0.615,0.622
"2018-06-11 02:30:00",1518,0.626,0.594,0.586,0.56,0.572,0.591,0.616,0.624
"2018-06-11 03:00:00",1519,0.625,0.594,0.584,0.56,0.571,0.592,0.614,0.621
"2018-06-11 03:30:00",1520,0.625,0.595,0.586,0.561,0.571,0.593,0.616,0.624
"2018-06-11 04:00:00",1521,0.628,0.598,0.589,0.563,0.572,0.591,0.62,0.627
"2018-06-11 04:30:00",1522,0.63,0.597,0.583,0.564,0.574,0.593,0.618,0.624
"2018-06-11 05:00:00",1523,0.631,0.596,0.582,0.564,0.574,0.595,0.617,0.623
"2018-06-11 05:30:00",1524,0.632,0.594,0.587,0.562,0.576,0.595,0.615,0.625
"2018-06-11 06:00:00",1525,0.632,0.594,0.591,0.561,0.577,0.595,0.617,0.627
"2018-06-11 06:30:00",1526,0.631,0.594,0.594,0.56,0.577,0.592,0.622,0.63
"2018-06-11 07:00:00",1527,0.631,0.594,0.591,0.56,0.576,0.59,0.623,0.629
"2018-06-11 07:30:00",1528,0.631,0.594,0.598,0.559,0.579,0.591,0.623,0.634
"2018-06-11 08:00:00",1529,0.63,0.591,0.591,0.557,0.578,0.591,0.62,0.627
"2018-06-11 08:30:00",1530,0.629,0.592,0.592,0.556,0.576,0.589,0.62,0.625
"2018-06-11 09:00:00",1531,0.628,0.592,0.595,0.556,0.576,0.587,0.624,0.582
"2018-06-11 09:30:00",1532,0.627,0.592,0.594,0.556,0.575,0.586,0.625,0.573
"2018-06-11 10:00:00",1533,0.626,0.592,0.595,0.557,0.575,0.585,0.626,0.581
"2018-06-11 10:30:00",1534,0.625,0.591,0.594,0.557,0.575,0.585,0.626,0.583
"2018-06-11 11:00:00",1535,0.623,0.589,0.59,0.556,0.575,0.588,0.622,0.582
"2018-06-11 11:30:00",1536,0.621,0.587,0.589,0.554,0.573,0.587,0.621,0.582
"2018-06-11 12:00:00",1537,0.615,0.582,0.585,0.549,0.57,0.586,0.622,0.584
"2018-06-11 12:30:00",1538,0.608,0.577,0.581,0.544,0.568,0.587,0.623,0.586
"2018-06-11 13:00:00",1539,0.587,0.562,0.566,0.527,0.557,0.582,0.619,0.581
"2018-06-11 13:30:00",1540,0.552,0.538,0.541,0.497,0.528,0.559,0.614,0.575
"2018-06-11 14:00:00",1541,0.549,0.538,0.54,0.493,0.519,0.556,0.614,0.575
"2018-06-11 14:30:00",1542,0.55,0.542,0.541,0.497,0.52,0.558,0.614,0.576
"2018-06-11 15:00:00",1543,0.555,0.545,0.542,0.5,0.522,0.561,0.612,0.575
"2018-06-11 15:30:00",1544,0.563,0.55,0.548,0.507,0.527,0.566,0.611,0.576
"2018-06-11 16:00:00",1545,0.563,0.549,0.544,0.507,0.525,0.566,0.607,0.573
"2018-06-11 16:30:00",1546,0.564,0.549,0.539,0.509,0.523,0.569,0.599,0.568
"2018-06-11 17:00:00",1547,0.571,0.555,0.543,0.515,0.528,0.575,0.597,0.569
"2018-06-11 17:30:00",1548,0.569,0.555,0.544,0.516,0.528,0.576,0.596,0.571
"2018-06-11 18:00:00",1549,0.565,0.55,0.544,0.511,0.525,0.574,0.592,0.574
"2018-06-11 18:30:00",1550,0.555,0.544,0.538,0.502,0.518,0.569,0.587,0.57
"2018-06-11 19:00:00",1551,0.548,0.538,0.533,0.496,0.512,0.564,0.583,0.567
"2018-06-11 19:30:00",1552,0.539,0.532,0.531,0.49,0.502,0.555,0.579,0.567
"2018-06-11 20:00:00",1553,0.553,0.545,0.543,0.501,0.517,0.567,0.585,0.58
"2018-06-11 20:30:00",1554,0.568,0.558,0.555,0.52,0.534,0.579,0.594,0.586
"2018-06-11 21:00:00",1555,0.581,0.567,0.565,0.537,0.546,0.587,0.603,0.591
"2018-06-11 21:30:00",1556,0.579,0.564,0.561,0.545,0.548,0.591,0.609,0.594
"2018-06-11 22:00:00",1557,0.58,0.561,0.56,0.548,0.548,0.594,0.616,0.598
"2018-06-11 22:30:00",1558,0.581,0.561,0.559,0.551,0.548,0.597,0.623,0.601
"2018-06-11 23:00:00",1559,0.592,0.571,0.569,0.555,0.554,0.599,0.627,0.602
"2018-06-11 23:30:00",1560,0.599,0.577,0.575,0.557,0.559,0.6,0.63,0.604
"2018-06-12 00:00:00",1561,0.604,0.581,0.58,0.559,0.565,0.6,0.631,0.605
"2018-06-12 00:30:00",1562,0.609,0.587,0.585,0.561,0.57,0.6,0.634,0.609
"2018-06-12 01:00:00",1563,0.613,0.589,0.588,0.562,0.573,0.6,0.635,0.612
"2018-06-12 01:30:00",1564,0.613,0.591,0.587,0.561,0.574,0.601,0.636,0.615
"2018-06-12 02:00:00",1565,0.614,0.591,0.587,0.562,0.574,0.601,0.636,0.618
"2018-06-12 02:30:00",1566,0.618,0.593,0.589,0.563,0.576,0.601,0.636,0.619
"2018-06-12 03:00:00",1567,0.622,0.595,0.591,0.565,0.578,0.6,0.636,0.618
"2018-06-12 03:30:00",1568,0.623,0.596,0.593,0.564,0.579,0.6,0.636,0.62
"2018-06-12 04:00:00",1569,0.625,0.596,0.593,0.564,0.58,0.599,0.636,0.62
"2018-06-12 04:30:00",1570,0.628,0.597,0.592,0.564,0.581,0.599,0.636,0.62
"2018-06-12 05:00:00",1571,0.63,0.599,0.594,0.565,0.582,0.598,0.636,0.62
"2018-06-12 05:30:00",1572,0.63,0.599,0.597,0.564,0.582,0.598,0.637,0.622
"2018-06-12 06:00:00",1573,0.631,0.599,0.597,0.563,0.583,0.597,0.637,0.623
"2018-06-12 06:30:00",1574,0.631,0.599,0.596,0.562,0.583,0.596,0.636,0.621
"2018-06-12 07:00:00",1575,0.629,0.598,0.598,0.561,0.582,0.597,0.637,0.622
"2018-06-12 07:30:00",1576,0.62,0.592,0.596,0.559,0.579,0.597,0.635,0.622
"2018-06-12 08:00:00",1577,0.596,0.574,0.58,0.545,0.568,0.592,0.632,0.621
"2018-06-12 08:30:00",1578,0.538,0.532,0.542,0.494,0.528,0.565,0.627,0.617
"2018-06-12 09:00:00",1579,0.499,0.504,0.514,0.453,0.482,0.525,0.615,0.608
"2018-06-12 09:30:00",1580,0.485,0.491,0.502,0.438,0.461,0.502,0.596,0.594
"2018-06-12 10:00:00",1581,0.478,0.485,0.495,0.43,0.449,0.49,0.572,0.575
"2018-06-12 10:30:00",1582,0.476,0.483,0.491,0.425,0.443,0.485,0.546,0.557
"2018-06-12 11:00:00",1583,0.472,0.479,0.487,0.422,0.436,0.479,0.517,0.535
"2018-06-12 11:30:00",1584,0.47,0.477,0.486,0.422,0.431,0.475,0.491,0.525
"2018-06-12 12:00:00",1585,0.467,0.475,0.482,0.423,0.426,0.47,0.473,0.517
"2018-06-12 12:30:00",1586,0.467,0.475,0.481,0.424,0.425,0.468,0.463,0.512
"2018-06-12 13:00:00",1587,0.464,0.473,0.479,0.425,0.423,0.465,0.459,0.507
"2018-06-12 13:30:00",1588,0.462,0.471,0.475,0.425,0.418,0.461,0.457,0.501
"2018-06-12 14:00:00",1589,0.46,0.471,0.474,0.426,0.418,0.461,0.459,0.501
"2018-06-12 14:30:00",1590,0.46,0.47,0.476,0.426,0.417,0.461,0.462,0.502
"2018-06-12 15:00:00",1591,0.46,0.47,0.477,0.427,0.418,0.461,0.464,0.506
"2018-06-12 15:30:00",1592,0.462,0.47,0.476,0.428,0.419,0.461,0.464,0.511
"2018-06-12 16:00:00",1593,0.463,0.471,0.476,0.432,0.421,0.462,0.469,0.515
"2018-06-12 16:30:00",1594,0.464,0.472,0.477,0.435,0.422,0.463,0.479,0.519
"2018-06-12 17:00:00",1595,0.467,0.475,0.482,0.439,0.426,0.468,0.491,0.526
"2018-06-12 17:30:00",1596,0.469,0.477,0.483,0.443,0.427,0.471,0.5,0.536
"2018-06-12 18:00:00",1597,0.474,0.482,0.489,0.45,0.431,0.477,0.515,0.553
"2018-06-12 18:30:00",1598,0.482,0.49,0.496,0.457,0.441,0.487,0.524,0.559
"2018-06-12 19:00:00",1599,0.497,0.505,0.512,0.477,0.457,0.507,0.545,0.573
"2018-06-12 19:30:00",1600,0.516,0.524,0.53,0.5,0.475,0.532,0.566,0.588
"2018-06-12 20:00:00",1601,0.535,0.541,0.543,0.519,0.495,0.557,0.582,0.597
"2018-06-12 20:30:00",1602,0.557,0.559,0.56,0.533,0.52,0.573,0.596,0.608
"2018-06-12 21:00:00",1603,0.576,0.573,0.574,0.544,0.54,0.584,0.606,0.617
"2018-06-12 21:30:00",1604,0.588,0.579,0.582,0.55,0.552,0.588,0.612,0.622
"2018-06-12 22:00:00",1605,0.595,0.584,0.587,0.553,0.558,0.589,0.617,0.625
"2018-06-12 22:30:00",1606,0.6,0.586,0.589,0.554,0.563,0.589,0.62,0.626
"2018-06-12 23:00:00",1607,0.604,0.588,0.592,0.555,0.566,0.589,0.622,0.628
"2018-06-12 23:30:00",1608,0.607,0.589,0.593,0.555,0.569,0.588,0.624,0.629
"2018-06-13 00:00:00",1609,0.61,0.59,0.595,0.555,0.571,0.587,0.624,0.629
"2018-06-13 00:30:00",1610,0.612,0.591,0.597,0.555,0.572,0.586,0.626,0.63
"2018-06-13 01:00:00",1611,0.614,0.591,0.598,0.554,0.573,0.586,0.626,0.631
"2018-06-13 01:30:00",1612,0.615,0.591,0.599,0.554,0.574,0.584,0.626,0.632
"2018-06-13 02:00:00",1613,0.617,0.591,0.595,0.554,0.575,0.584,0.627,0.632
"2018-06-13 02:30:00",1614,0.618,0.59,0.595,0.553,0.575,0.583,0.627,0.63
"2018-06-13 03:00:00",1615,0.619,0.59,0.598,0.553,0.576,0.583,0.628,0.629
"2018-06-13 03:30:00",1616,0.619,0.59,0.597,0.552,0.577,0.582,0.628,0.629
"2018-06-13 04:00:00",1617,0.619,0.59,0.6,0.551,0.577,0.582,0.628,0.63
"2018-06-13 04:30:00",1618,0.619,0.589,0.6,0.551,0.577,0.581,0.628,0.63
"2018-06-13 05:00:00",1619,0.619,0.589,0.598,0.55,0.577,0.581,0.628,0.628
"2018-06-13 05:30:00",1620,0.619,0.588,0.598,0.549,0.576,0.58,0.627,0.627
"2018-06-13 06:00:00",1621,0.619,0.587,0.6,0.548,0.576,0.58,0.627,0.63
"2018-06-13 06:30:00",1622,0.619,0.587,0.601,0.548,0.575,0.579,0.627,0.631
"2018-06-13 07:00:00",1623,0.618,0.586,0.601,0.547,0.574,0.579,0.627,0.631
"2018-06-13 07:30:00",1624,0.614,0.584,0.599,0.547,0.574,0.581,0.627,0.63
"2018-06-13 08:00:00",1625,0.594,0.571,0.589,0.537,0.568,0.58,0.626,0.629
"2018-06-13 08:30:00",1626,0.535,0.528,0.551,0.489,0.537,0.56,0.621,0.623
"2018-06-13 09:00:00",1627,0.507,0.506,0.525,0.46,0.5,0.531,0.61,0.612
"2018-06-13 09:30:00",1628,0.484,0.487,0.505,0.435,0.468,0.499,0.589,0.592
"2018-06-13 10:00:00",1629,0.478,0.482,0.497,0.428,0.455,0.487,0.562,0.571
"2018-06-13 10:30:00",1630,0.47,0.476,0.49,0.42,0.443,0.476,0.533,0.553
"2018-06-13 11:00:00",1631,0.459,0.466,0.479,0.41,0.426,0.462,0.495,0.53
"2018-06-13 11:30:00",1632,0.459,0.467,0.477,0.414,0.424,0.463,0.47,0.516
"2018-06-13 12:00:00",1633,0.456,0.464,0.476,0.413,0.42,0.459,0.456,0.507
"2018-06-13 12:30:00",1634,0.455,0.464,0.475,0.415,0.419,0.457,0.45,0.502
"2018-06-13 13:00:00",1635,0.455,0.464,0.475,0.417,0.419,0.457,0.45,0.5
"2018-06-13 13:30:00",1636,0.454,0.461,0.473,0.417,0.415,0.453,0.447,0.494
"2018-06-13 14:00:00",1637,0.455,0.463,0.477,0.419,0.418,0.456,0.452,0.499
"2018-06-13 14:30:00",1638,0.457,0.466,0.478,0.422,0.422,0.458,0.46,0.503
"2018-06-13 15:00:00",1639,0.454,0.462,0.476,0.419,0.418,0.454,0.46,0.503
"2018-06-13 15:30:00",1640,0.461,0.468,0.483,0.426,0.426,0.463,0.469,0.511
"2018-06-13 16:00:00",1641,0.459,0.466,0.48,0.426,0.425,0.461,0.471,0.514
"2018-06-13 16:30:00",1642,0.46,0.467,0.479,0.426,0.425,0.462,0.47,0.515
"2018-06-13 17:00:00",1643,0.475,0.482,0.492,0.44,0.441,0.481,0.485,0.53
"2018-06-13 17:30:00",1644,0.492,0.501,0.509,0.458,0.465,0.509,0.51,0.55
"2018-06-13 18:00:00",1645,0.492,0.503,0.508,0.464,0.468,0.512,0.524,0.56
"2018-06-13 18:30:00",1646,0.483,0.492,0.501,0.454,0.451,0.493,0.524,0.567
"2018-06-13 19:00:00",1647,0.494,0.501,0.509,0.463,0.461,0.506,0.54,0.581
"2018-06-13 19:30:00",1648,0.515,0.52,0.525,0.484,0.485,0.534,0.559,0.594
"2018-06-13 20:00:00",1649,0.544,0.545,0.55,0.511,0.52,0.563,0.578,0.606
"2018-06-13 20:30:00",1650,0.566,0.561,0.569,0.529,0.541,0.577,0.593,0.616
"2018-06-13 21:00:00",1651,0.578,0.569,0.577,0.537,0.551,0.582,0.603,0.62
"2018-06-13 21:30:00",1652,0.585,0.574,0.584,0.542,0.557,0.583,0.609,0.624
"2018-06-13 22:00:00",1653,0.589,0.577,0.585,0.543,0.561,0.583,0.612,0.624
"2018-06-13 22:30:00",1654,0.592,0.578,0.587,0.543,0.564,0.583,0.615,0.625
"2018-06-13 23:00:00",1655,0.594,0.58,0.59,0.544,0.565,0.583,0.617,0.626
"2018-06-13 23:30:00",1656,0.596,0.58,0.59,0.544,0.567,0.582,0.619,0.626
"2018-06-14 00:00:00",1657,0.598,0.58,0.592,0.543,0.566,0.581,0.62,0.627
"2018-06-14 00:30:00",1658,0.599,0.58,0.594,0.543,0.567,0.581,0.619,0.628
"2018-06-14 01:00:00",1659,0.6,0.58,0.595,0.543,0.568,0.58,0.62,0.628
"2018-06-14 01:30:00",1660,0.601,0.581,0.594,0.543,0.569,0.58,0.622,0.629
"2018-06-14 02:00:00",1661,0.601,0.581,0.594,0.543,0.569,0.58,0.623,0.629
"2018-06-14 02:30:00",1662,0.602,0.581,0.594,0.544,0.569,0.58,0.623,0.629
"2018-06-14 03:00:00",1663,0.602,0.581,0.593,0.544,0.569,0.58,0.623,0.628
"2018-06-14 03:30:00",1664,0.603,0.58,0.596,0.544,0.57,0.58,0.624,0.63
"2018-06-14 04:00:00",1665,0.603,0.58,0.595,0.544,0.57,0.581,0.624,0.63
"2018-06-14 04:30:00",1666,0.601,0.58,0.595,0.544,0.57,0.582,0.624,0.631
"2018-06-14 05:00:00",1667,0.598,0.579,0.595,0.545,0.571,0.583,0.624,0.632
"2018-06-14 05:30:00",1668,0.595,0.578,0.593,0.545,0.57,0.585,0.622,0.632
"2018-06-14 06:00:00",1669,0.591,0.577,0.589,0.545,0.57,0.587,0.623,0.632
"2018-06-14 06:30:00",1670,0.573,0.567,0.567,0.541,0.566,0.587,0.62,0.631
"2018-06-14 07:00:00",1671,0.537,0.533,0.536,0.511,0.536,0.573,0.617,0.627
"2018-06-14 07:30:00",1672,0.498,0.498,0.507,0.464,0.483,0.529,0.606,0.616
"2018-06-14 08:00:00",1673,0.477,0.483,0.49,0.444,0.45,0.494,0.589,0.601
"2018-06-14 08:30:00",1674,0.468,0.478,0.483,0.436,0.435,0.482,0.562,0.58
"2018-06-14 09:00:00",1675,0.464,0.476,0.482,0.431,0.432,0.477,0.531,0.565
"2018-06-14 09:30:00",1676,0.459,0.473,0.478,0.427,0.426,0.471,0.506,0.548
"2018-06-14 10:00:00",1677,0.456,0.47,0.474,0.423,0.418,0.465,0.483,0.527
"2018-06-14 10:30:00",1678,0.456,0.47,0.473,0.422,0.417,0.463,0.47,0.517
"2018-06-14 11:00:00",1679,0.459,0.473,0.478,0.424,0.42,0.465,0.469,0.517
"2018-06-14 11:30:00",1680,0.457,0.47,0.475,0.42,0.417,0.462,0.46,0.51
"2018-06-14 12:00:00",1681,0.456,0.467,0.474,0.418,0.416,0.459,0.452,0.505
"2018-06-14 12:30:00",1682,0.454,0.465,0.468,0.417,0.414,0.455,0.445,0.496
"2018-06-14 13:00:00",1683,0.453,0.464,0.468,0.417,0.412,0.454,0.441,0.493
"2018-06-14 13:30:00",1684,0.453,0.463,0.469,0.417,0.41,0.453,0.442,0.491
"2018-06-14 14:00:00",1685,0.452,0.462,0.469,0.418,0.411,0.454,0.444,0.492
"2018-06-14 14:30:00",1686,0.452,0.461,0.47,0.418,0.411,0.454,0.446,0.494
"2018-06-14 15:00:00",1687,0.453,0.461,0.471,0.419,0.413,0.454,0.447,0.496
"2018-06-14 15:30:00",1688,0.454,0.462,0.469,0.42,0.415,0.454,0.447,0.496
"2018-06-14 16:00:00",1689,0.455,0.463,0.47,0.423,0.416,0.455,0.451,0.499
"2018-06-14 16:30:00",1690,0.456,0.464,0.471,0.427,0.418,0.458,0.458,0.502
"2018-06-14 17:00:00",1691,0.457,0.466,0.473,0.43,0.418,0.461,0.465,0.507
"2018-06-14 17:30:00",1692,0.46,0.47,0.476,0.433,0.421,0.465,0.471,0.517
"2018-06-14 18:00:00",1693,0.463,0.474,0.48,0.437,0.422,0.469,0.477,0.526
"2018-06-14 18:30:00",1694,0.467,0.481,0.489,0.442,0.425,0.477,0.489,0.54
"2018-06-14 19:00:00",1695,0.472,0.487,0.497,0.447,0.429,0.487,0.513,0.552
"2018-06-14 19:30:00",1696,0.485,0.5,0.516,0.468,0.44,0.507,0.54,0.575
"2018-06-14 20:00:00",1697,0.497,0.512,0.527,0.483,0.462,0.517,0.558,0.589
"2018-06-14 20:30:00",1698,0.52,0.532,0.544,0.503,0.495,0.543,0.577,0.603
"2018-06-14 21:00:00",1699,0.543,0.55,0.557,0.523,0.52,0.566,0.591,0.612
"2018-06-14 21:30:00",1700,0.556,0.56,0.566,0.534,0.535,0.579,0.602,0.618
"2018-06-14 22:00:00",1701,0.562,0.564,0.568,0.539,0.543,0.584,0.609,0.621
"2018-06-14 22:30:00",1702,0.568,0.567,0.572,0.542,0.548,0.587,0.614,0.624
"2018-06-14 23:00:00",1703,0.573,0.571,0.573,0.545,0.552,0.589,0.617,0.625
"2018-06-14 23:30:00",1704,0.579,0.574,0.573,0.548,0.556,0.592,0.619,0.63
"2018-06-15 00:00:00",1705,0.584,0.578,0.579,0.55,0.56,0.593,0.621,0.632
"2018-06-15 00:30:00",1706,0.587,0.579,0.578,0.551,0.562,0.594,0.622,0.634
"2018-06-15 01:00:00",1707,0.59,0.581,0.577,0.553,0.565,0.595,0.623,0.632
"2018-06-15 01:30:00",1708,0.591,0.582,0.586,0.551,0.565,0.596,0.628,0.636
"2018-06-15 02:00:00",1709,0.59,0.581,0.584,0.551,0.566,0.595,0.627,0.633
"2018-06-15 02:30:00",1710,0.59,0.581,0.584,0.552,0.567,0.595,0.628,0.633
"2018-06-15 03:00:00",1711,0.591,0.581,0.587,0.552,0.567,0.595,0.629,0.635
"2018-06-15 03:30:00",1712,0.592,0.582,0.586,0.552,0.568,0.595,0.628,0.634
"2018-06-15 04:00:00",1713,0.592,0.582,0.587,0.552,0.569,0.595,0.63,0.635
"2018-06-15 04:30:00",1714,0.593,0.582,0.587,0.553,0.569,0.596,0.63,0.634
"2018-06-15 05:00:00",1715,0.595,0.584,0.585,0.554,0.57,0.596,0.629,0.633
"2018-06-15 05:30:00",1716,0.594,0.583,0.584,0.554,0.571,0.596,0.63,0.634
"2018-06-15 06:00:00",1717,0.591,0.582,0.578,0.554,0.572,0.596,0.63,0.634
"2018-06-15 06:30:00",1718,0.562,0.559,0.55,0.545,0.557,0.596,0.63,0.635
"2018-06-15 07:00:00",1719,0.525,0.521,0.523,0.501,0.509,0.579,0.628,0.632
"2018-06-15 07:30:00",1720,0.507,0.507,0.511,0.471,0.485,0.549,0.624,0.629
"2018-06-15 08:00:00",1721,0.494,0.498,0.504,0.458,0.476,0.528,0.618,0.627
"2018-06-15 08:30:00",1722,0.48,0.489,0.496,0.445,0.462,0.509,0.602,0.616
"2018-06-15 09:00:00",1723,0.471,0.482,0.49,0.435,0.448,0.491,0.574,0.6
"2018-06-15 09:30:00",1724,0.465,0.478,0.485,0.428,0.437,0.48,0.537,0.575
"2018-06-15 10:00:00",1725,0.461,0.474,0.481,0.423,0.43,0.473,0.511,0.553
"2018-06-15 10:30:00",1726,0.458,0.47,0.477,0.419,0.424,0.468,0.493,0.535
"2018-06-15 11:00:00",1727,0.457,0.468,0.475,0.416,0.42,0.464,0.476,0.52
"2018-06-15 11:30:00",1728,0.455,0.466,0.472,0.415,0.416,0.461,0.458,0.507
"2018-06-15 12:00:00",1729,0.455,0.465,0.473,0.415,0.416,0.459,0.45,0.505
"2018-06-15 12:30:00",1730,0.455,0.465,0.471,0.416,0.415,0.457,0.444,0.499
"2018-06-15 13:00:00",1731,0.456,0.465,0.471,0.418,0.416,0.457,0.444,0.495
"2018-06-15 13:30:00",1732,0.455,0.464,0.47,0.419,0.414,0.456,0.445,0.494
"2018-06-15 14:00:00",1733,0.454,0.464,0.471,0.419,0.411,0.454,0.449,0.495
"2018-06-15 14:30:00",1734,0.454,0.465,0.472,0.421,0.412,0.456,0.453,0.5
"2018-06-15 15:00:00",1735,0.455,0.465,0.472,0.421,0.413,0.455,0.455,0.501
"2018-06-15 15:30:00",1736,0.459,0.468,0.475,0.426,0.418,0.459,0.46,0.507
"2018-06-15 16:00:00",1737,0.462,0.473,0.479,0.432,0.422,0.464,0.47,0.516
"2018-06-15 16:30:00",1738,0.461,0.471,0.476,0.434,0.42,0.461,0.476,0.518
"2018-06-15 17:00:00",1739,0.466,0.478,0.482,0.441,0.425,0.47,0.489,0.527
"2018-06-15 17:30:00",1740,0.462,0.471,0.477,0.436,0.421,0.464,0.49,0.529
"2018-06-15 18:00:00",1741,0.465,0.475,0.481,0.44,0.42,0.468,0.495,0.538
"2018-06-15 18:30:00",1742,0.471,0.483,0.492,0.447,0.425,0.476,0.508,0.55
"2018-06-15 19:00:00",1743,0.482,0.495,0.508,0.458,0.434,0.494,0.534,0.567
"2018-06-15 19:30:00",1744,0.49,0.505,0.518,0.474,0.445,0.505,0.561,0.584
"2018-06-15 20:00:00",1745,0.498,0.516,0.524,0.49,0.464,0.518,0.579,0.597
"2018-06-15 20:30:00",1746,0.522,0.535,0.54,0.511,0.495,0.544,0.593,0.608
"2018-06-15 21:00:00",1747,0.55,0.557,0.555,0.531,0.524,0.57,0.603,0.611
"2018-06-15 21:30:00",1748,0.566,0.569,0.567,0.542,0.541,0.582,0.61,0.616
"2018-06-15 22:00:00",1749,0.575,0.576,0.574,0.548,0.551,0.588,0.616,0.62
"2018-06-15 22:30:00",1750,0.583,0.58,0.576,0.551,0.557,0.591,0.62,0.623
"2018-06-15 23:00:00",1751,0.588,0.583,0.578,0.553,0.562,0.592,0.623,0.625
"2018-06-15 23:30:00",1752,0.594,0.586,0.579,0.555,0.566,0.593,0.626,0.629
"2018-06-16 00:00:00",1753,0.597,0.588,0.58,0.556,0.569,0.594,0.629,0.629
"2018-06-16 00:30:00",1754,0.601,0.589,0.581,0.557,0.572,0.595,0.63,0.629
"2018-06-16 01:00:00",1755,0.601,0.59,0.581,0.557,0.574,0.595,0.631,0.629
"2018-06-16 01:30:00",1756,0.603,0.591,0.581,0.557,0.575,0.596,0.631,0.631
"2018-06-16 02:00:00",1757,0.605,0.592,0.585,0.558,0.576,0.596,0.634,0.635
"2018-06-16 02:30:00",1758,0.607,0.593,0.582,0.558,0.577,0.596,0.635,0.636
"2018-06-16 03:00:00",1759,0.608,0.593,0.582,0.558,0.578,0.595,0.636,0.638
"2018-06-16 03:30:00",1760,0.609,0.593,0.583,0.558,0.579,0.596,0.637,0.639
"2018-06-16 04:00:00",1761,0.609,0.593,0.585,0.558,0.579,0.595,0.638,0.638
"2018-06-16 04:30:00",1762,0.609,0.593,0.586,0.557,0.58,0.595,0.638,0.636
"2018-06-16 05:00:00",1763,0.61,0.593,0.583,0.557,0.58,0.595,0.637,0.638
"2018-06-16 05:30:00",1764,0.611,0.593,0.584,0.557,0.581,0.594,0.638,0.639
"2018-06-16 06:00:00",1765,0.612,0.593,0.586,0.557,0.581,0.594,0.638,0.639
"2018-06-16 06:30:00",1766,0.61,0.592,0.586,0.556,0.58,0.594,0.638,0.638
"2018-06-16 07:00:00",1767,0.6,0.583,0.583,0.553,0.577,0.595,0.639,0.64
"2018-06-16 07:30:00",1768,0.561,0.552,0.564,0.537,0.563,0.589,0.639,0.638
"2018-06-16 08:00:00",1769,0.51,0.512,0.526,0.487,0.519,0.559,0.637,0.635
"2018-06-16 08:30:00",1770,0.488,0.497,0.511,0.455,0.485,0.525,0.632,0.631
"2018-06-16 09:00:00",1771,0.477,0.489,0.503,0.438,0.465,0.504,0.618,0.622
"2018-06-16 09:30:00",1772,0.467,0.48,0.496,0.426,0.448,0.486,0.589,0.605
"2018-06-16 10:00:00",1773,0.46,0.472,0.487,0.417,0.433,0.471,0.546,0.578
"2018-06-16 10:30:00",1774,0.455,0.466,0.477,0.412,0.422,0.461,0.505,0.543
"2018-06-16 11:00:00",1775,0.454,0.465,0.475,0.41,0.418,0.459,0.48,0.52
"2018-06-16 11:30:00",1776,0.455,0.463,0.475,0.411,0.416,0.458,0.464,0.51
"2018-06-16 12:00:00",1777,0.452,0.461,0.471,0.41,0.413,0.454,0.448,0.498
"2018-06-16 12:30:00",1778,0.45,0.459,0.467,0.41,0.41,0.449,0.439,0.49
"2018-06-16 13:00:00",1779,0.451,0.46,0.47,0.411,0.411,0.449,0.438,0.488
"2018-06-16 13:30:00",1780,0.45,0.459,0.47,0.411,0.409,0.447,0.441,0.487
"2018-06-16 14:00:00",1781,0.449,0.46,0.469,0.413,0.409,0.448,0.445,0.49
"2018-06-16 14:30:00",1782,0.45,0.461,0.472,0.415,0.41,0.449,0.45,0.494
"2018-06-16 15:00:00",1783,0.451,0.461,0.472,0.416,0.411,0.45,0.454,0.498
"2018-06-16 15:30:00",1784,0.452,0.462,0.471,0.418,0.413,0.45,0.454,0.501
"2018-06-16 16:00:00",1785,0.453,0.463,0.471,0.421,0.413,0.451,0.459,0.504
"2018-06-16 16:30:00",1786,0.454,0.464,0.472,0.425,0.414,0.453,0.47,0.509
"2018-06-16 17:00:00",1787,0.457,0.467,0.473,0.429,0.416,0.457,0.479,0.514
"2018-06-16 17:30:00",1788,0.461,0.472,0.478,0.435,0.421,0.464,0.492,0.527
"2018-06-16 18:00:00",1789,0.466,0.477,0.485,0.441,0.424,0.469,0.504,0.54
"2018-06-16 18:30:00",1790,0.475,0.488,0.496,0.452,0.431,0.481,0.521,0.557
"2018-06-16 19:00:00",1791,0.485,0.498,0.511,0.464,0.443,0.497,0.545,0.575
"2018-06-16 19:30:00",1792,0.495,0.509,0.522,0.479,0.456,0.513,0.567,0.59
"2018-06-16 20:00:00",1793,0.513,0.526,0.535,0.5,0.482,0.535,0.584,0.601
"2018-06-16 20:30:00",1794,0.533,0.544,0.549,0.519,0.509,0.556,0.596,0.609
"2018-06-16 21:00:00",1795,0.557,0.561,0.565,0.534,0.533,0.574,0.605,0.616
"2018-06-16 21:30:00",1796,0.573,0.571,0.576,0.542,0.548,0.582,0.611,0.619
"2018-06-16 22:00:00",1797,0.582,0.577,0.585,0.546,0.556,0.585,0.616,0.623
"2018-06-16 22:30:00",1798,0.585,0.579,0.588,0.547,0.561,0.587,0.621,0.627
"2018-06-16 23:00:00",1799,0.588,0.581,0.59,0.548,0.564,0.587,0.622,0.628
"2018-06-16 23:30:00",1800,0.59,0.582,0.591,0.549,0.566,0.588,0.624,0.628
"2018-06-17 00:00:00",1801,0.59,0.583,0.591,0.549,0.567,0.588,0.626,0.628
"2018-06-17 00:30:00",1802,0.592,0.583,0.588,0.549,0.568,0.588,0.627,0.627
"2018-06-17 01:00:00",1803,0.594,0.585,0.588,0.55,0.569,0.588,0.627,0.629
"2018-06-17 01:30:00",1804,0.597,0.586,0.59,0.551,0.571,0.588,0.628,0.631
"2018-06-17 02:00:00",1805,0.598,0.586,0.592,0.551,0.572,0.588,0.63,0.633
"2018-06-17 02:30:00",1806,0.599,0.586,0.594,0.551,0.573,0.588,0.63,0.632
"2018-06-17 03:00:00",1807,0.599,0.587,0.593,0.55,0.573,0.588,0.631,0.633
"2018-06-17 03:30:00",1808,0.6,0.587,0.59,0.551,0.574,0.588,0.631,0.631
"2018-06-17 04:00:00",1809,0.601,0.587,0.592,0.55,0.574,0.588,0.631,0.63
"2018-06-17 04:30:00",1810,0.602,0.588,0.589,0.55,0.575,0.588,0.631,0.632
"2018-06-17 05:00:00",1811,0.602,0.588,0.591,0.549,0.575,0.587,0.633,0.634
"2018-06-17 05:30:00",1812,0.602,0.588,0.594,0.549,0.575,0.591,0.633,0.632
"2018-06-17 06:00:00",1813,0.602,0.588,0.594,0.548,0.575,0.603,0.634,0.633
"2018-06-17 06:30:00",1814,0.598,0.585,0.591,0.547,0.575,0.599,0.634,0.632
"2018-06-17 07:00:00",1815,0.588,0.578,0.587,0.546,0.57,0.604,0.632,0.631
"2018-06-17 07:30:00",1816,0.579,0.571,0.585,0.543,0.567,0.611,0.632,0.632
"2018-06-17 08:00:00",1817,0.538,0.54,0.562,0.517,0.549,0.599,0.631,0.631
"2018-06-17 08:30:00",1818,0.494,0.506,0.528,0.468,0.509,0.559,0.627,0.628
"2018-06-17 09:00:00",1819,0.475,0.491,0.512,0.441,0.477,0.521,0.613,0.618
"2018-06-17 09:30:00",1820,0.462,0.478,0.499,0.423,0.453,0.495,0.585,0.599
"2018-06-17 10:00:00",1821,0.456,0.47,0.485,0.415,0.437,0.477,0.542,0.565
"2018-06-17 10:30:00",1822,0.465,0.476,0.495,0.425,0.442,0.481,0.511,0.544
"2018-06-17 11:00:00",1823,0.453,0.464,0.481,0.409,0.426,0.463,0.491,0.527
"2018-06-17 11:30:00",1824,0.449,0.458,0.475,0.406,0.416,0.453,0.466,0.51
"2018-06-17 12:00:00",1825,0.447,0.456,0.471,0.407,0.41,0.452,0.452,0.501
"2018-06-17 12:30:00",1826,0.446,0.455,0.469,0.406,0.408,0.45,0.441,0.492
"2018-06-17 13:00:00",1827,0.445,0.455,0.468,0.407,0.406,0.446,0.438,0.487
"2018-06-17 13:30:00",1828,0.445,0.455,0.468,0.408,0.405,0.448,0.44,0.486
"2018-06-17 14:00:00",1829,0.445,0.455,0.467,0.408,0.405,0.446,0.442,0.486
"2018-06-17 14:30:00",1830,0.445,0.455,0.468,0.409,0.406,0.446,0.446,0.488
"2018-06-17 15:00:00",1831,0.445,0.454,0.468,0.409,0.406,0.447,0.447,0.491
"2018-06-17 15:30:00",1832,0.446,0.455,0.468,0.411,0.408,0.445,0.448,0.495
"2018-06-17 16:00:00",1833,0.448,0.456,0.468,0.414,0.409,0.445,0.453,0.498
"2018-06-17 16:30:00",1834,0.448,0.456,0.468,0.416,0.409,0.445,0.46,0.501
"2018-06-17 17:00:00",1835,0.451,0.459,0.47,0.421,0.411,0.452,0.47,0.508
"2018-06-17 17:30:00",1836,0.455,0.463,0.474,0.427,0.415,0.457,0.484,0.52
"2018-06-17 18:00:00",1837,0.461,0.47,0.481,0.434,0.42,0.463,0.497,0.534
"2018-06-17 18:30:00",1838,0.471,0.48,0.493,0.446,0.43,0.477,0.515,0.55
"2018-06-17 19:00:00",1839,0.48,0.492,0.506,0.458,0.44,0.494,0.538,0.569
"2018-06-17 19:30:00",1840,0.491,0.502,0.521,0.472,0.456,0.511,0.56,0.585
"2018-06-17 20:00:00",1841,0.511,0.521,0.536,0.495,0.484,0.536,0.578,0.597
"2018-06-17 20:30:00",1842,0.529,0.539,0.551,0.514,0.511,0.567,0.592,0.607
"2018-06-17 21:00:00",1843,0.549,0.554,0.562,0.529,0.532,0.58,0.601,0.612
"2018-06-17 21:30:00",1844,0.562,0.564,0.572,0.537,0.545,0.585,0.609,0.617
"2018-06-17 22:00:00",1845,0.568,0.569,0.579,0.541,0.552,0.587,0.615,0.62
"2018-06-17 22:30:00",1846,0.573,0.573,0.582,0.543,0.557,0.588,0.618,0.622
"2018-06-17 23:00:00",1847,0.577,0.576,0.584,0.544,0.561,0.588,0.621,0.623
"2018-06-17 23:30:00",1848,0.581,0.578,0.588,0.544,0.564,0.587,0.623,0.625
"2018-06-18 00:00:00",1849,0.584,0.579,0.589,0.544,0.566,0.585,0.624,0.625
"2018-06-18 00:30:00",1850,0.586,0.58,0.59,0.543,0.567,0.584,0.624,0.625
"2018-06-18 01:00:00",1851,0.589,0.581,0.591,0.543,0.568,0.583,0.625,0.627
"2018-06-18 01:30:00",1852,0.593,0.582,0.59,0.543,0.57,0.582,0.626,0.627
"2018-06-18 02:00:00",1853,0.595,0.584,0.593,0.543,0.571,0.582,0.628,0.626
"2018-06-18 02:30:00",1854,0.597,0.584,0.593,0.543,0.571,0.581,0.629,0.627
"2018-06-18 03:00:00",1855,0.597,0.585,0.591,0.543,0.572,0.581,0.629,0.628
"2018-06-18 03:30:00",1856,0.597,0.585,0.589,0.543,0.572,0.581,0.629,0.629
"2018-06-18 04:00:00",1857,0.597,0.585,0.592,0.543,0.572,0.582,0.63,0.628
"2018-06-18 04:30:00",1858,0.597,0.585,0.591,0.543,0.573,0.582,0.631,0.631
"2018-06-18 05:00:00",1859,0.597,0.585,0.593,0.543,0.573,0.582,0.633,0.63
"2018-06-18 05:30:00",1860,0.596,0.585,0.593,0.543,0.572,0.581,0.634,0.63
"2018-06-18 06:00:00",1861,0.596,0.585,0.591,0.542,0.573,0.581,0.634,0.63
"2018-06-18 06:30:00",1862,0.596,0.584,0.592,0.541,0.573,0.581,0.634,0.629
"2018-06-18 07:00:00",1863,0.595,0.584,0.593,0.54,0.573,0.58,0.634,0.629
"2018-06-18 07:30:00",1864,0.59,0.581,0.594,0.539,0.573,0.58,0.634,0.628
"2018-06-18 08:00:00",1865,0.561,0.562,0.586,0.534,0.569,0.578,0.633,0.628
"2018-06-18 08:30:00",1866,0.507,0.523,0.556,0.499,0.545,0.559,0.631,0.626
"2018-06-18 09:00:00",1867,0.467,0.49,0.52,0.445,0.49,0.513,0.619,0.62
"2018-06-18 09:30:00",1868,0.449,0.472,0.497,0.419,0.45,0.477,0.59,0.6
"2018-06-18 10:00:00",1869,0.445,0.464,0.485,0.409,0.433,0.463,0.553,0.572
"2018-06-18 10:30:00",1870,0.441,0.457,0.476,0.404,0.42,0.452,0.511,0.542
"2018-06-18 11:00:00",1871,0.441,0.454,0.473,0.402,0.413,0.448,0.479,0.518
"2018-06-18 11:30:00",1872,0.442,0.453,0.47,0.403,0.409,0.447,0.457,0.502
"2018-06-18 12:00:00",1873,0.448,0.457,0.475,0.406,0.416,0.454,0.453,0.5
"2018-06-18 12:30:00",1874,0.445,0.455,0.469,0.404,0.414,0.447,0.441,0.488
"2018-06-18 13:00:00",1875,0.442,0.45,0.467,0.403,0.407,0.44,0.441,0.485
"2018-06-18 13:30:00",1876,0.444,0.451,0.468,0.405,0.409,0.443,0.446,0.486
"2018-06-18 14:00:00",1877,0.443,0.448,0.467,0.405,0.405,0.44,0.448,0.485
"2018-06-18 14:30:00",1878,0.443,0.449,0.467,0.408,0.406,0.442,0.452,0.487
"2018-06-18 15:00:00",1879,0.445,0.451,0.469,0.41,0.409,0.444,0.458,0.494
"2018-06-18 15:30:00",1880,0.445,0.451,0.468,0.411,0.408,0.443,0.458,0.496
"2018-06-18 16:00:00",1881,0.448,0.454,0.469,0.416,0.412,0.447,0.466,0.503
"2018-06-18 16:30:00",1882,0.451,0.456,0.471,0.421,0.414,0.45,0.478,0.509
"2018-06-18 17:00:00",1883,0.452,0.457,0.473,0.424,0.414,0.452,0.484,0.513
"2018-06-18 17:30:00",1884,0.459,0.464,0.479,0.431,0.422,0.462,0.496,0.523
"2018-06-18 18:00:00",1885,0.476,0.482,0.497,0.451,0.445,0.487,0.516,0.541
"2018-06-18 18:30:00",1886,0.501,0.509,0.52,0.481,0.479,0.524,0.542,0.563
"2018-06-18 19:00:00",1887,0.494,0.502,0.518,0.48,0.472,0.525,0.556,0.573
"2018-06-18 19:30:00",1888,0.492,0.497,0.52,0.474,0.464,0.512,0.569,0.587
"2018-06-18 20:00:00",1889,0.515,0.52,0.538,0.498,0.492,0.537,0.585,0.6
"2018-06-18 20:30:00",1890,0.538,0.543,0.557,0.52,0.522,0.563,0.597,0.609
"2018-06-18 21:00:00",1891,0.548,0.553,0.567,0.531,0.538,0.575,0.606,0.614
"2018-06-18 21:30:00",1892,0.557,0.56,0.574,0.535,0.547,0.58,0.611,0.618
"2018-06-18 22:00:00",1893,0.563,0.565,0.579,0.537,0.554,0.581,0.616,0.62
"2018-06-18 22:30:00",1894,0.568,0.568,0.582,0.539,0.558,0.582,0.619,0.622
"2018-06-18 23:00:00",1895,0.572,0.571,0.585,0.54,0.561,0.582,0.622,0.623
"2018-06-18 23:30:00",1896,0.573,0.572,0.587,0.54,0.563,0.581,0.624,0.624
"2018-06-19 00:00:00",1897,0.573,0.573,0.587,0.539,0.565,0.581,0.625,0.624
"2018-06-19 00:30:00",1898,0.574,0.574,0.586,0.539,0.566,0.581,0.626,0.624
"2018-06-19 01:00:00",1899,0.574,0.574,0.587,0.539,0.567,0.58,0.626,0.624
"2018-06-19 01:30:00",1900,0.571,0.572,0.588,0.538,0.566,0.58,0.626,0.624
"2018-06-19 02:00:00",1901,0.568,0.57,0.586,0.538,0.566,0.58,0.626,0.624
"2018-06-19 02:30:00",1902,0.566,0.569,0.587,0.539,0.566,0.582,0.626,0.624
"2018-06-19 03:00:00",1903,0.565,0.569,0.586,0.539,0.566,0.582,0.626,0.624
"2018-06-19 03:30:00",1904,0.563,0.568,0.587,0.539,0.566,0.583,0.625,0.624
"2018-06-19 04:00:00",1905,0.563,0.567,0.586,0.539,0.565,0.584,0.624,0.624
"2018-06-19 04:30:00",1906,0.562,0.566,0.585,0.539,0.565,0.584,0.623,0.624
"2018-06-19 05:00:00",1907,0.562,0.566,0.585,0.539,0.565,0.584,0.624,0.624
"2018-06-19 05:30:00",1908,0.564,0.567,0.585,0.54,0.566,0.584,0.624,0.624
"2018-06-19 06:00:00",1909,0.562,0.567,0.584,0.54,0.566,0.584,0.625,0.624
"2018-06-19 06:30:00",1910,0.551,0.56,0.572,0.536,0.563,0.584,0.625,0.624
"2018-06-19 07:00:00",1911,0.534,0.541,0.554,0.524,0.547,0.581,0.622,0.622
"2018-06-19 07:30:00",1912,0.529,0.535,0.548,0.513,0.532,0.574,0.618,0.62
"2018-06-19 08:00:00",1913,0.519,0.529,0.543,0.501,0.524,0.565,0.612,0.614
"2018-06-19 08:30:00",1914,0.503,0.517,0.533,0.483,0.513,0.549,0.603,0.605
"2018-06-19 09:00:00",1915,0.482,0.501,0.52,0.461,0.494,0.525,0.59,0.595
"2018-06-19 09:30:00",1916,0.451,0.473,0.495,0.426,0.448,0.481,0.561,0.572
"2018-06-19 10:00:00",1917,0.436,0.458,0.477,0.408,0.421,0.455,0.517,0.544
"2018-06-19 10:30:00",1918,0.434,0.453,0.47,0.403,0.411,0.448,0.485,0.52
"2018-06-19 11:00:00",1919,0.434,0.45,0.467,0.401,0.407,0.445,0.462,0.504
"2018-06-19 11:30:00",1920,0.436,0.451,0.467,0.403,0.407,0.445,0.45,0.493
"2018-06-19 12:00:00",1921,0.441,0.454,0.472,0.409,0.411,0.449,0.454,0.496
"2018-06-19 12:30:00",1922,0.442,0.454,0.472,0.41,0.413,0.449,0.455,0.495
"2018-06-19 13:00:00",1923,0.439,0.449,0.466,0.405,0.407,0.442,0.447,0.488
"2018-06-19 13:30:00",1924,0.441,0.449,0.465,0.405,0.407,0.444,0.442,0.481
"2018-06-19 14:00:00",1925,0.483,0.49,0.499,0.447,0.454,0.496,0.487,0.507
"2018-06-19 14:30:00",1926,0.534,0.528,0.536,0.494,0.503,0.543,0.541,0.463
"2018-06-19 15:00:00",1927,0.532,0.525,0.535,0.491,0.504,0.539,0.566,0.506
"2018-06-19 15:30:00",1928,0.549,0.547,0.555,0.511,0.53,0.555,0.584,0.539
"2018-06-19 16:00:00",1929,0.562,0.558,0.57,0.524,0.545,0.566,0.6,0.558
"2018-06-19 16:30:00",1930,0.573,0.565,0.578,0.532,0.555,0.572,0.606,0.569
"2018-06-19 17:00:00",1931,0.579,0.568,0.583,0.535,0.561,0.574,0.611,0.575
"2018-06-19 17:30:00",1932,0.572,0.563,0.576,0.531,0.556,0.571,0.612,0.573
"2018-06-19 18:00:00",1933,0.564,0.558,0.576,0.529,0.554,0.571,0.613,0.575
"2018-06-19 18:30:00",1934,0.554,0.553,0.569,0.526,0.549,0.571,0.614,0.576
"2018-06-19 19:00:00",1935,0.549,0.551,0.567,0.526,0.545,0.574,0.617,0.576
"2018-06-19 19:30:00",1936,0.541,0.547,0.566,0.524,0.534,0.573,0.619,0.577
"2018-06-19 20:00:00",1937,0.537,0.545,0.564,0.524,0.53,0.572,0.62,0.578
"2018-06-19 20:30:00",1938,0.555,0.556,0.571,0.53,0.545,0.577,0.621,0.577
"2018-06-19 21:00:00",1939,0.568,0.565,0.577,0.534,0.557,0.578,0.622,0.574
"2018-06-19 21:30:00",1940,0.573,0.569,0.579,0.534,0.563,0.578,0.622,0.572
"2018-06-19 22:00:00",1941,0.576,0.571,0.581,0.534,0.566,0.577,0.623,0.57
"2018-06-19 22:30:00",1942,0.578,0.571,0.581,0.534,0.568,0.577,0.624,0.572
"2018-06-19 23:00:00",1943,0.578,0.572,0.58,0.534,0.569,0.577,0.624,0.572
"2018-06-19 23:30:00",1944,0.575,0.572,0.578,0.534,0.57,0.577,0.623,0.57
"2018-06-20 00:00:00",1945,0.572,0.572,0.58,0.535,0.57,0.578,0.624,0.571
"2018-06-20 00:30:00",1946,0.57,0.571,0.581,0.536,0.571,0.579,0.625,0.574
"2018-06-20 01:00:00",1947,0.569,0.571,0.584,0.538,0.571,0.58,0.629,0.576
"2018-06-20 01:30:00",1948,0.57,0.572,0.585,0.54,0.571,0.582,0.631,0.58
"2018-06-20 02:00:00",1949,0.57,0.572,0.584,0.541,0.572,0.584,0.63,0.579
"2018-06-20 02:30:00",1950,0.567,0.571,0.584,0.542,0.572,0.585,0.631,0.58
"2018-06-20 03:00:00",1951,0.566,0.571,0.58,0.543,0.573,0.587,0.631,0.58
"2018-06-20 03:30:00",1952,0.565,0.571,0.579,0.544,0.573,0.588,0.63,0.58
"2018-06-20 04:00:00",1953,0.562,0.569,0.579,0.544,0.572,0.589,0.633,0.583
"2018-06-20 04:30:00",1954,0.561,0.568,0.58,0.544,0.571,0.59,0.635,0.584
"2018-06-20 05:00:00",1955,0.564,0.569,0.579,0.544,0.571,0.59,0.634,0.585
"2018-06-20 05:30:00",1956,0.567,0.571,0.578,0.545,0.572,0.59,0.632,0.583
"2018-06-20 06:00:00",1957,0.561,0.567,0.576,0.544,0.571,0.59,0.634,0.583
"2018-06-20 06:30:00",1958,0.56,0.565,0.575,0.542,0.569,0.59,0.635,0.586
"2018-06-20 07:00:00",1959,0.551,0.556,0.568,0.537,0.561,0.587,0.633,0.587
"2018-06-20 07:30:00",1960,0.533,0.537,0.555,0.524,0.546,0.577,0.633,0.585
"2018-06-20 08:00:00",1961,0.518,0.527,0.547,0.505,0.531,0.567,0.63,0.586
"2018-06-20 08:30:00",1962,0.479,0.499,0.521,0.465,0.498,0.532,0.623,0.582
"2018-06-20 09:00:00",1963,0.462,0.487,0.507,0.445,0.472,0.504,0.606,0.568
"2018-06-20 09:30:00",1964,0.441,0.469,0.487,0.42,0.438,0.469,0.571,0.547
"2018-06-20 10:00:00",1965,0.444,0.471,0.488,0.419,0.436,0.471,0.539,0.532
"2018-06-20 10:30:00",1966,0.436,0.464,0.476,0.409,0.424,0.459,0.512,0.515
"2018-06-20 11:00:00",1967,0.436,0.462,0.473,0.408,0.418,0.455,0.487,0.499
"2018-06-20 11:30:00",1968,0.439,0.462,0.475,0.41,0.417,0.454,0.473,0.491
"2018-06-20 12:00:00",1969,0.441,0.462,0.478,0.411,0.417,0.453,0.47,0.492
"2018-06-20 12:30:00",1970,0.441,0.461,0.476,0.414,0.417,0.45,0.467,0.487
"2018-06-20 13:00:00",1971,0.449,0.468,0.484,0.423,0.424,0.459,0.483,0.5
"2018-06-20 13:30:00",1972,0.44,0.457,0.472,0.412,0.411,0.446,0.471,0.489
"2018-06-20 14:00:00",1973,0.439,0.454,0.467,0.409,0.406,0.442,0.456,0.479
"2018-06-20 14:30:00",1974,0.442,0.458,0.474,0.413,0.413,0.447,0.464,0.485
"2018-06-20 15:00:00",1975,0.443,0.458,0.472,0.414,0.413,0.448,0.464,0.486
"2018-06-20 15:30:00",1976,0.451,0.463,0.48,0.422,0.421,0.457,0.476,0.496
"2018-06-20 16:00:00",1977,0.448,0.462,0.476,0.424,0.419,0.454,0.48,0.498
"2018-06-20 16:30:00",1978,0.456,0.471,0.486,0.431,0.429,0.466,0.486,0.505
"2018-06-20 17:00:00",1979,0.472,0.485,0.504,0.448,0.45,0.488,0.509,0.523
"2018-06-20 17:30:00",1980,0.493,0.505,0.52,0.476,0.476,0.517,0.538,0.548
"2018-06-20 18:00:00",1981,0.531,0.538,0.548,0.51,0.514,0.554,0.57,0.57
"2018-06-20 18:30:00",1982,0.554,0.557,0.566,0.527,0.536,0.57,0.589,0.584
"2018-06-20 19:00:00",1983,0.562,0.561,0.574,0.532,0.546,0.575,0.601,0.591
"2018-06-20 19:30:00",1984,0.566,0.565,0.579,0.534,0.551,0.578,0.608,0.597
"2018-06-20 20:00:00",1985,0.565,0.565,0.579,0.536,0.554,0.58,0.614,0.599
"2018-06-20 20:30:00",1986,0.571,0.571,0.584,0.537,0.559,0.582,0.618,0.6
"2018-06-20 21:00:00",1987,0.578,0.575,0.587,0.538,0.564,0.581,0.621,0.6
"2018-06-20 21:30:00",1988,0.582,0.576,0.589,0.536,0.565,0.58,0.621,0.6
"2018-06-20 22:00:00",1989,0.584,0.577,0.591,0.536,0.566,0.579,0.623,0.6
"2018-06-20 22:30:00",1990,0.585,0.578,0.587,0.535,0.568,0.578,0.623,0.598
"2018-06-20 23:00:00",1991,0.586,0.578,0.59,0.535,0.569,0.579,0.624,0.603
"2018-06-20 23:30:00",1992,0.586,0.579,0.591,0.535,0.57,0.579,0.625,0.606
"2018-06-21 00:00:00",1993,0.587,0.579,0.591,0.535,0.57,0.579,0.627,0.608
"2018-06-21 00:30:00",1994,0.587,0.579,0.591,0.535,0.57,0.579,0.628,0.609
"2018-06-21 01:00:00",1995,0.587,0.579,0.591,0.535,0.571,0.579,0.63,0.609
"2018-06-21 01:30:00",1996,0.587,0.578,0.591,0.535,0.571,0.579,0.63,0.61
"2018-06-21 02:00:00",1997,0.587,0.578,0.591,0.534,0.571,0.578,0.63,0.611
"2018-06-21 02:30:00",1998,0.586,0.578,0.591,0.534,0.57,0.578,0.63,0.613
"2018-06-21 03:00:00",1999,0.586,0.577,0.591,0.534,0.57,0.578,0.632,0.613
"2018-06-21 03:30:00",2000,0.586,0.577,0.591,0.534,0.57,0.577,0.631,0.612
"2018-06-21 04:00:00",2001,0.585,0.576,0.59,0.534,0.571,0.577,0.631,0.612
"2018-06-21 04:30:00",2002,0.585,0.577,0.59,0.533,0.571,0.576,0.631,0.613
"2018-06-21 05:00:00",2003,0.585,0.576,0.59,0.533,0.571,0.576,0.63,0.612
"2018-06-21 05:30:00",2004,0.585,0.576,0.589,0.533,0.571,0.576,0.631,0.612
"2018-06-21 06:00:00",2005,0.584,0.575,0.589,0.533,0.571,0.575,0.631,0.613
"2018-06-21 06:30:00",2006,0.584,0.573,0.589,0.532,0.57,0.574,0.631,0.613
"2018-06-21 07:00:00",2007,0.583,0.572,0.589,0.531,0.57,0.573,0.63,0.614
"2018-06-21 07:30:00",2008,0.583,0.57,0.589,0.529,0.569,0.572,0.629,0.614
"2018-06-21 08:00:00",2009,0.582,0.569,0.589,0.528,0.569,0.57,0.629,0.613
"2018-06-21 08:30:00",2010,0.582,0.567,0.59,0.527,0.569,0.569,0.629,0.612
"2018-06-21 09:00:00",2011,0.572,0.56,0.589,0.525,0.566,0.566,0.627,0.611
"2018-06-21 09:30:00",2012,0.526,0.527,0.57,0.489,0.544,0.546,0.625,0.608
"2018-06-21 10:00:00",2013,0.465,0.477,0.527,0.435,0.486,0.503,0.621,0.605
"2018-06-21 10:30:00",2014,0.455,0.468,0.506,0.427,0.46,0.479,0.61,0.593
"2018-06-21 11:00:00",2015,0.451,0.465,0.498,0.425,0.449,0.468,0.593,0.576
"2018-06-21 11:30:00",2016,0.446,0.461,0.491,0.421,0.44,0.461,0.568,0.557
"2018-06-21 12:00:00",2017,0.443,0.456,0.481,0.411,0.43,0.455,0.524,0.53
"2018-06-21 12:30:00",2018,0.443,0.455,0.476,0.411,0.426,0.455,0.492,0.516
"2018-06-21 13:00:00",2019,0.453,0.464,0.485,0.425,0.436,0.467,0.494,0.518
"2018-06-21 13:30:00",2020,0.455,0.465,0.486,0.428,0.438,0.469,0.502,0.522
"2018-06-21 14:00:00",2021,0.45,0.46,0.481,0.423,0.43,0.462,0.494,0.515
"2018-06-21 14:30:00",2022,0.458,0.467,0.491,0.432,0.44,0.472,0.502,0.525
"2018-06-21 15:00:00",2023,0.452,0.461,0.485,0.426,0.432,0.464,0.499,0.522
"2018-06-21 15:30:00",2024,0.443,0.452,0.471,0.415,0.416,0.449,0.482,0.509
"2018-06-21 16:00:00",2025,0.443,0.451,0.469,0.415,0.414,0.448,0.474,0.504
"2018-06-21 16:30:00",2026,0.452,0.459,0.477,0.424,0.425,0.46,0.483,0.51
"2018-06-21 17:00:00",2027,0.462,0.468,0.487,0.436,0.438,0.475,0.499,0.524
