"TOA5","CR1000-SHORE","CR1000","86619","CR1000.Std.31.03","CPU:Sapflow_SERC.CR1","2121","Table1"
"TIMESTAMP","RECORD","DiffVolt_Avg(1)","DiffVolt_Avg(2)","DiffVolt_Avg(3)","DiffVolt_Avg(4)","DiffVolt_Avg(5)","DiffVolt_Avg(6)"
"TS","RN","mV","mV","mV","mV","mV","mV"
"","","Avg","Avg","Avg","Avg","Avg","Avg"
"2018-09-13 12:00:00",5881,0.456,0.57,0.528,0.624,0.442,0.601
"2018-09-13 12:30:00",5882,0.458,0.57,0.53,0.625,0.441,0.608
"2018-09-13 13:00:00",5883,0.451,0.569,0.527,0.623,0.438,0.599
"2018-09-13 13:30:00",5884,0.429,0.563,0.512,0.615,0.426,0.569
"2018-09-13 14:00:00",5885,0.424,0.559,0.504,0.612,0.421,0.562
"2018-09-13 14:30:00",5886,0.418,0.556,0.497,0.61,0.419,0.556
"2018-09-13 15:00:00",5887,0.409,0.551,0.49,0.606,0.413,0.545
"2018-09-13 15:30:00",5888,0.406,0.547,0.486,0.604,0.41,0.545
"2018-09-13 16:00:00",5889,0.404,0.543,0.483,0.602,0.406,0.545
"2018-09-13 16:30:00",5890,0.411,0.544,0.485,0.605,0.409,0.553
"2018-09-13 17:00:00",5891,0.424,0.549,0.495,0.614,0.42,0.568
"2018-09-13 17:30:00",5892,0.435,0.552,0.503,0.618,0.424,0.578
"2018-09-13 18:00:00",5893,0.442,0.553,0.509,0.621,0.428,0.583
"2018-09-13 18:30:00",5894,0.44,0.553,0.511,0.621,0.43,0.579
"2018-09-13 19:00:00",5895,0.447,0.554,0.515,0.624,0.433,0.584
"2018-09-13 19:30:00",5896,0.462,0.561,0.523,0.627,0.442,0.6
"2018-09-13 20:00:00",5897,0.469,0.564,0.527,0.626,0.446,0.611
"2018-09-13 20:30:00",5898,0.474,0.567,0.529,0.627,0.453,0.617
"2018-09-13 21:00:00",5899,0.478,0.568,0.53,0.628,0.461,0.62
"2018-09-13 21:30:00",5900,0.479,0.568,0.53,0.626,0.462,0.624
"2018-09-13 22:00:00",5901,0.478,0.568,0.532,0.626,0.464,0.627
"2018-09-13 22:30:00",5902,0.483,0.569,0.532,0.627,0.469,0.633
"2018-09-13 23:00:00",5903,0.485,0.569,0.534,0.627,0.471,0.639
"2018-09-13 23:30:00",5904,0.488,0.57,0.534,0.628,0.475,0.642
"2018-09-14 00:00:00",5905,0.49,0.57,0.535,0.627,0.476,0.643
"2018-09-14 00:30:00",5906,0.49,0.57,0.535,0.627,0.477,0.643
"2018-09-14 01:00:00",5907,0.491,0.571,0.538,0.628,0.478,0.645
"2018-09-14 01:30:00",5908,0.49,0.571,0.536,0.628,0.478,0.644
"2018-09-14 02:00:00",5909,0.49,0.571,0.536,0.627,0.477,0.644
"2018-09-14 02:30:00",5910,0.489,0.57,0.537,0.627,0.477,0.646
"2018-09-14 03:00:00",5911,0.49,0.571,0.537,0.628,0.481,0.646
"2018-09-14 03:30:00",5912,0.489,0.57,0.537,0.628,0.482,0.647
"2018-09-14 04:00:00",5913,0.49,0.57,0.538,0.628,0.482,0.649
"2018-09-14 04:30:00",5914,0.492,0.571,0.539,0.629,0.482,0.652
"2018-09-14 05:00:00",5915,0.493,0.571,0.539,0.629,0.484,0.653
"2018-09-14 05:30:00",5916,0.493,0.571,0.539,0.629,0.483,0.654
"2018-09-14 06:00:00",5917,0.493,0.571,0.54,0.628,0.481,0.653
"2018-09-14 06:30:00",5918,0.492,0.571,0.54,0.627,0.481,0.653
"2018-09-14 07:00:00",5919,0.491,0.57,0.541,0.627,0.48,0.653
"2018-09-14 07:30:00",5920,0.492,0.571,0.542,0.627,0.481,0.654
"2018-09-14 08:00:00",5921,0.495,0.57,0.539,0.627,0.483,0.653
"2018-09-14 08:30:00",5922,0.494,0.57,0.539,0.627,0.481,0.653
"2018-09-14 09:00:00",5923,0.492,0.569,0.539,0.626,0.48,0.653
"2018-09-14 09:30:00",5924,0.494,0.569,0.54,0.626,0.479,0.653
"2018-09-14 10:00:00",5925,0.493,0.569,0.54,0.626,0.478,0.651
"2018-09-14 10:30:00",5926,0.491,0.569,0.538,0.625,0.478,0.648
"2018-09-14 11:00:00",5927,0.49,0.569,0.539,0.625,0.477,0.645
"2018-09-14 11:30:00",5928,0.492,0.569,0.542,0.626,0.476,0.651
"2018-09-14 12:00:00",5929,0.493,0.568,0.542,0.625,0.476,0.653
"2018-09-14 12:30:00",5930,0.496,0.567,0.541,0.624,0.476,0.652
"2018-09-14 13:00:00",5931,0.495,0.567,0.541,0.624,0.474,0.652
"2018-09-14 13:30:00",5932,0.495,0.567,0.539,0.624,0.476,0.649
"2018-09-14 14:00:00",5933,0.499,0.566,0.538,0.623,0.477,0.649
"2018-09-14 14:30:00",5934,0.499,0.566,0.538,0.622,0.476,0.647
"2018-09-14 15:00:00",5935,0.494,0.566,0.539,0.622,0.474,0.638
"2018-09-14 15:30:00",5936,0.479,0.566,0.534,0.621,0.469,0.614
"2018-09-14 16:00:00",5937,0.458,0.564,0.525,0.619,0.46,0.589
"2018-09-14 16:30:00",5938,0.436,0.56,0.516,0.616,0.448,0.568
"2018-09-14 17:00:00",5939,0.413,0.556,0.51,0.614,0.434,0.544
"2018-09-14 17:30:00",5940,0.403,0.55,0.501,0.613,0.426,0.536
"2018-09-14 18:00:00",5941,0.414,0.551,0.502,0.617,0.429,0.554
"2018-09-14 18:30:00",5942,0.435,0.555,0.51,0.622,0.441,0.58
"2018-09-14 19:00:00",5943,0.453,0.557,0.517,0.624,0.45,0.598
"2018-09-14 19:30:00",5944,0.462,0.559,0.523,0.625,0.456,0.607
"2018-09-14 20:00:00",5945,0.472,0.562,0.529,0.628,0.463,0.621
"2018-09-14 20:30:00",5946,0.478,0.565,0.532,0.628,0.468,0.625
"2018-09-14 21:00:00",5947,0.481,0.567,0.535,0.629,0.472,0.628
"2018-09-14 21:30:00",5948,0.483,0.569,0.539,0.631,0.474,0.63
"2018-09-14 22:00:00",5949,0.484,0.569,0.539,0.631,0.475,0.631
"2018-09-14 22:30:00",5950,0.486,0.57,0.539,0.632,0.477,0.633
"2018-09-14 23:00:00",5951,0.488,0.571,0.54,0.633,0.479,0.636
"2018-09-14 23:30:00",5952,0.489,0.57,0.541,0.632,0.478,0.641
"2018-09-15 00:00:00",5953,0.492,0.571,0.543,0.634,0.48,0.647
"2018-09-15 00:30:00",5954,0.495,0.571,0.542,0.634,0.48,0.651
"2018-09-15 01:00:00",5955,0.496,0.571,0.542,0.633,0.481,0.653
"2018-09-15 01:30:00",5956,0.497,0.57,0.54,0.631,0.48,0.652
"2018-09-15 02:00:00",5957,0.497,0.57,0.54,0.631,0.48,0.651
"2018-09-15 02:30:00",5958,0.498,0.571,0.54,0.632,0.482,0.65
"2018-09-15 03:00:00",5959,0.499,0.571,0.54,0.632,0.481,0.651
"2018-09-15 03:30:00",5960,0.496,0.57,0.54,0.63,0.478,0.651
"2018-09-15 04:00:00",5961,0.499,0.571,0.542,0.631,0.478,0.651
"2018-09-15 04:30:00",5962,0.499,0.572,0.541,0.632,0.478,0.649
"2018-09-15 05:00:00",5963,0.497,0.571,0.539,0.631,0.479,0.65
"2018-09-15 05:30:00",5964,0.499,0.571,0.542,0.631,0.478,0.655
"2018-09-15 06:00:00",5965,0.502,0.573,0.542,0.632,0.48,0.657
"2018-09-15 06:30:00",5966,0.499,0.572,0.545,0.633,0.48,0.657
"2018-09-15 07:00:00",5967,0.5,0.573,0.544,0.633,0.481,0.654
"2018-09-15 07:30:00",5968,0.497,0.572,0.543,0.631,0.48,0.65
"2018-09-15 08:00:00",5969,0.493,0.573,0.544,0.631,0.479,0.645
"2018-09-15 08:30:00",5970,0.488,0.573,0.544,0.632,0.478,0.637
"2018-09-15 09:00:00",5971,0.48,0.573,0.541,0.632,0.476,0.629
"2018-09-15 09:30:00",5972,0.471,0.572,0.538,0.632,0.472,0.618
"2018-09-15 10:00:00",5973,0.458,0.571,0.534,0.63,0.465,0.603
"2018-09-15 10:30:00",5974,0.432,0.564,0.522,0.623,0.449,0.574
"2018-09-15 11:00:00",5975,0.398,0.554,0.502,0.612,0.427,0.54
"2018-09-15 11:30:00",5976,0.379,0.545,0.485,0.602,0.411,0.526
"2018-09-15 12:00:00",5977,0.372,0.537,0.474,0.596,0.404,0.521
"2018-09-15 12:30:00",5978,0.373,0.532,0.471,0.594,0.402,0.518
"2018-09-15 13:00:00",5979,0.362,0.521,0.462,0.586,0.387,0.509
"2018-09-15 13:30:00",5980,0.361,0.513,0.458,0.58,0.385,0.498
"2018-09-15 14:00:00",5981,0.365,0.511,0.457,0.58,0.389,0.5
"2018-09-15 14:30:00",5982,0.364,0.506,0.453,0.575,0.388,0.493
"2018-09-15 15:00:00",5983,0.372,0.507,0.457,0.579,0.395,0.498
"2018-09-15 15:30:00",5984,0.376,0.509,0.461,0.584,0.4,0.502
"2018-09-15 16:00:00",5985,0.377,0.51,0.461,0.585,0.4,0.503
"2018-09-15 16:30:00",5986,0.384,0.513,0.465,0.591,0.402,0.51
"2018-09-15 17:00:00",5987,0.395,0.521,0.478,0.602,0.414,0.523
"2018-09-15 17:30:00",5988,0.408,0.528,0.491,0.613,0.427,0.536
"2018-09-15 18:00:00",5989,0.411,0.531,0.499,0.621,0.438,0.539
"2018-09-15 18:30:00",5990,0.429,0.54,0.512,0.632,0.452,0.558
"2018-09-15 19:00:00",5991,0.446,0.55,0.523,0.641,0.466,0.577
"2018-09-15 19:30:00",5992,0.468,0.562,0.538,0.65,0.479,0.601
"2018-09-15 20:00:00",5993,0.478,0.569,0.544,0.656,0.49,0.617
"2018-09-15 20:30:00",5994,0.479,0.571,0.543,0.656,0.496,0.619
"2018-09-15 21:00:00",5995,0.483,0.574,0.548,0.657,0.499,0.623
"2018-09-15 21:30:00",5996,0.484,0.576,0.55,0.66,0.503,0.624
"2018-09-15 22:00:00",5997,0.493,0.581,0.554,0.661,0.504,0.633
"2018-09-15 22:30:00",5998,0.498,0.584,0.554,0.66,0.506,0.641
"2018-09-15 23:00:00",5999,0.511,0.584,0.561,0.663,0.508,0.654
"2018-09-15 23:30:00",6000,0.519,0.587,0.563,0.662,0.51,0.663
"2018-09-16 00:00:00",6001,0.523,0.587,0.564,0.662,0.511,0.668
"2018-09-16 00:30:00",6002,0.523,0.588,0.562,0.663,0.513,0.668
"2018-09-16 01:00:00",6003,0.513,0.586,0.56,0.666,0.513,0.658
"2018-09-16 01:30:00",6004,0.504,0.584,0.554,0.662,0.512,0.646
"2018-09-16 02:00:00",6005,0.505,0.586,0.557,0.66,0.51,0.645
"2018-09-16 02:30:00",6006,0.515,0.59,0.56,0.662,0.511,0.658
"2018-09-16 03:00:00",6007,0.52,0.59,0.564,0.664,0.512,0.662
"2018-09-16 03:30:00",6008,0.513,0.587,0.558,0.66,0.511,0.658
"2018-09-16 04:00:00",6009,0.508,0.583,0.553,0.653,0.509,0.655
"2018-09-16 04:30:00",6010,0.509,0.582,0.556,0.652,0.504,0.657
"2018-09-16 05:00:00",6011,0.51,0.58,0.552,0.647,0.502,0.657
"2018-09-16 05:30:00",6012,0.513,0.58,0.552,0.646,0.501,0.661
"2018-09-16 06:00:00",6013,0.512,0.579,0.551,0.644,0.5,0.661
"2018-09-16 06:30:00",6014,0.512,0.578,0.552,0.642,0.499,0.659
"2018-09-16 07:00:00",6015,0.513,0.578,0.553,0.641,0.497,0.66
"2018-09-16 07:30:00",6016,0.512,0.576,0.547,0.638,0.493,0.659
"2018-09-16 08:00:00",6017,0.513,0.576,0.547,0.64,0.495,0.661
"2018-09-16 08:30:00",6018,0.514,0.576,0.547,0.64,0.494,0.661
"2018-09-16 09:00:00",6019,0.511,0.574,0.546,0.638,0.492,0.658
"2018-09-16 09:30:00",6020,0.509,0.572,0.546,0.635,0.491,0.657
"2018-09-16 10:00:00",6021,0.507,0.571,0.546,0.634,0.491,0.653
"2018-09-16 10:30:00",6022,0.506,0.572,0.545,0.633,0.49,0.651
"2018-09-16 11:00:00",6023,0.501,0.572,0.545,0.633,0.489,0.644
"2018-09-16 11:30:00",6024,0.486,0.57,0.54,0.63,0.482,0.628
"2018-09-16 12:00:00",6025,0.452,0.566,0.53,0.623,0.465,0.595
"2018-09-16 12:30:00",6026,0.408,0.561,0.514,0.617,0.441,0.558
"2018-09-16 13:00:00",6027,0.38,0.552,0.497,0.609,0.418,0.532
"2018-09-16 13:30:00",6028,0.37,0.541,0.485,0.604,0.408,0.521
"2018-09-16 14:00:00",6029,0.367,0.532,0.476,0.598,0.401,0.516
"2018-09-16 14:30:00",6030,0.367,0.524,0.47,0.593,0.394,0.513
"2018-09-16 15:00:00",6031,0.371,0.519,0.466,0.592,0.395,0.509
"2018-09-16 15:30:00",6032,0.375,0.515,0.466,0.591,0.392,0.509
"2018-09-16 16:00:00",6033,0.379,0.512,0.463,0.588,0.392,0.507
"2018-09-16 16:30:00",6034,0.384,0.511,0.463,0.591,0.392,0.503
"2018-09-16 17:00:00",6035,0.382,0.508,0.464,0.592,0.393,0.502
"2018-09-16 17:30:00",6036,0.387,0.51,0.471,0.599,0.402,0.508
"2018-09-16 18:00:00",6037,0.396,0.516,0.479,0.608,0.414,0.521
"2018-09-16 18:30:00",6038,0.41,0.524,0.491,0.616,0.426,0.536
"2018-09-16 19:00:00",6039,0.435,0.538,0.511,0.632,0.448,0.563
"2018-09-16 19:30:00",6040,0.458,0.552,0.526,0.644,0.467,0.589
"2018-09-16 20:00:00",6041,0.475,0.564,0.54,0.651,0.481,0.609
"2018-09-16 20:30:00",6042,0.49,0.573,0.549,0.655,0.491,0.628
"2018-09-16 21:00:00",6043,0.487,0.571,0.55,0.658,0.496,0.629
"2018-09-16 21:30:00",6044,0.493,0.575,0.555,0.658,0.5,0.634
"2018-09-16 22:00:00",6045,0.495,0.577,0.559,0.66,0.502,0.639
"2018-09-16 22:30:00",6046,0.494,0.577,0.559,0.661,0.504,0.637
"2018-09-16 23:00:00",6047,0.496,0.578,0.559,0.661,0.504,0.637
"2018-09-16 23:30:00",6048,0.495,0.577,0.559,0.661,0.504,0.637
"2018-09-17 00:00:00",6049,0.503,0.58,0.563,0.662,0.507,0.644
"2018-09-17 00:30:00",6050,0.509,0.582,0.564,0.663,0.509,0.649
"2018-09-17 01:00:00",6051,0.512,0.582,0.563,0.664,0.51,0.652
"2018-09-17 01:30:00",6052,0.519,0.584,0.566,0.663,0.509,0.657
"2018-09-17 02:00:00",6053,0.521,0.584,0.565,0.664,0.511,0.66
"2018-09-17 02:30:00",6054,0.518,0.584,0.56,0.662,0.509,0.659
"2018-09-17 03:00:00",6055,0.515,0.581,0.557,0.656,0.506,0.656
"2018-09-17 03:30:00",6056,0.513,0.579,0.557,0.653,0.504,0.654
"2018-09-17 04:00:00",6057,0.512,0.578,0.559,0.653,0.502,0.655
"2018-09-17 04:30:00",6058,0.513,0.579,0.562,0.655,0.503,0.658
"2018-09-17 05:00:00",6059,0.514,0.58,0.561,0.655,0.503,0.658
"2018-09-17 05:30:00",6060,0.512,0.578,0.559,0.653,0.502,0.657
"2018-09-17 06:00:00",6061,0.513,0.578,0.562,0.654,0.502,0.657
"2018-09-17 06:30:00",6062,0.513,0.579,0.564,0.654,0.502,0.658
"2018-09-17 07:00:00",6063,0.512,0.579,0.562,0.654,0.502,0.657
"2018-09-17 07:30:00",6064,0.51,0.579,0.564,0.655,0.502,0.657
"2018-09-17 08:00:00",6065,0.504,0.578,0.564,0.655,0.5,0.65
"2018-09-17 08:30:00",6066,0.497,0.578,0.565,0.657,0.5,0.642
"2018-09-17 09:00:00",6067,0.484,0.577,0.563,0.656,0.497,0.629
"2018-09-17 09:30:00",6068,0.465,0.575,0.558,0.655,0.49,0.607
"2018-09-17 10:00:00",6069,0.451,0.571,0.552,0.652,0.481,0.592
"2018-09-17 10:30:00",6070,0.44,0.569,0.546,0.65,0.475,0.58
"2018-09-17 11:00:00",6071,0.432,0.565,0.538,0.647,0.468,0.572
"2018-09-17 11:30:00",6072,0.431,0.562,0.532,0.644,0.464,0.571
"2018-09-17 12:00:00",6073,0.422,0.558,0.525,0.639,0.455,0.561
"2018-09-17 12:30:00",6074,0.419,0.553,0.516,0.633,0.445,0.558
"2018-09-17 13:00:00",6075,0.439,0.553,0.521,0.636,0.45,0.585
"2018-09-17 13:30:00",6076,0.433,0.551,0.517,0.633,0.45,0.58
"2018-09-17 14:00:00",6077,0.456,0.558,0.529,0.641,0.459,0.609
"2018-09-17 14:30:00",6078,0.471,0.563,0.542,0.646,0.47,0.626
"2018-09-17 15:00:00",6079,0.469,0.563,0.542,0.646,0.471,0.626
"2018-09-17 15:30:00",6080,0.479,0.566,0.546,0.649,0.476,0.635
"2018-09-17 16:00:00",6081,0.488,0.567,0.552,0.651,0.479,0.643
"2018-09-17 16:30:00",6082,0.497,0.569,0.556,0.652,0.482,0.649
"2018-09-17 17:00:00",6083,0.501,0.57,0.559,0.653,0.485,0.651
"2018-09-17 17:30:00",6084,0.506,0.571,0.561,0.654,0.487,0.655
"2018-09-17 18:00:00",6085,0.509,0.571,0.563,0.656,0.49,0.657
"2018-09-17 18:30:00",6086,0.511,0.572,0.563,0.655,0.49,0.658
"2018-09-17 19:00:00",6087,0.512,0.572,0.563,0.655,0.491,0.659
"2018-09-17 19:30:00",6088,0.51,0.571,0.562,0.653,0.49,0.657
"2018-09-17 20:00:00",6089,0.507,0.57,0.56,0.651,0.486,0.654
"2018-09-17 20:30:00",6090,0.506,0.57,0.558,0.648,0.486,0.652
"2018-09-17 21:00:00",6091,0.504,0.569,0.557,0.647,0.484,0.65
"2018-09-17 21:30:00",6092,0.506,0.57,0.558,0.647,0.484,0.651
"2018-09-17 22:00:00",6093,0.506,0.569,0.559,0.647,0.484,0.652
"2018-09-17 22:30:00",6094,0.508,0.57,0.56,0.647,0.486,0.654
"2018-09-17 23:00:00",6095,0.51,0.572,0.562,0.649,0.488,0.656
"2018-09-17 23:30:00",6096,0.51,0.572,0.563,0.652,0.488,0.656
"2018-09-18 00:00:00",6097,0.509,0.574,0.564,0.654,0.489,0.655
"2018-09-18 00:30:00",6098,0.507,0.575,0.563,0.653,0.49,0.654
"2018-09-18 01:00:00",6099,0.506,0.576,0.563,0.654,0.49,0.653
"2018-09-18 01:30:00",6100,0.504,0.576,0.562,0.653,0.488,0.651
"2018-09-18 02:00:00",6101,0.503,0.576,0.562,0.654,0.489,0.65
"2018-09-18 02:30:00",6102,0.502,0.577,0.562,0.655,0.49,0.649
"2018-09-18 03:00:00",6103,0.506,0.584,0.564,0.657,0.49,0.655
"2018-09-18 03:30:00",6104,0.515,0.612,0.569,0.658,0.494,0.663
"2018-09-18 04:00:00",6105,0.52,0.593,0.57,0.66,0.495,0.666
"2018-09-18 04:30:00",6106,0.523,0.584,0.57,0.66,0.495,0.667
"2018-09-18 05:00:00",6107,0.525,0.583,0.57,0.661,0.496,0.668
"2018-09-18 05:30:00",6108,0.526,0.582,0.57,0.662,0.496,0.668
"2018-09-18 06:00:00",6109,0.526,0.581,0.569,0.661,0.495,0.668
"2018-09-18 06:30:00",6110,0.526,0.581,0.567,0.661,0.495,0.668
"2018-09-18 07:00:00",6111,0.526,0.581,0.568,0.661,0.495,0.668
"2018-09-18 07:30:00",6112,0.527,0.58,0.568,0.661,0.495,0.668
"2018-09-18 08:00:00",6113,0.525,0.579,0.567,0.661,0.495,0.667
"2018-09-18 08:30:00",6114,0.523,0.58,0.567,0.66,0.495,0.666
"2018-09-18 09:00:00",6115,0.511,0.581,0.565,0.659,0.493,0.659
"2018-09-18 09:30:00",6116,0.506,0.581,0.564,0.659,0.493,0.656
"2018-09-18 10:00:00",6117,0.486,0.58,0.56,0.657,0.49,0.642
"2018-09-18 10:30:00",6118,0.451,0.577,0.549,0.654,0.483,0.613
"2018-09-18 11:00:00",6119,0.397,0.566,0.523,0.645,0.464,0.559
"2018-09-18 11:30:00",6120,0.38,0.553,0.502,0.636,0.443,0.531
"2018-09-18 12:00:00",6121,0.38,0.547,0.491,0.629,0.43,0.529
"2018-09-18 12:30:00",6122,0.38,0.543,0.486,0.624,0.425,0.528
"2018-09-18 13:00:00",6123,0.367,0.532,0.477,0.616,0.408,0.52
"2018-09-18 13:30:00",6124,0.374,0.529,0.478,0.61,0.406,0.518
"2018-09-18 14:00:00",6125,0.375,0.525,0.478,0.609,0.405,0.519
"2018-09-18 14:30:00",6126,0.402,0.534,0.49,0.617,0.416,0.544
"2018-09-18 15:00:00",6127,0.444,0.547,0.513,0.634,0.44,0.597
"2018-09-18 15:30:00",6128,0.477,0.554,0.54,0.65,0.452,0.636
"2018-09-18 16:00:00",6129,0.496,0.557,0.553,0.656,0.459,0.651
"2018-09-18 16:30:00",6130,0.506,0.56,0.557,0.657,0.462,0.656
"2018-09-18 17:00:00",6131,0.509,0.563,0.561,0.66,0.464,0.659
"2018-09-18 17:30:00",6132,0.51,0.567,0.561,0.659,0.467,0.66
"2018-09-18 18:00:00",6133,0.503,0.569,0.56,0.661,0.468,0.654
"2018-09-18 18:30:00",6134,0.498,0.569,0.556,0.66,0.466,0.647
"2018-09-18 19:00:00",6135,0.503,0.571,0.557,0.66,0.468,0.647
"2018-09-18 19:30:00",6136,0.509,0.572,0.559,0.657,0.471,0.65
"2018-09-18 20:00:00",6137,0.511,0.573,0.559,0.656,0.474,0.651
"2018-09-18 20:30:00",6138,0.509,0.574,0.557,0.656,0.476,0.648
"2018-09-18 21:00:00",6139,0.509,0.574,0.558,0.656,0.477,0.648
"2018-09-18 21:30:00",6140,0.508,0.575,0.556,0.655,0.478,0.645
"2018-09-18 22:00:00",6141,0.508,0.575,0.555,0.654,0.478,0.642
"2018-09-18 22:30:00",6142,0.508,0.576,0.553,0.653,0.479,0.642
"2018-09-18 23:00:00",6143,0.507,0.577,0.556,0.655,0.482,0.642
"2018-09-18 23:30:00",6144,0.506,0.578,0.556,0.655,0.483,0.64
"2018-09-19 00:00:00",6145,0.506,0.579,0.557,0.656,0.486,0.641
"2018-09-19 00:30:00",6146,0.506,0.58,0.557,0.655,0.487,0.643
"2018-09-19 01:00:00",6147,0.507,0.58,0.556,0.655,0.487,0.645
"2018-09-19 01:30:00",6148,0.506,0.581,0.556,0.655,0.488,0.646
"2018-09-19 02:00:00",6149,0.506,0.582,0.557,0.655,0.489,0.648
"2018-09-19 02:30:00",6150,0.507,0.582,0.557,0.655,0.489,0.648
"2018-09-19 03:00:00",6151,0.508,0.584,0.558,0.656,0.491,0.65
"2018-09-19 03:30:00",6152,0.508,0.584,0.557,0.655,0.49,0.651
"2018-09-19 04:00:00",6153,0.509,0.584,0.558,0.655,0.49,0.653
"2018-09-19 04:30:00",6154,0.509,0.584,0.556,0.655,0.49,0.654
"2018-09-19 05:00:00",6155,0.51,0.584,0.556,0.654,0.489,0.654
"2018-09-19 05:30:00",6156,0.513,0.584,0.558,0.654,0.491,0.656
"2018-09-19 06:00:00",6157,0.515,0.584,0.558,0.654,0.491,0.658
"2018-09-19 06:30:00",6158,0.516,0.585,0.557,0.653,0.49,0.66
"2018-09-19 07:00:00",6159,0.518,0.585,0.558,0.654,0.491,0.661
"2018-09-19 07:30:00",6160,0.518,0.586,0.558,0.654,0.491,0.66
"2018-09-19 08:00:00",6161,0.507,0.586,0.556,0.653,0.49,0.645
"2018-09-19 08:30:00",6162,0.473,0.585,0.553,0.657,0.492,0.602
"2018-09-19 09:00:00",6163,0.421,0.58,0.543,0.656,0.485,0.558
"2018-09-19 09:30:00",6164,0.383,0.57,0.526,0.648,0.466,0.534
"2018-09-19 10:00:00",6165,0.364,0.554,0.501,0.633,0.437,0.517
"2018-09-19 10:30:00",6166,0.358,0.539,0.486,0.618,0.412,0.508
"2018-09-19 11:00:00",6167,0.355,0.527,0.478,0.611,0.398,0.502
"2018-09-19 11:30:00",6168,0.353,0.516,0.464,0.598,0.386,0.497
"2018-09-19 12:00:00",6169,0.349,0.507,0.459,0.591,0.378,0.491
"2018-09-19 12:30:00",6170,0.351,0.503,0.455,0.59,0.38,0.491
"2018-09-19 13:00:00",6171,0.346,0.492,0.449,0.578,0.372,0.482
"2018-09-19 13:30:00",6172,0.347,0.489,0.45,0.58,0.375,0.483
"2018-09-19 14:00:00",6173,0.347,0.488,0.452,0.581,0.376,0.483
"2018-09-19 14:30:00",6174,0.349,0.489,0.455,0.586,0.378,0.485
"2018-09-19 15:00:00",6175,0.355,0.485,0.45,0.584,0.375,0.483
"2018-09-19 15:30:00",6176,0.367,0.484,0.456,0.586,0.38,0.484
"2018-09-19 16:00:00",6177,0.38,0.49,0.464,0.594,0.389,0.493
"2018-09-19 16:30:00",6178,0.388,0.495,0.47,0.599,0.396,0.503
"2018-09-19 17:00:00",6179,0.395,0.5,0.475,0.606,0.409,0.511
"2018-09-19 17:30:00",6180,0.408,0.51,0.485,0.616,0.426,0.526
"2018-09-19 18:00:00",6181,0.421,0.52,0.498,0.625,0.439,0.538
"2018-09-19 18:30:00",6182,0.446,0.538,0.514,0.638,0.459,0.571
"2018-09-19 19:00:00",6183,0.474,0.556,0.53,0.648,0.474,0.606
"2018-09-19 19:30:00",6184,0.496,0.569,0.543,0.655,0.487,0.632
"2018-09-19 20:00:00",6185,0.514,0.577,0.552,0.658,0.497,0.649
"2018-09-19 20:30:00",6186,0.525,0.582,0.556,0.659,0.503,0.66
"2018-09-19 21:00:00",6187,0.532,0.583,0.561,0.662,0.507,0.666
"2018-09-19 21:30:00",6188,0.537,0.585,0.562,0.663,0.511,0.67
"2018-09-19 22:00:00",6189,0.541,0.586,0.564,0.664,0.514,0.671
"2018-09-19 22:30:00",6190,0.544,0.587,0.564,0.665,0.516,0.674
"2018-09-19 23:00:00",6191,0.546,0.588,0.564,0.665,0.515,0.675
"2018-09-19 23:30:00",6192,0.547,0.588,0.565,0.665,0.516,0.676
"2018-09-20 00:00:00",6193,0.547,0.589,0.563,0.663,0.516,0.676
"2018-09-20 00:30:00",6194,0.547,0.59,0.562,0.663,0.516,0.677
"2018-09-20 01:00:00",6195,0.548,0.59,0.565,0.664,0.517,0.676
"2018-09-20 01:30:00",6196,0.547,0.59,0.563,0.664,0.516,0.677
"2018-09-20 02:00:00",6197,0.548,0.59,0.565,0.664,0.515,0.676
"2018-09-20 02:30:00",6198,0.548,0.593,0.565,0.664,0.515,0.676
"2018-09-20 03:00:00",6199,0.547,0.599,0.563,0.663,0.513,0.676
"2018-09-20 03:30:00",6200,0.546,0.592,0.562,0.662,0.511,0.676
"2018-09-20 04:00:00",6201,0.546,0.587,0.565,0.664,0.512,0.676
"2018-09-20 04:30:00",6202,0.547,0.587,0.564,0.662,0.51,0.675
"2018-09-20 05:00:00",6203,0.547,0.586,0.565,0.662,0.511,0.675
"2018-09-20 05:30:00",6204,0.547,0.585,0.567,0.663,0.51,0.674
"2018-09-20 06:00:00",6205,0.547,0.586,0.567,0.662,0.509,0.672
"2018-09-20 06:30:00",6206,0.545,0.586,0.565,0.662,0.509,0.672
"2018-09-20 07:00:00",6207,0.544,0.585,0.566,0.661,0.508,0.67
"2018-09-20 07:30:00",6208,0.543,0.586,0.568,0.661,0.507,0.669
"2018-09-20 08:00:00",6209,0.541,0.586,0.568,0.659,0.505,0.668
"2018-09-20 08:30:00",6210,0.523,0.582,0.566,0.658,0.504,0.652
"2018-09-20 09:00:00",6211,0.495,0.575,0.557,0.652,0.499,0.619
"2018-09-20 09:30:00",6212,0.47,0.576,0.554,0.653,0.494,0.596
"2018-09-20 10:00:00",6213,0.445,0.572,0.545,0.651,0.484,0.573
"2018-09-20 10:30:00",6214,0.441,0.572,0.545,0.652,0.48,0.575
"2018-09-20 11:00:00",6215,0.434,0.566,0.536,0.649,0.471,0.565
"2018-09-20 11:30:00",6216,0.444,0.566,0.537,0.65,0.47,0.579
"2018-09-20 12:00:00",6217,0.42,0.558,0.522,0.642,0.456,0.556
"2018-09-20 12:30:00",6218,0.398,0.55,0.506,0.634,0.44,0.537
"2018-09-20 13:00:00",6219,0.38,0.538,0.492,0.628,0.422,0.525
"2018-09-20 13:30:00",6220,0.376,0.529,0.486,0.622,0.413,0.519
"2018-09-20 14:00:00",6221,0.379,0.525,0.485,0.618,0.412,0.518
"2018-09-20 14:30:00",6222,0.386,0.527,0.489,0.621,0.415,0.527
"2018-09-20 15:00:00",6223,0.386,0.525,0.489,0.622,0.416,0.524
"2018-09-20 15:30:00",6224,0.396,0.526,0.492,0.624,0.416,0.525
"2018-09-20 16:00:00",6225,0.406,0.527,0.496,0.627,0.418,0.528
"2018-09-20 16:30:00",6226,0.417,0.532,0.504,0.632,0.426,0.542
"2018-09-20 17:00:00",6227,0.43,0.539,0.517,0.639,0.439,0.56
"2018-09-20 17:30:00",6228,0.443,0.545,0.527,0.645,0.449,0.575
"2018-09-20 18:00:00",6229,0.454,0.551,0.535,0.65,0.459,0.586
"2018-09-20 18:30:00",6230,0.467,0.558,0.543,0.654,0.469,0.601
"2018-09-20 19:00:00",6231,0.481,0.562,0.549,0.658,0.48,0.616
"2018-09-20 19:30:00",6232,0.491,0.565,0.552,0.659,0.486,0.627
"2018-09-20 20:00:00",6233,0.499,0.568,0.555,0.661,0.493,0.633
"2018-09-20 20:30:00",6234,0.499,0.57,0.555,0.661,0.495,0.631
"2018-09-20 21:00:00",6235,0.498,0.572,0.556,0.66,0.498,0.628
"2018-09-20 21:30:00",6236,0.497,0.572,0.556,0.66,0.499,0.627
"2018-09-20 22:00:00",6237,0.497,0.572,0.556,0.661,0.501,0.627
"2018-09-20 22:30:00",6238,0.497,0.572,0.555,0.661,0.501,0.629
"2018-09-20 23:00:00",6239,0.5,0.573,0.557,0.661,0.502,0.633
"2018-09-20 23:30:00",6240,0.501,0.573,0.555,0.662,0.503,0.635
"2018-09-21 00:00:00",6241,0.504,0.573,0.558,0.663,0.506,0.638
"2018-09-21 00:30:00",6242,0.507,0.573,0.56,0.664,0.507,0.642
"2018-09-21 01:00:00",6243,0.51,0.574,0.561,0.665,0.509,0.646
"2018-09-21 01:30:00",6244,0.511,0.576,0.561,0.663,0.511,0.646
"2018-09-21 02:00:00",6245,0.512,0.576,0.562,0.664,0.512,0.647
"2018-09-21 02:30:00",6246,0.513,0.575,0.563,0.664,0.51,0.647
"2018-09-21 03:00:00",6247,0.514,0.576,0.565,0.663,0.51,0.647
"2018-09-21 03:30:00",6248,0.516,0.576,0.564,0.662,0.508,0.646
"2018-09-21 04:00:00",6249,0.517,0.578,0.565,0.661,0.509,0.647
"2018-09-21 04:30:00",6250,0.52,0.581,0.567,0.662,0.511,0.649
"2018-09-21 05:00:00",6251,0.523,0.581,0.568,0.663,0.512,0.651
"2018-09-21 05:30:00",6252,0.526,0.581,0.568,0.663,0.511,0.655
"2018-09-21 06:00:00",6253,0.529,0.582,0.568,0.664,0.512,0.66
"2018-09-21 06:30:00",6254,0.532,0.583,0.569,0.664,0.513,0.664
"2018-09-21 07:00:00",6255,0.534,0.583,0.569,0.665,0.512,0.666
"2018-09-21 07:30:00",6256,0.536,0.584,0.569,0.665,0.512,0.666
"2018-09-21 08:00:00",6257,0.537,0.583,0.57,0.666,0.512,0.667
"2018-09-21 08:30:00",6258,0.534,0.583,0.569,0.666,0.51,0.664
"2018-09-21 09:00:00",6259,0.517,0.583,0.565,0.664,0.506,0.646
"2018-09-21 09:30:00",6260,0.477,0.576,0.555,0.659,0.495,0.61
"2018-09-21 10:00:00",6261,0.458,0.571,0.546,0.654,0.482,0.589
"2018-09-21 10:30:00",6262,0.461,0.571,0.544,0.653,0.478,0.592
"2018-09-21 11:00:00",6263,0.48,0.571,0.547,0.655,0.482,0.618
"2018-09-21 11:30:00",6264,0.502,0.574,0.556,0.661,0.494,0.646
"2018-09-21 12:00:00",6265,0.518,0.575,0.562,0.663,0.5,0.659
"2018-09-21 12:30:00",6266,0.527,0.578,0.564,0.662,0.502,0.662
"2018-09-21 13:00:00",6267,0.527,0.579,0.565,0.662,0.503,0.663
"2018-09-21 13:30:00",6268,0.517,0.58,0.564,0.661,0.501,0.656
"2018-09-21 14:00:00",6269,0.503,0.581,0.561,0.659,0.499,0.646
"2018-09-21 14:30:00",6270,0.477,0.576,0.552,0.656,0.491,0.623
"2018-09-21 15:00:00",6271,0.464,0.573,0.548,0.655,0.486,0.61
"2018-09-21 15:30:00",6272,0.454,0.572,0.543,0.654,0.483,0.595
"2018-09-21 16:00:00",6273,0.442,0.569,0.537,0.652,0.48,0.578
"2018-09-21 16:30:00",6274,0.44,0.565,0.532,0.65,0.473,0.571
"2018-09-21 17:00:00",6275,0.448,0.567,0.535,0.652,0.474,0.578
"2018-09-21 17:30:00",6276,0.462,0.569,0.54,0.654,0.477,0.591
"2018-09-21 18:00:00",6277,0.469,0.569,0.544,0.656,0.48,0.598
"2018-09-21 18:30:00",6278,0.476,0.567,0.547,0.657,0.481,0.606
"2018-09-21 19:00:00",6279,0.493,0.571,0.553,0.659,0.487,0.621
"2018-09-21 19:30:00",6280,0.509,0.575,0.558,0.66,0.493,0.635
"2018-09-21 20:00:00",6281,0.513,0.574,0.558,0.66,0.494,0.639
"2018-09-21 20:30:00",6282,0.516,0.575,0.558,0.659,0.496,0.64
"2018-09-21 21:00:00",6283,0.52,0.577,0.559,0.66,0.497,0.643
"2018-09-21 21:30:00",6284,0.526,0.578,0.563,0.661,0.5,0.649
"2018-09-21 22:00:00",6285,0.532,0.58,0.565,0.662,0.503,0.655
"2018-09-21 22:30:00",6286,0.536,0.58,0.565,0.663,0.503,0.658
"2018-09-21 23:00:00",6287,0.539,0.581,0.565,0.664,0.504,0.661
"2018-09-21 23:30:00",6288,0.541,0.582,0.564,0.664,0.504,0.663
"2018-09-22 00:00:00",6289,0.54,0.581,0.563,0.664,0.503,0.663
"2018-09-22 00:30:00",6290,0.54,0.581,0.563,0.664,0.502,0.662
"2018-09-22 01:00:00",6291,0.539,0.581,0.561,0.663,0.501,0.661
"2018-09-22 01:30:00",6292,0.537,0.581,0.56,0.662,0.499,0.659
"2018-09-22 02:00:00",6293,0.535,0.581,0.559,0.661,0.496,0.657
"2018-09-22 02:30:00",6294,0.534,0.581,0.559,0.661,0.496,0.656
"2018-09-22 03:00:00",6295,0.533,0.581,0.559,0.661,0.497,0.655
"2018-09-22 03:30:00",6296,0.533,0.581,0.56,0.662,0.497,0.655
"2018-09-22 04:00:00",6297,0.534,0.582,0.561,0.663,0.498,0.655
"2018-09-22 04:30:00",6298,0.536,0.582,0.561,0.662,0.499,0.655
"2018-09-22 05:00:00",6299,0.537,0.582,0.561,0.662,0.5,0.656
"2018-09-22 05:30:00",6300,0.535,0.581,0.563,0.663,0.5,0.656
"2018-09-22 06:00:00",6301,0.534,0.582,0.561,0.663,0.5,0.655
"2018-09-22 06:30:00",6302,0.535,0.582,0.563,0.663,0.5,0.655
"2018-09-22 07:00:00",6303,0.535,0.581,0.562,0.662,0.499,0.655
"2018-09-22 07:30:00",6304,0.534,0.581,0.557,0.66,0.498,0.656
"2018-09-22 08:00:00",6305,0.534,0.58,0.56,0.66,0.497,0.655
"2018-09-22 08:30:00",6306,0.532,0.582,0.559,0.66,0.498,0.654
"2018-09-22 09:00:00",6307,0.526,0.582,0.555,0.659,0.497,0.65
"2018-09-22 09:30:00",6308,0.515,0.581,0.554,0.659,0.496,0.637
"2018-09-22 10:00:00",6309,0.47,0.573,0.54,0.653,0.479,0.594
"2018-09-22 10:30:00",6310,0.414,0.555,0.506,0.636,0.439,0.535
"2018-09-22 11:00:00",6311,0.388,0.542,0.486,0.624,0.414,0.514
"2018-09-22 11:30:00",6312,0.365,0.522,0.459,0.6,0.39,0.489
"2018-09-22 12:00:00",6313,0.365,0.504,0.448,0.582,0.378,0.483
"2018-09-22 12:30:00",6314,0.366,0.497,0.443,0.575,0.374,0.484
"2018-09-22 13:00:00",6315,0.379,0.501,0.448,0.583,0.387,0.5
"2018-09-22 13:30:00",6316,0.386,0.503,0.451,0.588,0.391,0.507
"2018-09-22 14:00:00",6317,0.382,0.502,0.448,0.587,0.387,0.505
"2018-09-22 14:30:00",6318,0.376,0.5,0.445,0.584,0.384,0.498
"2018-09-22 15:00:00",6319,0.376,0.5,0.45,0.588,0.384,0.5
"2018-09-22 15:30:00",6320,0.384,0.501,0.456,0.594,0.391,0.501
"2018-09-22 16:00:00",6321,0.384,0.499,0.453,0.593,0.388,0.5
"2018-09-22 16:30:00",6322,0.385,0.498,0.455,0.594,0.387,0.502
"2018-09-22 17:00:00",6323,0.4,0.508,0.47,0.608,0.401,0.518
"2018-09-22 17:30:00",6324,0.417,0.517,0.483,0.621,0.414,0.534
"2018-09-22 18:00:00",6325,0.434,0.526,0.491,0.629,0.428,0.551
"2018-09-22 18:30:00",6326,0.454,0.537,0.5,0.633,0.447,0.573
"2018-09-22 19:00:00",6327,0.47,0.547,0.511,0.638,0.46,0.593
"2018-09-22 19:30:00",6328,0.48,0.555,0.516,0.642,0.474,0.606
"2018-09-22 20:00:00",6329,0.484,0.561,0.52,0.645,0.482,0.611
"2018-09-22 20:30:00",6330,0.488,0.563,0.52,0.645,0.486,0.612
"2018-09-22 21:00:00",6331,0.492,0.566,0.526,0.649,0.49,0.616
"2018-09-22 21:30:00",6332,0.496,0.568,0.528,0.652,0.495,0.619
"2018-09-22 22:00:00",6333,0.5,0.571,0.532,0.656,0.501,0.622
"2018-09-22 22:30:00",6334,0.5,0.571,0.53,0.655,0.5,0.625
"2018-09-22 23:00:00",6335,0.502,0.572,0.532,0.656,0.504,0.624
"2018-09-22 23:30:00",6336,0.505,0.575,0.538,0.66,0.507,0.625
"2018-09-23 00:00:00",6337,0.513,0.577,0.542,0.662,0.512,0.629
"2018-09-23 00:30:00",6338,0.515,0.579,0.544,0.665,0.515,0.633
"2018-09-23 01:00:00",6339,0.514,0.58,0.544,0.667,0.516,0.633
"2018-09-23 01:30:00",6340,0.516,0.58,0.546,0.665,0.515,0.632
"2018-09-23 02:00:00",6341,0.522,0.582,0.545,0.666,0.518,0.64
"2018-09-23 02:30:00",6342,0.529,0.584,0.545,0.665,0.518,0.647
"2018-09-23 03:00:00",6343,0.535,0.585,0.546,0.666,0.519,0.653
"2018-09-23 03:30:00",6344,0.539,0.586,0.546,0.665,0.518,0.657
"2018-09-23 04:00:00",6345,0.536,0.58,0.544,0.665,0.501,0.657
"2018-09-23 04:30:00",6346,0.541,0.573,0.549,0.664,0.505,0.656
"2018-09-23 05:00:00",6347,0.541,0.567,0.548,0.665,0.506,0.656
"2018-09-23 05:30:00",6348,0.54,0.558,0.547,0.663,0.504,0.655
"2018-09-23 06:00:00",6349,0.537,0.55,0.541,0.655,0.498,0.653
"2018-09-23 06:30:00",6350,0.536,0.546,0.538,0.65,0.494,0.651
"2018-09-23 07:00:00",6351,0.534,0.543,0.537,0.637,0.491,0.65
"2018-09-23 07:30:00",6352,0.533,0.542,0.537,0.607,0.487,0.647
"2018-09-23 08:00:00",6353,0.535,0.548,0.538,0.616,0.494,0.647
"2018-09-23 08:30:00",6354,0.531,0.546,0.536,0.614,0.489,0.644
"2018-09-23 09:00:00",6355,0.531,0.547,0.539,0.591,0.492,0.641
"2018-09-23 09:30:00",6356,0.533,0.549,0.538,0.577,0.488,0.641
"2018-09-23 10:00:00",6357,0.528,0.542,0.523,0.536,0.475,0.638
"2018-09-23 10:30:00",6358,0.529,0.542,0.508,0.536,0.473,0.638
"2018-09-23 11:00:00",6359,0.52,0.538,0.495,0.531,0.472,0.636
"2018-09-23 11:30:00",6360,0.516,0.536,0.491,0.529,0.468,0.633
"2018-09-23 12:00:00",6361,0.506,0.532,0.485,0.526,0.462,0.628
"2018-09-23 12:30:00",6362,0.495,0.531,0.486,0.543,0.461,0.626
"2018-09-23 13:00:00",6363,0.484,0.533,0.486,0.541,0.463,0.628
"2018-09-23 13:30:00",6364,0.481,0.53,0.474,0.528,0.459,0.629
"2018-09-23 14:00:00",6365,0.472,0.53,0.468,0.526,0.457,0.626
"2018-09-23 14:30:00",6366,0.463,0.527,0.465,0.528,0.457,0.624
"2018-09-23 15:00:00",6367,0.46,0.526,0.468,0.543,0.458,0.624
"2018-09-23 15:30:00",6368,0.461,0.527,0.473,0.556,0.461,0.624
"2018-09-23 16:00:00",6369,0.462,0.529,0.477,0.571,0.465,0.625
"2018-09-23 16:30:00",6370,0.46,0.528,0.476,0.562,0.465,0.624
"2018-09-23 17:00:00",6371,0.46,0.527,0.474,0.559,0.462,0.625
"2018-09-23 17:30:00",6372,0.459,0.527,0.474,0.572,0.464,0.624
"2018-09-23 18:00:00",6373,0.461,0.529,0.474,0.582,0.463,0.625
"2018-09-23 18:30:00",6374,0.467,0.531,0.479,0.585,0.461,0.63
"2018-09-23 19:00:00",6375,0.468,0.528,0.477,0.572,0.464,0.632
"2018-09-23 19:30:00",6376,0.462,0.519,0.47,0.534,0.462,0.628
"2018-09-23 20:00:00",6377,0.46,0.517,0.465,0.527,0.461,0.625
"2018-09-23 20:30:00",6378,0.461,0.514,0.464,0.525,0.454,0.626
"2018-09-23 21:00:00",6379,0.46,0.513,0.459,0.522,0.451,0.626
"2018-09-23 21:30:00",6380,0.457,0.516,0.466,0.526,0.449,0.625
"2018-09-23 22:00:00",6381,0.453,0.514,0.46,0.51,0.449,0.623
"2018-09-23 22:30:00",6382,0.452,0.515,0.464,0.491,0.45,0.622
"2018-09-23 23:00:00",6383,0.45,0.515,0.462,0.489,0.448,0.622
"2018-09-23 23:30:00",6384,0.453,0.516,0.463,0.495,0.449,0.623
"2018-09-24 00:00:00",6385,0.451,0.517,0.465,0.497,0.453,0.622
"2018-09-24 00:30:00",6386,0.449,0.516,0.462,0.501,0.45,0.62
"2018-09-24 01:00:00",6387,0.447,0.516,0.461,0.499,0.454,0.617
"2018-09-24 01:30:00",6388,0.447,0.517,0.463,0.502,0.452,0.617
"2018-09-24 02:00:00",6389,0.448,0.518,0.461,0.493,0.45,0.617
"2018-09-24 02:30:00",6390,0.45,0.518,0.461,0.495,0.445,0.619
"2018-09-24 03:00:00",6391,0.449,0.518,0.462,0.495,0.447,0.619
"2018-09-24 03:30:00",6392,0.444,0.516,0.461,0.495,0.447,0.615
"2018-09-24 04:00:00",6393,0.442,0.515,0.458,0.496,0.448,0.613
"2018-09-24 04:30:00",6394,0.439,0.515,0.459,0.498,0.447,0.614
"2018-09-24 05:00:00",6395,0.438,0.515,0.457,0.506,0.443,0.612
"2018-09-24 05:30:00",6396,0.437,0.515,0.452,0.499,0.44,0.611
"2018-09-24 06:00:00",6397,0.436,0.514,0.448,0.498,0.44,0.611
"2018-09-24 06:30:00",6398,0.435,0.513,0.453,0.501,0.436,0.61
"2018-09-24 07:00:00",6399,0.435,0.514,0.452,0.498,0.434,0.61
"2018-09-24 07:30:00",6400,0.437,0.515,0.449,0.498,0.435,0.61
"2018-09-24 08:00:00",6401,0.437,0.516,0.452,0.498,0.437,0.61
"2018-09-24 08:30:00",6402,0.435,0.514,0.447,0.497,0.432,0.61
"2018-09-24 09:00:00",6403,0.434,0.513,0.44,0.495,0.429,0.61
"2018-09-24 09:30:00",6404,0.433,0.512,0.442,0.494,0.426,0.608
"2018-09-24 10:00:00",6405,0.432,0.513,0.451,0.498,0.427,0.608
"2018-09-24 10:30:00",6406,0.431,0.512,0.451,0.499,0.429,0.607
"2018-09-24 11:00:00",6407,0.431,0.513,0.455,0.515,0.429,0.608
"2018-09-24 11:30:00",6408,0.431,0.514,0.45,0.506,0.43,0.608
"2018-09-24 12:00:00",6409,0.43,0.513,0.451,0.504,0.432,0.607
"2018-09-24 12:30:00",6410,0.429,0.514,0.456,0.514,0.433,0.608
"2018-09-24 13:00:00",6411,0.428,0.514,0.455,0.534,0.428,0.606
"2018-09-24 13:30:00",6412,0.424,0.514,0.454,0.549,0.429,0.599
"2018-09-24 14:00:00",6413,0.417,0.513,0.452,0.552,0.431,0.586
"2018-09-24 14:30:00",6414,0.415,0.513,0.452,0.554,0.429,0.581
"2018-09-24 15:00:00",6415,0.421,0.514,0.454,0.558,0.43,0.59
"2018-09-24 15:30:00",6416,0.419,0.514,0.453,0.559,0.429,0.583
"2018-09-24 16:00:00",6417,0.417,0.513,0.452,0.56,0.426,0.575
"2018-09-24 16:30:00",6418,0.427,0.515,0.456,0.562,0.427,0.589
"2018-09-24 17:00:00",6419,0.441,0.518,0.46,0.554,0.433,0.603
"2018-09-24 17:30:00",6420,0.437,0.517,0.452,0.512,0.434,0.607
"2018-09-24 18:00:00",6421,0.433,0.515,0.452,0.53,0.435,0.606
"2018-09-24 18:30:00",6422,0.434,0.514,0.446,0.527,0.434,0.607
"2018-09-24 19:00:00",6423,0.429,0.511,0.432,0.508,0.432,0.61
"2018-09-24 19:30:00",6424,0.424,0.511,0.434,0.506,0.432,0.612
"2018-09-24 20:00:00",6425,0.426,0.511,0.432,0.504,0.432,0.611
"2018-09-24 20:30:00",6426,0.422,0.508,0.43,0.504,0.427,0.61
"2018-09-24 21:00:00",6427,0.427,0.51,0.447,0.517,0.425,0.608
"2018-09-24 21:30:00",6428,0.429,0.511,0.45,0.544,0.429,0.606
"2018-09-24 22:00:00",6429,0.43,0.512,0.453,0.553,0.428,0.605
"2018-09-24 22:30:00",6430,0.432,0.514,0.456,0.559,0.433,0.605
"2018-09-24 23:00:00",6431,0.431,0.514,0.455,0.559,0.43,0.603
"2018-09-24 23:30:00",6432,0.429,0.514,0.456,0.56,0.43,0.601
"2018-09-25 00:00:00",6433,0.429,0.514,0.459,0.563,0.43,0.6
"2018-09-25 00:30:00",6434,0.43,0.515,0.46,0.568,0.432,0.6
"2018-09-25 01:00:00",6435,0.431,0.517,0.461,0.569,0.434,0.6
"2018-09-25 01:30:00",6436,0.436,0.519,0.467,0.577,0.437,0.605
"2018-09-25 02:00:00",6437,0.447,0.526,0.469,0.582,0.437,0.611
"2018-09-25 02:30:00",6438,0.451,0.524,0.467,0.582,0.435,0.611
"2018-09-25 03:00:00",6439,0.466,0.528,0.463,0.58,0.434,0.612
"2018-09-25 03:30:00",6440,0.425,0.517,0.461,0.556,0.402,0.612
"2018-09-25 04:00:00",6441,0.418,0.519,0.454,0.534,0.408,0.611
"2018-09-25 04:30:00",6442,0.434,0.522,0.46,0.555,0.423,0.609
"2018-09-25 05:00:00",6443,0.43,0.546,0.46,0.551,0.422,0.607
"2018-09-25 05:30:00",6444,0.441,0.55,0.466,0.565,0.432,0.61
"2018-09-25 06:00:00",6445,0.447,0.536,0.464,0.573,0.436,0.611
"2018-09-25 06:30:00",6446,0.448,0.532,0.465,0.579,0.436,0.61
"2018-09-25 07:00:00",6447,0.45,0.531,0.47,0.583,0.44,0.612
"2018-09-25 07:30:00",6448,0.453,0.532,0.472,0.588,0.442,0.614
"2018-09-25 08:00:00",6449,0.453,0.532,0.469,0.587,0.442,0.613
"2018-09-25 08:30:00",6450,0.453,0.531,0.471,0.589,0.442,0.612
"2018-09-25 09:00:00",6451,0.452,0.53,0.47,0.589,0.441,0.61
"2018-09-25 09:30:00",6452,0.449,0.529,0.47,0.589,0.439,0.608
"2018-09-25 10:00:00",6453,0.443,0.529,0.469,0.588,0.439,0.605
"2018-09-25 10:30:00",6454,0.44,0.528,0.467,0.585,0.436,0.602
"2018-09-25 11:00:00",6455,0.431,0.525,0.465,0.582,0.433,0.592
"2018-09-25 11:30:00",6456,0.399,0.519,0.455,0.574,0.425,0.559
"2018-09-25 12:00:00",6457,0.377,0.518,0.449,0.574,0.423,0.541
"2018-09-25 12:30:00",6458,0.354,0.514,0.442,0.574,0.414,0.521
"2018-09-25 13:00:00",6459,0.333,0.505,0.437,0.571,0.397,0.505
"2018-09-25 13:30:00",6460,0.335,0.502,0.433,0.572,0.395,0.497
"2018-09-25 14:00:00",6461,0.336,0.502,0.425,0.575,0.398,0.494
"2018-09-25 14:30:00",6462,0.334,0.492,0.415,0.574,0.389,0.492
"2018-09-25 15:00:00",6463,0.346,0.491,0.418,0.578,0.392,0.504
"2018-09-25 15:30:00",6464,0.353,0.49,0.42,0.579,0.393,0.507
"2018-09-25 16:00:00",6465,0.355,0.487,0.421,0.579,0.393,0.506
"2018-09-25 16:30:00",6466,0.366,0.49,0.427,0.582,0.396,0.519
"2018-09-25 17:00:00",6467,0.392,0.503,0.441,0.59,0.407,0.546
"2018-09-25 17:30:00",6468,0.408,0.511,0.449,0.597,0.419,0.563
"2018-09-25 18:00:00",6469,0.423,0.518,0.457,0.605,0.428,0.576
"2018-09-25 18:30:00",6470,0.437,0.523,0.463,0.61,0.435,0.59
"2018-09-25 19:00:00",6471,0.451,0.527,0.468,0.613,0.44,0.603
"2018-09-25 19:30:00",6472,0.46,0.53,0.47,0.616,0.444,0.611
"2018-09-25 20:00:00",6473,0.467,0.532,0.472,0.618,0.444,0.616
"2018-09-25 20:30:00",6474,0.47,0.531,0.471,0.621,0.443,0.618
"2018-09-25 21:00:00",6475,0.471,0.53,0.47,0.623,0.445,0.619
"2018-09-25 21:30:00",6476,0.469,0.527,0.467,0.623,0.445,0.615
"2018-09-25 22:00:00",6477,0.467,0.525,0.467,0.623,0.445,0.611
"2018-09-25 22:30:00",6478,0.471,0.529,0.468,0.624,0.449,0.613
"2018-09-25 23:00:00",6479,0.477,0.533,0.471,0.626,0.452,0.615
"2018-09-25 23:30:00",6480,0.48,0.534,0.471,0.628,0.453,0.615
"2018-09-26 00:00:00",6481,0.48,0.532,0.47,0.63,0.454,0.614
"2018-09-26 00:30:00",6482,0.483,0.535,0.471,0.631,0.456,0.615
"2018-09-26 01:00:00",6483,0.485,0.537,0.472,0.632,0.458,0.615
"2018-09-26 01:30:00",6484,0.487,0.539,0.473,0.633,0.458,0.616
"2018-09-26 02:00:00",6485,0.488,0.54,0.474,0.633,0.46,0.615
"2018-09-26 02:30:00",6486,0.49,0.541,0.475,0.634,0.46,0.614
"2018-09-26 03:00:00",6487,0.491,0.542,0.476,0.636,0.458,0.614
"2018-09-26 03:30:00",6488,0.491,0.564,0.476,0.635,0.459,0.614
"2018-09-26 04:00:00",6489,0.492,0.592,0.477,0.636,0.462,0.614
"2018-09-26 04:30:00",6490,0.492,0.585,0.478,0.638,0.463,0.613
"2018-09-26 05:00:00",6491,0.493,0.562,0.48,0.639,0.465,0.613
"2018-09-26 05:30:00",6492,0.493,0.554,0.481,0.639,0.465,0.613
"2018-09-26 06:00:00",6493,0.493,0.552,0.481,0.64,0.463,0.612
"2018-09-26 06:30:00",6494,0.494,0.552,0.482,0.639,0.464,0.612
"2018-09-26 07:00:00",6495,0.494,0.552,0.482,0.639,0.464,0.611
"2018-09-26 07:30:00",6496,0.494,0.552,0.482,0.639,0.464,0.611
"2018-09-26 08:00:00",6497,0.494,0.551,0.482,0.639,0.462,0.609
"2018-09-26 08:30:00",6498,0.493,0.551,0.48,0.638,0.462,0.607
"2018-09-26 09:00:00",6499,0.489,0.552,0.479,0.637,0.462,0.602
"2018-09-26 09:30:00",6500,0.467,0.551,0.476,0.635,0.46,0.584
"2018-09-26 10:00:00",6501,0.429,0.548,0.47,0.633,0.455,0.56
"2018-09-26 10:30:00",6502,0.398,0.545,0.467,0.633,0.452,0.543
"2018-09-26 11:00:00",6503,0.37,0.537,0.458,0.629,0.443,0.518
"2018-09-26 11:30:00",6504,0.355,0.527,0.443,0.625,0.425,0.492
"2018-09-26 12:00:00",6505,0.351,0.519,0.43,0.623,0.414,0.483
"2018-09-26 12:30:00",6506,0.348,0.511,0.42,0.618,0.402,0.477
"2018-09-26 13:00:00",6507,0.346,0.5,0.416,0.614,0.392,0.473
"2018-09-26 13:30:00",6508,0.353,0.496,0.415,0.61,0.392,0.472
"2018-09-26 14:00:00",6509,0.353,0.499,0.418,0.61,0.4,0.48
"2018-09-26 14:30:00",6510,0.353,0.5,0.423,0.614,0.399,0.483
"2018-09-26 15:00:00",6511,0.362,0.501,0.423,0.615,0.402,0.484
"2018-09-26 15:30:00",6512,0.373,0.503,0.426,0.617,0.407,0.487
"2018-09-26 16:00:00",6513,0.386,0.508,0.431,0.621,0.413,0.495
"2018-09-26 16:30:00",6514,0.398,0.514,0.44,0.626,0.422,0.506
"2018-09-26 17:00:00",6515,0.408,0.519,0.447,0.631,0.43,0.516
"2018-09-26 17:30:00",6516,0.421,0.524,0.456,0.635,0.439,0.529
"2018-09-26 18:00:00",6517,0.438,0.531,0.466,0.639,0.449,0.546
"2018-09-26 18:30:00",6518,0.456,0.54,0.476,0.644,0.459,0.566
"2018-09-26 19:00:00",6519,0.468,0.546,0.48,0.645,0.466,0.578
"2018-09-26 19:30:00",6520,0.479,0.551,0.486,0.646,0.472,0.59
"2018-09-26 20:00:00",6521,0.447,0.549,0.478,0.625,0.461,0.59
"2018-09-26 20:30:00",6522,0.424,0.552,0.454,0.568,0.426,0.603
"2018-09-26 21:00:00",6523,0.438,0.546,0.45,0.585,0.439,0.609
"2018-09-26 21:30:00",6524,0.444,0.541,0.453,0.591,0.438,0.611
"2018-09-26 22:00:00",6525,0.451,0.539,0.455,0.596,0.44,0.61
"2018-09-26 22:30:00",6526,0.453,0.538,0.455,0.597,0.44,0.609
"2018-09-26 23:00:00",6527,0.454,0.535,0.455,0.589,0.438,0.607
"2018-09-26 23:30:00",6528,0.455,0.535,0.454,0.573,0.438,0.607
"2018-09-27 00:00:00",6529,0.455,0.535,0.454,0.57,0.438,0.607
"2018-09-27 00:30:00",6530,0.454,0.534,0.453,0.567,0.437,0.607
"2018-09-27 01:00:00",6531,0.455,0.533,0.453,0.566,0.437,0.605
"2018-09-27 01:30:00",6532,0.456,0.532,0.454,0.569,0.437,0.605
"2018-09-27 02:00:00",6533,0.46,0.532,0.455,0.571,0.437,0.605
"2018-09-27 02:30:00",6534,0.459,0.528,0.459,0.575,0.439,0.602
"2018-09-27 03:00:00",6535,0.462,0.528,0.458,0.576,0.438,0.603
"2018-09-27 03:30:00",6536,0.468,0.529,0.459,0.579,0.439,0.606
"2018-09-27 04:00:00",6537,0.469,0.528,0.454,0.578,0.437,0.605
"2018-09-27 04:30:00",6538,0.466,0.524,0.448,0.577,0.437,0.603
"2018-09-27 05:00:00",6539,0.467,0.532,0.454,0.584,0.44,0.601
"2018-09-27 05:30:00",6540,0.462,0.526,0.444,0.577,0.441,0.599
"2018-09-27 06:00:00",6541,0.458,0.522,0.448,0.577,0.443,0.593
"2018-09-27 06:30:00",6542,0.455,0.525,0.453,0.585,0.448,0.588
"2018-09-27 07:00:00",6543,0.448,0.524,0.451,0.583,0.447,0.58
"2018-09-27 07:30:00",6544,0.439,0.524,0.454,0.583,0.446,0.569
"2018-09-27 08:00:00",6545,0.431,0.523,0.452,0.582,0.443,0.558
"2018-09-27 08:30:00",6546,0.424,0.523,0.453,0.583,0.438,0.548
"2018-09-27 09:00:00",6547,0.421,0.521,0.451,0.584,0.436,0.547
"2018-09-27 09:30:00",6548,0.413,0.517,0.444,0.582,0.433,0.539
"2018-09-27 10:00:00",6549,0.387,0.505,0.429,0.575,0.419,0.504
"2018-09-27 10:30:00",6550,0.384,0.504,0.428,0.576,0.413,0.499
"2018-09-27 11:00:00",6551,0.385,0.504,0.425,0.577,0.413,0.5
"2018-09-27 11:30:00",6552,0.384,0.502,0.423,0.576,0.414,0.496
"2018-09-27 12:00:00",6553,0.388,0.505,0.424,0.579,0.413,0.499
"2018-09-27 12:30:00",6554,0.389,0.506,0.432,0.584,0.416,0.499
"2018-09-27 13:00:00",6555,0.394,0.51,0.432,0.589,0.42,0.505
"2018-09-27 13:30:00",6556,0.391,0.507,0.426,0.582,0.415,0.501
"2018-09-27 14:00:00",6557,0.391,0.508,0.434,0.588,0.418,0.5
"2018-09-27 14:30:00",6558,0.394,0.511,0.437,0.594,0.421,0.504
"2018-09-27 15:00:00",6559,0.39,0.51,0.427,0.587,0.419,0.498
"2018-09-27 15:30:00",6560,0.387,0.507,0.424,0.583,0.416,0.493
"2018-09-27 16:00:00",6561,0.393,0.51,0.43,0.587,0.419,0.5
"2018-09-27 16:30:00",6562,0.407,0.516,0.445,0.598,0.429,0.515
"2018-09-27 17:00:00",6563,0.422,0.523,0.448,0.601,0.441,0.535
"2018-09-27 17:30:00",6564,0.438,0.529,0.456,0.603,0.45,0.555
"2018-09-27 18:00:00",6565,0.453,0.535,0.463,0.604,0.46,0.573
"2018-09-27 18:30:00",6566,0.459,0.534,0.461,0.601,0.466,0.583
"2018-09-27 19:00:00",6567,0.469,0.536,0.464,0.601,0.471,0.589
"2018-09-27 19:30:00",6568,0.477,0.539,0.474,0.605,0.474,0.592
"2018-09-27 20:00:00",6569,0.481,0.541,0.477,0.608,0.476,0.591
"2018-09-27 20:30:00",6570,0.482,0.539,0.473,0.602,0.474,0.592
"2018-09-27 21:00:00",6571,0.48,0.537,0.469,0.596,0.472,0.59
"2018-09-27 21:30:00",6572,0.475,0.533,0.465,0.592,0.47,0.587
"2018-09-27 22:00:00",6573,0.473,0.532,0.467,0.592,0.47,0.585
"2018-09-27 22:30:00",6574,0.471,0.531,0.464,0.59,0.47,0.579
"2018-09-27 23:00:00",6575,0.471,0.531,0.466,0.591,0.47,0.577
"2018-09-27 23:30:00",6576,0.471,0.533,0.469,0.594,0.472,0.577
"2018-09-28 00:00:00",6577,0.472,0.534,0.47,0.596,0.473,0.577
"2018-09-28 00:30:00",6578,0.473,0.534,0.47,0.595,0.473,0.576
"2018-09-28 01:00:00",6579,0.474,0.535,0.473,0.597,0.475,0.578
"2018-09-28 01:30:00",6580,0.479,0.535,0.474,0.597,0.473,0.58
"2018-09-28 02:00:00",6581,0.484,0.537,0.478,0.604,0.464,0.58
"2018-09-28 02:30:00",6582,0.485,0.536,0.481,0.61,0.467,0.583
"2018-09-28 03:00:00",6583,0.486,0.55,0.479,0.586,0.458,0.583
"2018-09-28 03:30:00",6584,0.484,0.53,0.47,0.549,0.431,0.586
"2018-09-28 04:00:00",6585,0.481,0.514,0.448,0.548,0.429,0.588
"2018-09-28 04:30:00",6586,0.476,0.513,0.444,0.556,0.434,0.584
"2018-09-28 05:00:00",6587,0.468,0.514,0.445,0.566,0.434,0.584
"2018-09-28 05:30:00",6588,0.461,0.516,0.447,0.575,0.429,0.585
"2018-09-28 06:00:00",6589,0.458,0.516,0.449,0.575,0.429,0.585
"2018-09-28 06:30:00",6590,0.457,0.515,0.449,0.57,0.429,0.585
"2018-09-28 07:00:00",6591,0.454,0.515,0.447,0.563,0.428,0.584
"2018-09-28 07:30:00",6592,0.453,0.516,0.446,0.56,0.428,0.585
"2018-09-28 08:00:00",6593,0.453,0.516,0.447,0.559,0.429,0.585
"2018-09-28 08:30:00",6594,0.454,0.517,0.447,0.559,0.43,0.586
"2018-09-28 09:00:00",6595,0.454,0.518,0.449,0.559,0.43,0.584
"2018-09-28 09:30:00",6596,0.45,0.517,0.447,0.558,0.427,0.58
"2018-09-28 10:00:00",6597,0.445,0.515,0.447,0.556,0.426,0.574
"2018-09-28 10:30:00",6598,0.433,0.513,0.445,0.556,0.425,0.562
"2018-09-28 11:00:00",6599,0.407,0.508,0.438,0.552,0.417,0.539
"2018-09-28 11:30:00",6600,0.386,0.505,0.432,0.55,0.41,0.52
"2018-09-28 12:00:00",6601,0.365,0.501,0.425,0.55,0.401,0.503
"2018-09-28 12:30:00",6602,0.352,0.495,0.414,0.548,0.392,0.487
"2018-09-28 13:00:00",6603,0.336,0.484,0.401,0.546,0.376,0.466
"2018-09-28 13:30:00",6604,0.336,0.477,0.394,0.546,0.371,0.459
"2018-09-28 14:00:00",6605,0.336,0.473,0.391,0.546,0.371,0.459
"2018-09-28 14:30:00",6606,0.336,0.467,0.39,0.545,0.368,0.459
"2018-09-28 15:00:00",6607,0.344,0.467,0.394,0.549,0.371,0.461
"2018-09-28 15:30:00",6608,0.348,0.458,0.388,0.541,0.368,0.454
"2018-09-28 16:00:00",6609,0.359,0.465,0.401,0.549,0.38,0.464
"2018-09-28 16:30:00",6610,0.365,0.47,0.408,0.559,0.391,0.47
"2018-09-28 17:00:00",6611,0.375,0.478,0.416,0.568,0.401,0.479
"2018-09-28 17:30:00",6612,0.392,0.487,0.425,0.575,0.408,0.496
"2018-09-28 18:00:00",6613,0.411,0.498,0.435,0.583,0.418,0.518
"2018-09-28 18:30:00",6614,0.426,0.505,0.445,0.587,0.432,0.534
"2018-09-28 19:00:00",6615,0.442,0.511,0.452,0.588,0.44,0.552
"2018-09-28 19:30:00",6616,0.455,0.517,0.459,0.592,0.447,0.566
"2018-09-28 20:00:00",6617,0.464,0.521,0.461,0.593,0.452,0.574
"2018-09-28 20:30:00",6618,0.469,0.522,0.465,0.595,0.455,0.579
"2018-09-28 21:00:00",6619,0.473,0.524,0.465,0.598,0.457,0.581
"2018-09-28 21:30:00",6620,0.475,0.526,0.466,0.599,0.459,0.582
"2018-09-28 22:00:00",6621,0.476,0.527,0.467,0.6,0.46,0.582
"2018-09-28 22:30:00",6622,0.478,0.527,0.468,0.6,0.46,0.582
"2018-09-28 23:00:00",6623,0.479,0.526,0.47,0.6,0.46,0.582
"2018-09-28 23:30:00",6624,0.48,0.526,0.469,0.6,0.461,0.581
"2018-09-29 00:00:00",6625,0.481,0.527,0.468,0.602,0.462,0.581
"2018-09-29 00:30:00",6626,0.481,0.527,0.468,0.601,0.463,0.58
"2018-09-29 01:00:00",6627,0.482,0.528,0.468,0.603,0.463,0.58
"2018-09-29 01:30:00",6628,0.483,0.528,0.469,0.603,0.463,0.58
"2018-09-29 02:00:00",6629,0.483,0.528,0.471,0.605,0.462,0.581
"2018-09-29 02:30:00",6630,0.481,0.528,0.472,0.608,0.464,0.581
"2018-09-29 03:00:00",6631,0.482,0.529,0.472,0.607,0.464,0.581
"2018-09-29 03:30:00",6632,0.482,0.528,0.471,0.605,0.462,0.579
"2018-09-29 04:00:00",6633,0.482,0.529,0.472,0.606,0.463,0.579
"2018-09-29 04:30:00",6634,0.482,0.528,0.472,0.606,0.462,0.577
"2018-09-29 05:00:00",6635,0.481,0.527,0.471,0.605,0.46,0.575
"2018-09-29 05:30:00",6636,0.48,0.527,0.472,0.607,0.459,0.574
"2018-09-29 06:00:00",6637,0.48,0.527,0.471,0.606,0.46,0.573
"2018-09-29 06:30:00",6638,0.479,0.527,0.472,0.606,0.458,0.572
"2018-09-29 07:00:00",6639,0.478,0.525,0.472,0.608,0.457,0.57
"2018-09-29 07:30:00",6640,0.477,0.524,0.471,0.605,0.455,0.567
"2018-09-29 08:00:00",6641,0.476,0.524,0.467,0.599,0.454,0.563
"2018-09-29 08:30:00",6642,0.475,0.524,0.468,0.6,0.453,0.563
"2018-09-29 09:00:00",6643,0.472,0.525,0.467,0.6,0.453,0.559
"2018-09-29 09:30:00",6644,0.457,0.525,0.464,0.6,0.449,0.546
"2018-09-29 10:00:00",6645,0.438,0.522,0.459,0.6,0.447,0.527
"2018-09-29 10:30:00",6646,0.388,0.512,0.445,0.597,0.429,0.487
"2018-09-29 11:00:00",6647,0.341,0.497,0.427,0.587,0.4,0.454
"2018-09-29 11:30:00",6648,0.322,0.479,0.406,0.573,0.377,0.43
"2018-09-29 12:00:00",6649,0.322,0.469,0.396,0.565,0.365,0.425
"2018-09-29 12:30:00",6650,0.323,0.463,0.391,0.565,0.364,0.429
"2018-09-29 13:00:00",6651,0.323,0.453,0.388,0.561,0.358,0.427
"2018-09-29 13:30:00",6652,0.328,0.452,0.388,0.557,0.363,0.428
"2018-09-29 14:00:00",6653,0.334,0.455,0.39,0.561,0.374,0.435
"2018-09-29 14:30:00",6654,0.331,0.456,0.391,0.565,0.376,0.436
"2018-09-29 15:00:00",6655,0.337,0.455,0.394,0.559,0.378,0.435
"2018-09-29 15:30:00",6656,0.347,0.458,0.4,0.567,0.383,0.438
"2018-09-29 16:00:00",6657,0.356,0.463,0.405,0.571,0.387,0.446
"2018-09-29 16:30:00",6658,0.369,0.47,0.412,0.579,0.395,0.462
"2018-09-29 17:00:00",6659,0.381,0.474,0.419,0.586,0.402,0.473
"2018-09-29 17:30:00",6660,0.392,0.481,0.427,0.593,0.414,0.484
"2018-09-29 18:00:00",6661,0.406,0.488,0.433,0.596,0.423,0.497
"2018-09-29 18:30:00",6662,0.42,0.497,0.439,0.598,0.433,0.514
"2018-09-29 19:00:00",6663,0.439,0.508,0.448,0.6,0.445,0.537
"2018-09-29 19:30:00",6664,0.453,0.515,0.455,0.6,0.453,0.552
"2018-09-29 20:00:00",6665,0.462,0.518,0.46,0.602,0.458,0.561
"2018-09-29 20:30:00",6666,0.468,0.52,0.463,0.603,0.46,0.566
"2018-09-29 21:00:00",6667,0.471,0.52,0.464,0.604,0.462,0.568
"2018-09-29 21:30:00",6668,0.473,0.52,0.464,0.605,0.463,0.569
"2018-09-29 22:00:00",6669,0.475,0.52,0.465,0.605,0.464,0.57
"2018-09-29 22:30:00",6670,0.475,0.521,0.462,0.605,0.465,0.57
"2018-09-29 23:00:00",6671,0.475,0.521,0.462,0.603,0.467,0.568
"2018-09-29 23:30:00",6672,0.475,0.522,0.463,0.603,0.466,0.568
"2018-09-30 00:00:00",6673,0.476,0.531,0.463,0.603,0.466,0.568
"2018-09-30 00:30:00",6674,0.477,0.523,0.465,0.603,0.466,0.568
"2018-09-30 01:00:00",6675,0.478,0.521,0.464,0.603,0.468,0.568
"2018-09-30 01:30:00",6676,0.477,0.521,0.463,0.601,0.468,0.567
"2018-09-30 02:00:00",6677,0.476,0.52,0.461,0.598,0.467,0.567
"2018-09-30 02:30:00",6678,0.477,0.52,0.461,0.598,0.467,0.566
"2018-09-30 03:00:00",6679,0.477,0.518,0.462,0.599,0.466,0.566
"2018-09-30 03:30:00",6680,0.477,0.518,0.461,0.596,0.466,0.565
"2018-09-30 04:00:00",6681,0.477,0.517,0.46,0.595,0.466,0.564
"2018-09-30 04:30:00",6682,0.477,0.516,0.461,0.595,0.465,0.564
"2018-09-30 05:00:00",6683,0.476,0.515,0.46,0.594,0.465,0.564
"2018-09-30 05:30:00",6684,0.476,0.515,0.461,0.595,0.465,0.563
"2018-09-30 06:00:00",6685,0.475,0.515,0.461,0.594,0.465,0.562
"2018-09-30 06:30:00",6686,0.473,0.515,0.461,0.595,0.465,0.563
"2018-09-30 07:00:00",6687,0.471,0.515,0.46,0.594,0.464,0.56
"2018-09-30 07:30:00",6688,0.471,0.514,0.46,0.593,0.463,0.559
"2018-09-30 08:00:00",6689,0.467,0.514,0.461,0.595,0.463,0.556
"2018-09-30 08:30:00",6690,0.459,0.512,0.46,0.592,0.462,0.547
"2018-09-30 09:00:00",6691,0.452,0.511,0.459,0.592,0.459,0.537
"2018-09-30 09:30:00",6692,0.423,0.503,0.441,0.58,0.444,0.505
"2018-09-30 10:00:00",6693,0.399,0.496,0.436,0.578,0.431,0.484
"2018-09-30 10:30:00",6694,0.379,0.489,0.422,0.573,0.418,0.465
"2018-09-30 11:00:00",6695,0.358,0.477,0.406,0.565,0.403,0.445
"2018-09-30 11:30:00",6696,0.349,0.472,0.399,0.563,0.396,0.438
"2018-09-30 12:00:00",6697,0.334,0.465,0.389,0.558,0.387,0.428
"2018-09-30 12:30:00",6698,0.327,0.458,0.386,0.557,0.378,0.422
"2018-09-30 13:00:00",6699,0.326,0.45,0.385,0.554,0.372,0.422
"2018-09-30 13:30:00",6700,0.327,0.445,0.383,0.549,0.372,0.419
"2018-09-30 14:00:00",6701,0.325,0.445,0.384,0.549,0.373,0.421
"2018-09-30 14:30:00",6702,0.324,0.441,0.383,0.547,0.37,0.419
"2018-09-30 15:00:00",6703,0.33,0.441,0.387,0.552,0.375,0.42
"2018-09-30 15:30:00",6704,0.34,0.441,0.391,0.554,0.38,0.42
"2018-09-30 16:00:00",6705,0.352,0.446,0.397,0.56,0.384,0.432
"2018-09-30 16:30:00",6706,0.366,0.455,0.405,0.567,0.394,0.448
"2018-09-30 17:00:00",6707,0.373,0.461,0.412,0.573,0.402,0.457
"2018-09-30 17:30:00",6708,0.384,0.468,0.42,0.577,0.41,0.469
"2018-09-30 18:00:00",6709,0.397,0.475,0.427,0.58,0.42,0.482
"2018-09-30 18:30:00",6710,0.412,0.483,0.434,0.582,0.429,0.497
"2018-09-30 19:00:00",6711,0.429,0.492,0.444,0.585,0.441,0.518
"2018-09-30 19:30:00",6712,0.443,0.499,0.45,0.586,0.449,0.533
"2018-09-30 20:00:00",6713,0.451,0.503,0.453,0.586,0.454,0.543
"2018-09-30 20:30:00",6714,0.457,0.504,0.454,0.586,0.456,0.548
"2018-09-30 21:00:00",6715,0.461,0.505,0.456,0.587,0.459,0.551
"2018-09-30 21:30:00",6716,0.461,0.506,0.455,0.587,0.46,0.551
"2018-09-30 22:00:00",6717,0.462,0.506,0.454,0.586,0.46,0.55
"2018-09-30 22:30:00",6718,0.462,0.507,0.454,0.585,0.46,0.55
"2018-09-30 23:00:00",6719,0.464,0.507,0.454,0.584,0.46,0.55
"2018-09-30 23:30:00",6720,0.466,0.506,0.455,0.584,0.462,0.551
"2018-10-01 00:00:00",6721,0.466,0.504,0.455,0.583,0.461,0.55
"2018-10-01 00:30:00",6722,0.467,0.503,0.455,0.583,0.461,0.549
"2018-10-01 01:00:00",6723,0.467,0.501,0.456,0.585,0.461,0.549
"2018-10-01 01:30:00",6724,0.467,0.501,0.457,0.587,0.461,0.549
"2018-10-01 02:00:00",6725,0.466,0.5,0.457,0.588,0.462,0.549
"2018-10-01 02:30:00",6726,0.466,0.501,0.457,0.588,0.463,0.549
"2018-10-01 03:00:00",6727,0.466,0.499,0.457,0.588,0.462,0.548
"2018-10-01 03:30:00",6728,0.465,0.499,0.456,0.587,0.462,0.548
"2018-10-01 04:00:00",6729,0.465,0.499,0.456,0.587,0.462,0.547
"2018-10-01 04:30:00",6730,0.465,0.499,0.455,0.585,0.462,0.547
"2018-10-01 05:00:00",6731,0.464,0.499,0.455,0.585,0.461,0.546
"2018-10-01 05:30:00",6732,0.462,0.499,0.455,0.585,0.461,0.545
"2018-10-01 06:00:00",6733,0.461,0.499,0.454,0.585,0.462,0.544
"2018-10-01 06:30:00",6734,0.461,0.499,0.454,0.584,0.462,0.544
"2018-10-01 07:00:00",6735,0.46,0.499,0.454,0.584,0.461,0.544
"2018-10-01 07:30:00",6736,0.459,0.498,0.454,0.583,0.461,0.543
"2018-10-01 08:00:00",6737,0.461,0.498,0.453,0.581,0.46,0.542
"2018-10-01 08:30:00",6738,0.459,0.498,0.451,0.578,0.458,0.536
"2018-10-01 09:00:00",6739,0.444,0.5,0.45,0.577,0.458,0.515
"2018-10-01 09:30:00",6740,0.407,0.498,0.445,0.576,0.455,0.495
"2018-10-01 10:00:00",6741,0.365,0.493,0.436,0.573,0.448,0.47
"2018-10-01 10:30:00",6742,0.339,0.488,0.428,0.572,0.435,0.45
"2018-10-01 11:00:00",6743,0.328,0.478,0.417,0.567,0.421,0.435
"2018-10-01 11:30:00",6744,0.322,0.468,0.403,0.562,0.406,0.42
"2018-10-01 12:00:00",6745,0.321,0.458,0.388,0.558,0.393,0.414
"2018-10-01 12:30:00",6746,0.321,0.447,0.38,0.551,0.376,0.411
"2018-10-01 13:00:00",6747,0.321,0.438,0.379,0.548,0.368,0.409
"2018-10-01 13:30:00",6748,0.323,0.434,0.378,0.545,0.369,0.409
"2018-10-01 14:00:00",6749,0.322,0.432,0.376,0.541,0.369,0.41
"2018-10-01 14:30:00",6750,0.321,0.43,0.375,0.538,0.365,0.408
"2018-10-01 15:00:00",6751,0.334,0.433,0.381,0.539,0.37,0.415
"2018-10-01 15:30:00",6752,0.349,0.44,0.388,0.546,0.381,0.426
"2018-10-01 16:00:00",6753,0.361,0.445,0.394,0.549,0.389,0.437
"2018-10-01 16:30:00",6754,0.367,0.45,0.4,0.553,0.394,0.443
"2018-10-01 17:00:00",6755,0.373,0.456,0.406,0.557,0.402,0.451
"2018-10-01 17:30:00",6756,0.384,0.463,0.416,0.562,0.412,0.466
"2018-10-01 18:00:00",6757,0.395,0.469,0.423,0.566,0.421,0.48
"2018-10-01 18:30:00",6758,0.407,0.475,0.431,0.569,0.432,0.493
"2018-10-01 19:00:00",6759,0.418,0.48,0.435,0.57,0.438,0.506
"2018-10-01 19:30:00",6760,0.427,0.484,0.44,0.572,0.444,0.516
"2018-10-01 20:00:00",6761,0.434,0.486,0.442,0.573,0.448,0.523
"2018-10-01 20:30:00",6762,0.438,0.487,0.443,0.572,0.449,0.526
"2018-10-01 21:00:00",6763,0.442,0.488,0.443,0.571,0.45,0.529
"2018-10-01 21:30:00",6764,0.445,0.488,0.444,0.569,0.45,0.531
"2018-10-01 22:00:00",6765,0.447,0.488,0.444,0.569,0.451,0.532
"2018-10-01 22:30:00",6766,0.448,0.487,0.444,0.569,0.45,0.532
"2018-10-01 23:00:00",6767,0.448,0.487,0.444,0.569,0.45,0.532
"2018-10-01 23:30:00",6768,0.449,0.487,0.444,0.569,0.451,0.533
"2018-10-02 00:00:00",6769,0.45,0.487,0.443,0.57,0.452,0.535
"2018-10-02 00:30:00",6770,0.451,0.487,0.443,0.569,0.451,0.535
"2018-10-02 01:00:00",6771,0.451,0.486,0.442,0.568,0.45,0.533
"2018-10-02 01:30:00",6772,0.452,0.486,0.442,0.567,0.451,0.534
"2018-10-02 02:00:00",6773,0.451,0.485,0.441,0.568,0.45,0.534
"2018-10-02 02:30:00",6774,0.452,0.485,0.441,0.566,0.45,0.535
"2018-10-02 03:00:00",6775,0.452,0.484,0.44,0.565,0.449,0.534
"2018-10-02 03:30:00",6776,0.451,0.484,0.44,0.565,0.45,0.533
"2018-10-02 04:00:00",6777,0.451,0.483,0.439,0.566,0.449,0.532
"2018-10-02 04:30:00",6778,0.451,0.482,0.439,0.566,0.449,0.532
"2018-10-02 05:00:00",6779,0.45,0.482,0.439,0.566,0.449,0.531
"2018-10-02 05:30:00",6780,0.449,0.481,0.439,0.564,0.447,0.529
"2018-10-02 06:00:00",6781,0.448,0.48,0.438,0.565,0.446,0.527
"2018-10-02 06:30:00",6782,0.447,0.48,0.438,0.564,0.447,0.526
"2018-10-02 07:00:00",6783,0.446,0.479,0.437,0.562,0.445,0.524
"2018-10-02 07:30:00",6784,0.446,0.479,0.437,0.562,0.446,0.524
"2018-10-02 08:00:00",6785,0.446,0.48,0.436,0.56,0.445,0.522
"2018-10-02 08:30:00",6786,0.438,0.48,0.433,0.557,0.443,0.509
"2018-10-02 09:00:00",6787,0.412,0.479,0.43,0.553,0.441,0.482
"2018-10-02 09:30:00",6788,0.371,0.478,0.426,0.553,0.44,0.467
"2018-10-02 10:00:00",6789,0.35,0.488,0.429,0.569,0.445,0.459
