"TOA5","CR1000-SHORE","CR1000","86619","CR1000.Std.31.03","CPU:Sapflow_SERC.CR1","2121","Table1"
"TIMESTAMP","RECORD","DiffVolt_Avg(1)","DiffVolt_Avg(2)","DiffVolt_Avg(3)","DiffVolt_Avg(4)","DiffVolt_Avg(5)","DiffVolt_Avg(6)"
"TS","RN","mV","mV","mV","mV","mV","mV"
"","","Avg","Avg","Avg","Avg","Avg","Avg"
"2018-06-21 17:30:00",2029,0.43,0.498,0.461,0.567,0.498,0.493
"2018-06-21 18:00:00",2030,0.45,0.504,0.477,0.577,0.501,0.509
"2018-06-21 18:30:00",2031,0.467,0.508,0.488,0.583,0.506,0.524
"2018-06-21 19:00:00",2032,0.485,0.522,0.503,0.594,0.523,0.54
"2018-06-21 19:30:00",2033,0.501,0.539,0.52,0.607,0.541,0.557
"2018-06-21 20:00:00",2034,0.519,0.559,0.54,0.621,0.562,0.585
"2018-06-21 20:30:00",2035,0.532,0.574,0.553,0.63,0.576,0.605
"2018-06-21 21:00:00",2036,0.543,0.583,0.561,0.636,0.585,0.619
"2018-06-21 21:30:00",2037,0.55,0.588,0.566,0.639,0.59,0.627
"2018-06-21 22:00:00",2038,0.555,0.591,0.57,0.642,0.594,0.632
"2018-06-21 22:30:00",2039,0.558,0.593,0.572,0.643,0.596,0.635
"2018-06-21 23:00:00",2040,0.561,0.595,0.573,0.644,0.598,0.637
"2018-06-21 23:30:00",2041,0.562,0.596,0.574,0.643,0.599,0.636
"2018-06-22 00:00:00",2042,0.563,0.596,0.575,0.645,0.601,0.636
"2018-06-22 00:30:00",2043,0.562,0.597,0.576,0.645,0.602,0.636
"2018-06-22 01:00:00",2044,0.561,0.597,0.576,0.646,0.602,0.636
"2018-06-22 01:30:00",2045,0.56,0.597,0.576,0.646,0.602,0.635
"2018-06-22 02:00:00",2046,0.557,0.597,0.577,0.649,0.603,0.635
"2018-06-22 02:30:00",2047,0.558,0.598,0.576,0.648,0.603,0.635
"2018-06-22 03:00:00",2048,0.559,0.598,0.577,0.65,0.603,0.636
"2018-06-22 03:30:00",2049,0.556,0.597,0.577,0.651,0.603,0.635
"2018-06-22 04:00:00",2050,0.554,0.598,0.576,0.651,0.603,0.634
"2018-06-22 04:30:00",2051,0.548,0.598,0.576,0.652,0.604,0.632
"2018-06-22 05:00:00",2052,0.544,0.598,0.575,0.651,0.604,0.63
"2018-06-22 05:30:00",2053,0.538,0.598,0.574,0.651,0.604,0.626
"2018-06-22 06:00:00",2054,0.527,0.595,0.571,0.646,0.603,0.619
"2018-06-22 06:30:00",2055,0.52,0.594,0.573,0.647,0.603,0.616
"2018-06-22 07:00:00",2056,0.509,0.589,0.57,0.644,0.599,0.608
"2018-06-22 07:30:00",2057,0.492,0.579,0.563,0.641,0.593,0.588
"2018-06-22 08:00:00",2058,0.486,0.572,0.555,0.636,0.588,0.58
"2018-06-22 08:30:00",2059,0.493,0.574,0.556,0.639,0.59,0.593
"2018-06-22 09:00:00",2060,0.496,0.572,0.551,0.629,0.588,0.594
"2018-06-22 09:30:00",2061,0.502,0.574,0.552,0.624,0.589,0.599
"2018-06-22 10:00:00",2062,0.496,0.57,0.548,0.618,0.585,0.589
"2018-06-22 10:30:00",2063,0.477,0.559,0.54,0.616,0.577,0.568
"2018-06-22 11:00:00",2064,0.468,0.552,0.534,0.613,0.571,0.558
"2018-06-22 11:30:00",2065,0.473,0.554,0.534,0.613,0.567,0.565
"2018-06-22 12:00:00",2066,0.471,0.554,0.535,0.613,0.567,0.568
"2018-06-22 12:30:00",2067,0.469,0.553,0.535,0.612,0.567,0.56
"2018-06-22 13:00:00",2068,0.455,0.548,0.531,0.613,0.561,0.55
"2018-06-22 13:30:00",2069,0.461,0.552,0.533,0.614,0.562,0.56
"2018-06-22 14:00:00",2070,0.469,0.557,0.534,0.61,0.562,0.573
"2018-06-22 14:30:00",2071,0.487,0.568,0.544,0.611,0.569,0.593
"2018-06-22 15:00:00",2072,0.496,0.573,0.552,0.612,0.575,0.604
"2018-06-22 15:30:00",2073,0.504,0.578,0.556,0.613,0.579,0.613
"2018-06-22 16:00:00",2074,0.508,0.58,0.563,0.592,0.586,0.62
"2018-06-22 16:30:00",2075,0.509,0.58,0.562,0.54,0.586,0.619
"2018-06-22 17:00:00",2076,0.507,0.581,0.563,0.56,0.585,0.613
"2018-06-22 17:30:00",2077,0.509,0.584,0.56,0.565,0.586,0.615
"2018-06-22 18:00:00",2078,0.515,0.586,0.557,0.56,0.588,0.619
"2018-06-22 18:30:00",2079,0.518,0.587,0.544,0.523,0.587,0.621
"2018-06-22 19:00:00",2080,0.517,0.587,0.531,0.535,0.588,0.622
"2018-06-22 19:30:00",2081,0.519,0.587,0.53,0.556,0.587,0.621
"2018-06-22 20:00:00",2082,0.518,0.587,0.53,0.562,0.589,0.62
"2018-06-22 20:30:00",2083,0.518,0.588,0.53,0.564,0.588,0.62
"2018-06-22 21:00:00",2084,0.518,0.587,0.527,0.564,0.586,0.619
"2018-06-22 21:30:00",2085,0.519,0.587,0.527,0.566,0.586,0.62
"2018-06-22 22:00:00",2086,0.518,0.587,0.525,0.568,0.582,0.618
"2018-06-22 22:30:00",2087,0.518,0.586,0.526,0.573,0.579,0.618
"2018-06-22 23:00:00",2088,0.519,0.587,0.526,0.579,0.579,0.62
"2018-06-22 23:30:00",2089,0.519,0.587,0.528,0.581,0.579,0.619
"2018-06-23 00:00:00",2090,0.52,0.587,0.531,0.583,0.582,0.62
"2018-06-23 00:30:00",2091,0.519,0.587,0.534,0.585,0.583,0.619
"2018-06-23 01:00:00",2092,0.519,0.586,0.537,0.587,0.582,0.619
"2018-06-23 01:30:00",2093,0.519,0.587,0.542,0.591,0.585,0.621
"2018-06-23 02:00:00",2094,0.519,0.588,0.548,0.596,0.588,0.623
"2018-06-23 02:30:00",2095,0.519,0.587,0.551,0.601,0.588,0.624
"2018-06-23 03:00:00",2096,0.521,0.588,0.553,0.602,0.589,0.626
"2018-06-23 03:30:00",2097,0.522,0.59,0.554,0.601,0.589,0.626
"2018-06-23 04:00:00",2098,0.526,0.591,0.557,0.609,0.59,0.63
"2018-06-23 04:30:00",2099,0.524,0.591,0.557,0.608,0.589,0.629
"2018-06-23 05:00:00",2100,0.525,0.592,0.556,0.606,0.589,0.628
"2018-06-23 05:30:00",2101,0.526,0.592,0.558,0.61,0.589,0.629
"2018-06-23 06:00:00",2102,0.524,0.59,0.554,0.605,0.585,0.628
"2018-06-23 06:30:00",2103,0.526,0.592,0.554,0.608,0.588,0.628
"2018-06-23 07:00:00",2104,0.526,0.591,0.554,0.608,0.585,0.628
"2018-06-23 07:30:00",2105,0.527,0.592,0.558,0.612,0.586,0.63
"2018-06-23 08:00:00",2106,0.526,0.591,0.553,0.608,0.582,0.628
"2018-06-23 08:30:00",2107,0.525,0.59,0.554,0.607,0.582,0.627
"2018-06-23 09:00:00",2108,0.523,0.59,0.551,0.607,0.581,0.626
"2018-06-23 09:30:00",2109,0.521,0.589,0.551,0.605,0.578,0.624
"2018-06-23 10:00:00",2110,0.522,0.59,0.553,0.608,0.58,0.625
"2018-06-23 10:30:00",2111,0.521,0.591,0.556,0.61,0.581,0.626
"2018-06-23 11:00:00",2112,0.522,0.592,0.561,0.616,0.584,0.628
"2018-06-23 11:30:00",2113,0.525,0.593,0.561,0.617,0.583,0.628
"2018-06-23 12:00:00",2114,0.524,0.594,0.56,0.616,0.582,0.628
"2018-06-23 12:30:00",2115,0.524,0.593,0.562,0.619,0.585,0.628
"2018-06-23 13:00:00",2116,0.52,0.592,0.562,0.619,0.581,0.625
"2018-06-23 13:30:00",2117,0.512,0.591,0.561,0.616,0.577,0.618
"2018-06-23 14:00:00",2118,0.492,0.587,0.557,0.612,0.567,0.597
"2018-06-23 14:30:00",2119,0.465,0.58,0.545,0.606,0.559,0.563
"2018-06-23 15:00:00",2120,0.447,0.571,0.533,0.6,0.549,0.549
"2018-06-23 15:30:00",2121,0.433,0.564,0.529,0.599,0.547,0.542
"2018-06-23 16:00:00",2122,0.421,0.557,0.534,0.603,0.546,0.534
"2018-06-23 16:30:00",2123,0.422,0.551,0.533,0.604,0.54,0.535
"2018-06-23 17:00:00",2124,0.442,0.561,0.536,0.609,0.544,0.553
"2018-06-23 17:30:00",2125,0.442,0.554,0.53,0.603,0.533,0.55
"2018-06-23 18:00:00",2126,0.458,0.556,0.536,0.611,0.539,0.566
"2018-06-23 18:30:00",2127,0.477,0.564,0.539,0.617,0.551,0.578
"2018-06-23 19:00:00",2128,0.488,0.568,0.549,0.624,0.558,0.591
"2018-06-23 19:30:00",2129,0.496,0.573,0.555,0.63,0.567,0.599
"2018-06-23 20:00:00",2130,0.508,0.581,0.562,0.634,0.573,0.616
"2018-06-23 20:30:00",2131,0.518,0.587,0.567,0.638,0.579,0.628
"2018-06-23 21:00:00",2132,0.522,0.59,0.57,0.639,0.582,0.633
"2018-06-23 21:30:00",2133,0.527,0.592,0.572,0.641,0.584,0.637
"2018-06-23 22:00:00",2134,0.53,0.593,0.572,0.642,0.585,0.639
"2018-06-23 22:30:00",2135,0.531,0.593,0.573,0.642,0.584,0.641
"2018-06-23 23:00:00",2136,0.533,0.594,0.574,0.644,0.586,0.643
"2018-06-23 23:30:00",2137,0.534,0.595,0.574,0.644,0.588,0.643
"2018-06-24 00:00:00",2138,0.533,0.594,0.574,0.644,0.586,0.641
"2018-06-24 00:30:00",2139,0.534,0.596,0.574,0.642,0.586,0.641
"2018-06-24 01:00:00",2140,0.535,0.595,0.574,0.642,0.585,0.643
"2018-06-24 01:30:00",2141,0.535,0.596,0.575,0.644,0.586,0.643
"2018-06-24 02:00:00",2142,0.536,0.595,0.576,0.646,0.587,0.645
"2018-06-24 02:30:00",2143,0.536,0.595,0.577,0.646,0.587,0.646
"2018-06-24 03:00:00",2144,0.536,0.596,0.577,0.646,0.586,0.645
"2018-06-24 03:30:00",2145,0.536,0.596,0.577,0.645,0.586,0.643
"2018-06-24 04:00:00",2146,0.537,0.596,0.578,0.647,0.587,0.645
"2018-06-24 04:30:00",2147,0.537,0.596,0.577,0.648,0.585,0.645
"2018-06-24 05:00:00",2148,0.537,0.595,0.578,0.649,0.585,0.645
"2018-06-24 05:30:00",2149,0.538,0.595,0.578,0.649,0.584,0.645
"2018-06-24 06:00:00",2150,0.538,0.595,0.579,0.65,0.585,0.645
"2018-06-24 06:30:00",2151,0.538,0.595,0.579,0.649,0.584,0.644
"2018-06-24 07:00:00",2152,0.538,0.594,0.579,0.648,0.581,0.642
"2018-06-24 07:30:00",2153,0.537,0.594,0.579,0.647,0.581,0.64
"2018-06-24 08:00:00",2154,0.535,0.595,0.576,0.645,0.58,0.638
"2018-06-24 08:30:00",2155,0.528,0.593,0.572,0.642,0.577,0.631
"2018-06-24 09:00:00",2156,0.475,0.579,0.528,0.621,0.572,0.572
"2018-06-24 09:30:00",2157,0.402,0.549,0.471,0.585,0.552,0.502
"2018-06-24 10:00:00",2158,0.378,0.53,0.46,0.575,0.523,0.488
"2018-06-24 10:30:00",2159,0.377,0.521,0.45,0.567,0.512,0.482
"2018-06-24 11:00:00",2160,0.374,0.513,0.443,0.56,0.506,0.48
"2018-06-24 11:30:00",2161,0.378,0.509,0.445,0.561,0.501,0.485
"2018-06-24 12:00:00",2162,0.357,0.496,0.429,0.538,0.486,0.464
"2018-06-24 12:30:00",2163,0.341,0.475,0.412,0.516,0.465,0.441
"2018-06-24 13:00:00",2164,0.344,0.461,0.41,0.517,0.451,0.434
"2018-06-24 13:30:00",2165,0.348,0.453,0.409,0.519,0.447,0.432
"2018-06-24 14:00:00",2166,0.355,0.454,0.412,0.526,0.448,0.432
"2018-06-24 14:30:00",2167,0.356,0.449,0.41,0.523,0.446,0.431
"2018-06-24 15:00:00",2168,0.361,0.449,0.41,0.523,0.45,0.438
"2018-06-24 15:30:00",2169,0.362,0.45,0.413,0.521,0.451,0.44
"2018-06-24 16:00:00",2170,0.37,0.454,0.416,0.523,0.454,0.446
"2018-06-24 16:30:00",2171,0.375,0.461,0.423,0.529,0.459,0.457
"2018-06-24 17:00:00",2172,0.399,0.478,0.442,0.548,0.471,0.476
"2018-06-24 17:30:00",2173,0.442,0.504,0.478,0.583,0.495,0.521
"2018-06-24 18:00:00",2174,0.445,0.505,0.486,0.594,0.497,0.52
"2018-06-24 18:30:00",2175,0.465,0.521,0.506,0.61,0.508,0.542
"2018-06-24 19:00:00",2176,0.49,0.54,0.526,0.626,0.527,0.572
"2018-06-24 19:30:00",2177,0.505,0.554,0.539,0.635,0.54,0.59
"2018-06-24 20:00:00",2178,0.515,0.564,0.549,0.641,0.549,0.602
"2018-06-24 20:30:00",2179,0.523,0.575,0.555,0.644,0.555,0.614
"2018-06-24 21:00:00",2180,0.523,0.583,0.559,0.643,0.559,0.617
"2018-06-24 21:30:00",2181,0.524,0.587,0.562,0.646,0.564,0.62
"2018-06-24 22:00:00",2182,0.524,0.589,0.564,0.648,0.566,0.624
"2018-06-24 22:30:00",2183,0.525,0.589,0.568,0.65,0.569,0.63
"2018-06-24 23:00:00",2184,0.526,0.59,0.57,0.652,0.571,0.634
"2018-06-24 23:30:00",2185,0.529,0.591,0.573,0.655,0.576,0.638
"2018-06-25 00:00:00",2186,0.531,0.592,0.574,0.657,0.577,0.642
"2018-06-25 00:30:00",2187,0.532,0.594,0.574,0.656,0.575,0.644
"2018-06-25 01:00:00",2188,0.534,0.593,0.575,0.656,0.575,0.646
"2018-06-25 01:30:00",2189,0.536,0.593,0.575,0.657,0.574,0.646
"2018-06-25 02:00:00",2190,0.537,0.594,0.576,0.658,0.576,0.648
"2018-06-25 02:30:00",2191,0.536,0.595,0.577,0.658,0.578,0.649
"2018-06-25 03:00:00",2192,0.537,0.595,0.578,0.658,0.576,0.65
"2018-06-25 03:30:00",2193,0.538,0.595,0.578,0.658,0.578,0.649
"2018-06-25 04:00:00",2194,0.539,0.598,0.577,0.657,0.58,0.648
"2018-06-25 04:30:00",2195,0.538,0.6,0.576,0.657,0.581,0.646
"2018-06-25 05:00:00",2196,0.537,0.601,0.577,0.656,0.582,0.645
"2018-06-25 05:30:00",2197,0.534,0.598,0.577,0.656,0.579,0.643
"2018-06-25 06:00:00",2198,0.531,0.599,0.577,0.655,0.58,0.642
"2018-06-25 06:30:00",2199,0.525,0.597,0.574,0.653,0.579,0.634
"2018-06-25 07:00:00",2200,0.502,0.582,0.545,0.634,0.575,0.604
"2018-06-25 07:30:00",2201,0.442,0.554,0.497,0.595,0.561,0.553
"2018-06-25 08:00:00",2202,0.397,0.527,0.46,0.557,0.551,0.514
"2018-06-25 08:30:00",2203,0.368,0.509,0.436,0.537,0.53,0.486
"2018-06-25 09:00:00",2204,0.353,0.497,0.426,0.529,0.516,0.467
"2018-06-25 09:30:00",2205,0.351,0.493,0.421,0.531,0.504,0.46
"2018-06-25 10:00:00",2206,0.342,0.485,0.415,0.517,0.49,0.445
"2018-06-25 10:30:00",2207,0.345,0.47,0.409,0.497,0.471,0.434
"2018-06-25 11:00:00",2208,0.346,0.462,0.405,0.5,0.46,0.44
"2018-06-25 11:30:00",2209,0.348,0.459,0.405,0.511,0.455,0.442
"2018-06-25 12:00:00",2210,0.349,0.456,0.407,0.506,0.452,0.438
"2018-06-25 12:30:00",2211,0.351,0.457,0.414,0.51,0.454,0.438
"2018-06-25 13:00:00",2212,0.353,0.455,0.415,0.515,0.45,0.437
"2018-06-25 13:30:00",2213,0.354,0.453,0.413,0.515,0.447,0.433
"2018-06-25 14:00:00",2214,0.36,0.458,0.421,0.524,0.451,0.44
"2018-06-25 14:30:00",2215,0.363,0.454,0.415,0.52,0.446,0.442
"2018-06-25 15:00:00",2216,0.36,0.454,0.418,0.519,0.448,0.442
"2018-06-25 15:30:00",2217,0.363,0.455,0.415,0.519,0.451,0.442
"2018-06-25 16:00:00",2218,0.373,0.461,0.425,0.53,0.455,0.448
"2018-06-25 16:30:00",2219,0.382,0.467,0.436,0.54,0.461,0.457
"2018-06-25 17:00:00",2220,0.402,0.484,0.46,0.563,0.476,0.481
"2018-06-25 17:30:00",2221,0.422,0.498,0.477,0.583,0.488,0.499
"2018-06-25 18:00:00",2222,0.437,0.508,0.491,0.599,0.496,0.512
"2018-06-25 18:30:00",2223,0.46,0.519,0.506,0.612,0.507,0.536
"2018-06-25 19:00:00",2224,0.484,0.535,0.52,0.625,0.521,0.563
"2018-06-25 19:30:00",2225,0.502,0.553,0.537,0.634,0.536,0.587
"2018-06-25 20:00:00",2226,0.515,0.567,0.55,0.643,0.549,0.603
"2018-06-25 20:30:00",2227,0.525,0.578,0.559,0.648,0.558,0.618
"2018-06-25 21:00:00",2228,0.53,0.584,0.563,0.651,0.564,0.625
"2018-06-25 21:30:00",2229,0.529,0.588,0.563,0.653,0.568,0.626
"2018-06-25 22:00:00",2230,0.531,0.59,0.564,0.655,0.571,0.629
"2018-06-25 22:30:00",2231,0.534,0.593,0.566,0.657,0.572,0.633
"2018-06-25 23:00:00",2232,0.538,0.593,0.568,0.658,0.573,0.638
"2018-06-25 23:30:00",2233,0.541,0.594,0.57,0.66,0.574,0.642
"2018-06-26 00:00:00",2234,0.545,0.593,0.571,0.662,0.573,0.645
"2018-06-26 00:30:00",2235,0.548,0.594,0.573,0.664,0.577,0.648
"2018-06-26 01:00:00",2236,0.55,0.596,0.574,0.665,0.577,0.65
"2018-06-26 01:30:00",2237,0.552,0.596,0.575,0.664,0.577,0.65
"2018-06-26 02:00:00",2238,0.553,0.596,0.575,0.664,0.577,0.65
"2018-06-26 02:30:00",2239,0.553,0.597,0.576,0.666,0.578,0.652
"2018-06-26 03:00:00",2240,0.55,0.599,0.577,0.666,0.58,0.651
"2018-06-26 03:30:00",2241,0.546,0.6,0.577,0.667,0.581,0.65
"2018-06-26 04:00:00",2242,0.538,0.6,0.577,0.666,0.582,0.647
"2018-06-26 04:30:00",2243,0.534,0.6,0.578,0.666,0.583,0.647
"2018-06-26 05:00:00",2244,0.531,0.599,0.577,0.665,0.582,0.645
"2018-06-26 05:30:00",2245,0.528,0.6,0.576,0.663,0.582,0.642
"2018-06-26 06:00:00",2246,0.528,0.6,0.576,0.663,0.583,0.643
"2018-06-26 06:30:00",2247,0.524,0.591,0.569,0.658,0.581,0.628
"2018-06-26 07:00:00",2248,0.514,0.578,0.551,0.652,0.578,0.61
"2018-06-26 07:30:00",2249,0.491,0.565,0.523,0.636,0.575,0.586
"2018-06-26 08:00:00",2250,0.445,0.54,0.485,0.598,0.562,0.535
"2018-06-26 08:30:00",2251,0.418,0.531,0.465,0.58,0.552,0.514
"2018-06-26 09:00:00",2252,0.38,0.509,0.438,0.548,0.524,0.467
"2018-06-26 09:30:00",2253,0.363,0.501,0.428,0.536,0.509,0.453
"2018-06-26 10:00:00",2254,0.356,0.496,0.427,0.529,0.496,0.445
"2018-06-26 10:30:00",2255,0.354,0.494,0.43,0.518,0.491,0.447
"2018-06-26 11:00:00",2256,0.355,0.497,0.428,0.524,0.489,0.46
"2018-06-26 11:30:00",2257,0.356,0.501,0.433,0.545,0.49,0.474
"2018-06-26 12:00:00",2258,0.359,0.502,0.438,0.545,0.487,0.472
"2018-06-26 12:30:00",2259,0.36,0.495,0.439,0.542,0.479,0.461
"2018-06-26 13:00:00",2260,0.355,0.482,0.436,0.541,0.464,0.452
"2018-06-26 13:30:00",2261,0.355,0.478,0.44,0.551,0.461,0.448
"2018-06-26 14:00:00",2262,0.357,0.475,0.442,0.557,0.458,0.447
"2018-06-26 14:30:00",2263,0.366,0.472,0.44,0.557,0.455,0.45
"2018-06-26 15:00:00",2264,0.373,0.468,0.439,0.553,0.458,0.455
"2018-06-26 15:30:00",2265,0.383,0.469,0.447,0.557,0.461,0.46
"2018-06-26 16:00:00",2266,0.394,0.469,0.457,0.565,0.463,0.466
"2018-06-26 16:30:00",2267,0.406,0.472,0.468,0.573,0.466,0.478
"2018-06-26 17:00:00",2268,0.417,0.483,0.477,0.579,0.473,0.496
"2018-06-26 17:30:00",2269,0.43,0.494,0.487,0.592,0.482,0.511
"2018-06-26 18:00:00",2270,0.44,0.502,0.499,0.601,0.491,0.523
"2018-06-26 18:30:00",2271,0.455,0.513,0.512,0.612,0.503,0.537
"2018-06-26 19:00:00",2272,0.472,0.528,0.523,0.622,0.517,0.556
"2018-06-26 19:30:00",2273,0.483,0.543,0.534,0.63,0.529,0.576
"2018-06-26 20:00:00",2274,0.494,0.556,0.543,0.637,0.542,0.59
"2018-06-26 20:30:00",2275,0.506,0.568,0.552,0.644,0.551,0.606
"2018-06-26 21:00:00",2276,0.517,0.578,0.558,0.649,0.56,0.621
"2018-06-26 21:30:00",2277,0.525,0.584,0.563,0.654,0.565,0.631
"2018-06-26 22:00:00",2278,0.532,0.589,0.567,0.658,0.571,0.636
"2018-06-26 22:30:00",2279,0.535,0.593,0.569,0.661,0.573,0.638
"2018-06-26 23:00:00",2280,0.539,0.594,0.571,0.661,0.576,0.64
"2018-06-26 23:30:00",2281,0.54,0.596,0.573,0.659,0.577,0.641
"2018-06-27 00:00:00",2282,0.541,0.597,0.576,0.659,0.58,0.641
"2018-06-27 00:30:00",2283,0.54,0.598,0.577,0.659,0.582,0.64
"2018-06-27 01:00:00",2284,0.538,0.598,0.577,0.658,0.582,0.638
"2018-06-27 01:30:00",2285,0.536,0.598,0.578,0.657,0.583,0.637
"2018-06-27 02:00:00",2286,0.535,0.598,0.578,0.656,0.584,0.637
"2018-06-27 02:30:00",2287,0.535,0.599,0.578,0.656,0.584,0.638
"2018-06-27 03:00:00",2288,0.533,0.599,0.579,0.655,0.585,0.639
"2018-06-27 03:30:00",2289,0.531,0.6,0.579,0.654,0.585,0.639
"2018-06-27 04:00:00",2290,0.529,0.6,0.579,0.653,0.585,0.64
"2018-06-27 04:30:00",2291,0.527,0.6,0.58,0.654,0.584,0.639
"2018-06-27 05:00:00",2292,0.527,0.599,0.58,0.653,0.584,0.639
"2018-06-27 05:30:00",2293,0.527,0.599,0.58,0.653,0.583,0.638
"2018-06-27 06:00:00",2294,0.526,0.598,0.58,0.651,0.581,0.637
"2018-06-27 06:30:00",2295,0.525,0.598,0.58,0.65,0.581,0.637
"2018-06-27 07:00:00",2296,0.524,0.597,0.579,0.649,0.58,0.633
"2018-06-27 07:30:00",2297,0.517,0.593,0.577,0.647,0.578,0.623
"2018-06-27 08:00:00",2298,0.503,0.587,0.571,0.642,0.575,0.603
"2018-06-27 08:30:00",2299,0.502,0.583,0.569,0.64,0.571,0.595
"2018-06-27 09:00:00",2300,0.505,0.586,0.571,0.641,0.57,0.598
"2018-06-27 09:30:00",2301,0.457,0.567,0.539,0.623,0.557,0.543
"2018-06-27 10:00:00",2302,0.456,0.561,0.533,0.617,0.546,0.546
"2018-06-27 10:30:00",2303,0.445,0.563,0.529,0.616,0.548,0.548
"2018-06-27 11:00:00",2304,0.45,0.559,0.526,0.614,0.546,0.555
"2018-06-27 11:30:00",2305,0.451,0.562,0.532,0.617,0.546,0.558
"2018-06-27 12:00:00",2306,0.435,0.554,0.522,0.61,0.539,0.539
"2018-06-27 12:30:00",2307,0.428,0.549,0.514,0.604,0.53,0.532
"2018-06-27 13:00:00",2308,0.426,0.546,0.51,0.6,0.526,0.534
"2018-06-27 13:30:00",2309,0.459,0.56,0.531,0.615,0.538,0.574
"2018-06-27 14:00:00",2310,0.48,0.569,0.547,0.626,0.549,0.598
"2018-06-27 14:30:00",2311,0.468,0.565,0.54,0.619,0.547,0.588
"2018-06-27 15:00:00",2312,0.452,0.559,0.532,0.613,0.54,0.569
"2018-06-27 15:30:00",2313,0.422,0.549,0.517,0.601,0.527,0.536
"2018-06-27 16:00:00",2314,0.412,0.538,0.504,0.59,0.516,0.52
"2018-06-27 16:30:00",2315,0.395,0.525,0.49,0.576,0.502,0.503
"2018-06-27 17:00:00",2316,0.403,0.526,0.493,0.579,0.502,0.514
"2018-06-27 17:30:00",2317,0.413,0.528,0.5,0.584,0.506,0.522
"2018-06-27 18:00:00",2318,0.426,0.528,0.506,0.587,0.506,0.53
"2018-06-27 18:30:00",2319,0.439,0.535,0.52,0.597,0.514,0.54
"2018-06-27 19:00:00",2320,0.452,0.539,0.53,0.607,0.519,0.553
"2018-06-27 19:30:00",2321,0.471,0.553,0.543,0.619,0.532,0.577
"2018-06-27 20:00:00",2322,0.486,0.565,0.553,0.627,0.544,0.598
"2018-06-27 20:30:00",2323,0.499,0.575,0.562,0.633,0.554,0.613
"2018-06-27 21:00:00",2324,0.508,0.581,0.567,0.638,0.561,0.623
"2018-06-27 21:30:00",2325,0.513,0.584,0.57,0.64,0.565,0.627
"2018-06-27 22:00:00",2326,0.515,0.586,0.572,0.641,0.567,0.629
"2018-06-27 22:30:00",2327,0.515,0.586,0.572,0.642,0.567,0.63
"2018-06-27 23:00:00",2328,0.517,0.588,0.575,0.643,0.569,0.631
"2018-06-27 23:30:00",2329,0.52,0.591,0.576,0.647,0.572,0.635
"2018-06-28 00:00:00",2330,0.522,0.59,0.577,0.649,0.572,0.635
"2018-06-28 00:30:00",2331,0.523,0.592,0.577,0.649,0.573,0.637
"2018-06-28 01:00:00",2332,0.525,0.592,0.578,0.649,0.574,0.638
"2018-06-28 01:30:00",2333,0.526,0.593,0.579,0.652,0.575,0.64
"2018-06-28 02:00:00",2334,0.528,0.593,0.579,0.652,0.575,0.64
"2018-06-28 02:30:00",2335,0.529,0.594,0.579,0.652,0.575,0.641
"2018-06-28 03:00:00",2336,0.53,0.594,0.578,0.652,0.575,0.642
"2018-06-28 03:30:00",2337,0.528,0.595,0.578,0.651,0.575,0.641
"2018-06-28 04:00:00",2338,0.529,0.594,0.578,0.651,0.573,0.64
"2018-06-28 04:30:00",2339,0.53,0.593,0.579,0.651,0.573,0.64
"2018-06-28 05:00:00",2340,0.53,0.594,0.579,0.651,0.573,0.641
"2018-06-28 05:30:00",2341,0.533,0.596,0.579,0.653,0.574,0.643
"2018-06-28 06:00:00",2342,0.534,0.596,0.579,0.653,0.573,0.644
"2018-06-28 06:30:00",2343,0.534,0.596,0.58,0.653,0.572,0.644
"2018-06-28 07:00:00",2344,0.533,0.596,0.579,0.652,0.571,0.641
"2018-06-28 07:30:00",2345,0.512,0.591,0.562,0.638,0.568,0.624
"2018-06-28 08:00:00",2346,0.477,0.581,0.54,0.623,0.564,0.593
"2018-06-28 08:30:00",2347,0.47,0.58,0.547,0.63,0.56,0.585
"2018-06-28 09:00:00",2348,0.452,0.576,0.538,0.626,0.556,0.563
"2018-06-28 09:30:00",2349,0.41,0.557,0.497,0.597,0.542,0.52
"2018-06-28 10:00:00",2350,0.386,0.544,0.475,0.578,0.527,0.499
"2018-06-28 10:30:00",2351,0.363,0.521,0.446,0.547,0.5,0.477
"2018-06-28 11:00:00",2352,0.349,0.508,0.43,0.533,0.484,0.465
"2018-06-28 11:30:00",2353,0.355,0.502,0.431,0.539,0.474,0.472
"2018-06-28 12:00:00",2354,0.349,0.499,0.425,0.532,0.47,0.465
"2018-06-28 12:30:00",2355,0.335,0.47,0.41,0.511,0.445,0.439
"2018-06-28 13:00:00",2356,0.337,0.457,0.405,0.507,0.433,0.433
"2018-06-28 13:30:00",2357,0.347,0.454,0.406,0.513,0.433,0.433
"2018-06-28 14:00:00",2358,0.367,0.467,0.418,0.526,0.442,0.45
"2018-06-28 14:30:00",2359,0.369,0.466,0.415,0.526,0.443,0.449
"2018-06-28 15:00:00",2360,0.367,0.466,0.417,0.527,0.442,0.449
"2018-06-28 15:30:00",2361,0.363,0.461,0.416,0.524,0.439,0.444
"2018-06-28 16:00:00",2362,0.372,0.465,0.422,0.527,0.443,0.45
"2018-06-28 16:30:00",2363,0.374,0.466,0.425,0.531,0.445,0.453
"2018-06-28 17:00:00",2364,0.385,0.472,0.436,0.54,0.452,0.462
"2018-06-28 17:30:00",2365,0.398,0.482,0.451,0.559,0.46,0.474
"2018-06-28 18:00:00",2366,0.411,0.493,0.468,0.575,0.47,0.487
"2018-06-28 18:30:00",2367,0.439,0.509,0.492,0.598,0.488,0.513
"2018-06-28 19:00:00",2368,0.464,0.525,0.51,0.613,0.504,0.538
"2018-06-28 19:30:00",2369,0.481,0.543,0.527,0.624,0.518,0.564
"2018-06-28 20:00:00",2370,0.491,0.555,0.537,0.632,0.53,0.578
"2018-06-28 20:30:00",2371,0.501,0.567,0.546,0.638,0.539,0.591
"2018-06-28 21:00:00",2372,0.51,0.578,0.555,0.644,0.548,0.605
"2018-06-28 21:30:00",2373,0.518,0.584,0.561,0.648,0.552,0.615
"2018-06-28 22:00:00",2374,0.522,0.589,0.565,0.652,0.557,0.62
"2018-06-28 22:30:00",2375,0.523,0.591,0.568,0.654,0.558,0.627
"2018-06-28 23:00:00",2376,0.526,0.593,0.572,0.657,0.561,0.633
"2018-06-28 23:30:00",2377,0.528,0.594,0.574,0.658,0.563,0.635
"2018-06-29 00:00:00",2378,0.528,0.595,0.575,0.66,0.564,0.636
"2018-06-29 00:30:00",2379,0.528,0.596,0.575,0.66,0.564,0.635
"2018-06-29 01:00:00",2380,0.526,0.598,0.575,0.66,0.565,0.634
"2018-06-29 01:30:00",2381,0.526,0.598,0.574,0.659,0.564,0.634
"2018-06-29 02:00:00",2382,0.528,0.597,0.574,0.657,0.563,0.636
"2018-06-29 02:30:00",2383,0.528,0.599,0.576,0.658,0.564,0.636
"2018-06-29 03:00:00",2384,0.524,0.6,0.575,0.658,0.566,0.634
"2018-06-29 03:30:00",2385,0.523,0.599,0.573,0.655,0.563,0.633
"2018-06-29 04:00:00",2386,0.523,0.598,0.572,0.654,0.562,0.633
"2018-06-29 04:30:00",2387,0.523,0.597,0.572,0.653,0.56,0.633
"2018-06-29 05:00:00",2388,0.522,0.598,0.573,0.654,0.56,0.634
"2018-06-29 05:30:00",2389,0.522,0.598,0.575,0.655,0.563,0.635
"2018-06-29 06:00:00",2390,0.523,0.598,0.577,0.656,0.564,0.636
"2018-06-29 06:30:00",2391,0.522,0.597,0.575,0.653,0.562,0.632
"2018-06-29 07:00:00",2392,0.506,0.588,0.556,0.641,0.563,0.608
"2018-06-29 07:30:00",2393,0.459,0.566,0.512,0.607,0.56,0.562
"2018-06-29 08:00:00",2394,0.412,0.544,0.476,0.573,0.552,0.525
"2018-06-29 08:30:00",2395,0.365,0.52,0.438,0.54,0.531,0.485
"2018-06-29 09:00:00",2396,0.341,0.495,0.42,0.521,0.505,0.455
"2018-06-29 09:30:00",2397,0.337,0.483,0.408,0.512,0.48,0.437
"2018-06-29 10:00:00",2398,0.342,0.473,0.406,0.509,0.46,0.438
"2018-06-29 10:30:00",2399,0.348,0.477,0.415,0.511,0.459,0.446
"2018-06-29 11:00:00",2400,0.337,0.465,0.402,0.496,0.443,0.436
"2018-06-29 11:30:00",2401,0.347,0.457,0.401,0.502,0.44,0.434
"2018-06-29 12:00:00",2402,0.351,0.458,0.408,0.504,0.446,0.436
"2018-06-29 12:30:00",2403,0.352,0.454,0.407,0.506,0.442,0.434
"2018-06-29 13:00:00",2404,0.353,0.446,0.405,0.505,0.434,0.429
"2018-06-29 13:30:00",2405,0.358,0.449,0.409,0.513,0.434,0.429
"2018-06-29 14:00:00",2406,0.36,0.452,0.416,0.522,0.438,0.429
"2018-06-29 14:30:00",2407,0.363,0.454,0.419,0.527,0.44,0.432
"2018-06-29 15:00:00",2408,0.371,0.458,0.426,0.534,0.446,0.442
"2018-06-29 15:30:00",2409,0.379,0.463,0.436,0.543,0.451,0.448
"2018-06-29 16:00:00",2410,0.388,0.465,0.447,0.554,0.453,0.452
"2018-06-29 16:30:00",2411,0.397,0.467,0.458,0.563,0.458,0.461
"2018-06-29 17:00:00",2412,0.407,0.478,0.468,0.571,0.464,0.475
"2018-06-29 17:30:00",2413,0.421,0.491,0.479,0.585,0.472,0.489
"2018-06-29 18:00:00",2414,0.435,0.504,0.496,0.6,0.484,0.506
"2018-06-29 18:30:00",2415,0.455,0.518,0.51,0.613,0.497,0.524
"2018-06-29 19:00:00",2416,0.474,0.534,0.523,0.623,0.509,0.545
"2018-06-29 19:30:00",2417,0.491,0.549,0.536,0.632,0.523,0.569
"2018-06-29 20:00:00",2418,0.507,0.564,0.548,0.64,0.535,0.59
"2018-06-29 20:30:00",2419,0.519,0.576,0.556,0.645,0.545,0.608
"2018-06-29 21:00:00",2420,0.529,0.584,0.562,0.65,0.551,0.62
"2018-06-29 21:30:00",2421,0.537,0.589,0.567,0.654,0.555,0.628
"2018-06-29 22:00:00",2422,0.544,0.592,0.57,0.656,0.559,0.634
"2018-06-29 22:30:00",2423,0.55,0.594,0.573,0.659,0.561,0.639
"2018-06-29 23:00:00",2424,0.553,0.595,0.574,0.661,0.564,0.641
"2018-06-29 23:30:00",2425,0.557,0.596,0.576,0.662,0.564,0.644
"2018-06-30 00:00:00",2426,0.559,0.598,0.577,0.663,0.566,0.644
"2018-06-30 00:30:00",2427,0.561,0.598,0.578,0.664,0.568,0.646
"2018-06-30 01:00:00",2428,0.563,0.599,0.579,0.663,0.568,0.647
"2018-06-30 01:30:00",2429,0.564,0.599,0.579,0.664,0.568,0.646
"2018-06-30 02:00:00",2430,0.565,0.6,0.58,0.664,0.569,0.648
"2018-06-30 02:30:00",2431,0.565,0.6,0.58,0.664,0.568,0.648
"2018-06-30 03:00:00",2432,0.565,0.6,0.58,0.663,0.568,0.645
"2018-06-30 03:30:00",2433,0.564,0.601,0.58,0.663,0.568,0.646
"2018-06-30 04:00:00",2434,0.564,0.601,0.581,0.664,0.569,0.648
"2018-06-30 04:30:00",2435,0.563,0.602,0.581,0.664,0.57,0.648
"2018-06-30 05:00:00",2436,0.561,0.602,0.581,0.663,0.57,0.647
"2018-06-30 05:30:00",2437,0.551,0.602,0.582,0.662,0.57,0.647
"2018-06-30 06:00:00",2438,0.546,0.602,0.582,0.662,0.569,0.647
"2018-06-30 06:30:00",2439,0.545,0.602,0.582,0.66,0.568,0.644
"2018-06-30 07:00:00",2440,0.539,0.6,0.576,0.654,0.569,0.636
"2018-06-30 07:30:00",2441,0.508,0.586,0.545,0.633,0.568,0.606
"2018-06-30 08:00:00",2442,0.444,0.562,0.495,0.594,0.565,0.549
"2018-06-30 08:30:00",2443,0.388,0.536,0.452,0.565,0.554,0.5
"2018-06-30 09:00:00",2444,0.352,0.513,0.424,0.542,0.537,0.463
"2018-06-30 09:30:00",2445,0.338,0.493,0.407,0.525,0.51,0.436
"2018-06-30 10:00:00",2446,0.337,0.482,0.404,0.508,0.486,0.428
"2018-06-30 10:30:00",2447,0.337,0.47,0.403,0.491,0.464,0.425
"2018-06-30 11:00:00",2448,0.337,0.461,0.4,0.495,0.45,0.433
"2018-06-30 11:30:00",2449,0.345,0.455,0.402,0.505,0.443,0.433
"2018-06-30 12:00:00",2450,0.352,0.453,0.402,0.498,0.441,0.43
"2018-06-30 12:30:00",2451,0.353,0.449,0.403,0.502,0.438,0.431
"2018-06-30 13:00:00",2452,0.354,0.447,0.405,0.507,0.435,0.428
"2018-06-30 13:30:00",2453,0.356,0.448,0.408,0.513,0.436,0.429
"2018-06-30 14:00:00",2454,0.36,0.455,0.414,0.521,0.439,0.431
"2018-06-30 14:30:00",2455,0.361,0.456,0.417,0.527,0.439,0.433
"2018-06-30 15:00:00",2456,0.368,0.459,0.421,0.531,0.444,0.44
"2018-06-30 15:30:00",2457,0.372,0.457,0.426,0.533,0.444,0.44
"2018-06-30 16:00:00",2458,0.381,0.461,0.436,0.544,0.447,0.447
"2018-06-30 16:30:00",2459,0.388,0.46,0.445,0.55,0.449,0.455
"2018-06-30 17:00:00",2460,0.398,0.472,0.455,0.559,0.455,0.467
"2018-06-30 17:30:00",2461,0.409,0.486,0.468,0.574,0.467,0.478
"2018-06-30 18:00:00",2462,0.423,0.499,0.487,0.591,0.477,0.495
"2018-06-30 18:30:00",2463,0.441,0.515,0.504,0.606,0.49,0.511
"2018-06-30 19:00:00",2464,0.462,0.533,0.519,0.618,0.505,0.534
"2018-06-30 19:30:00",2465,0.481,0.551,0.534,0.63,0.521,0.563
"2018-06-30 20:00:00",2466,0.497,0.566,0.546,0.639,0.534,0.584
"2018-06-30 20:30:00",2467,0.508,0.577,0.554,0.643,0.542,0.6
"2018-06-30 21:00:00",2468,0.52,0.584,0.56,0.648,0.55,0.615
"2018-06-30 21:30:00",2469,0.528,0.589,0.565,0.652,0.554,0.623
"2018-06-30 22:00:00",2470,0.535,0.592,0.568,0.656,0.557,0.63
"2018-06-30 22:30:00",2471,0.542,0.594,0.571,0.658,0.559,0.636
"2018-06-30 23:00:00",2472,0.545,0.595,0.573,0.661,0.561,0.64
"2018-06-30 23:30:00",2473,0.549,0.596,0.574,0.662,0.562,0.643
"2018-07-01 00:00:00",2474,0.552,0.597,0.576,0.664,0.564,0.646
"2018-07-01 00:30:00",2475,0.554,0.598,0.577,0.665,0.566,0.648
"2018-07-01 01:00:00",2476,0.555,0.599,0.578,0.665,0.566,0.649
"2018-07-01 01:30:00",2477,0.556,0.599,0.579,0.666,0.567,0.65
"2018-07-01 02:00:00",2478,0.557,0.6,0.58,0.666,0.569,0.649
"2018-07-01 02:30:00",2479,0.557,0.6,0.58,0.667,0.57,0.648
"2018-07-01 03:00:00",2480,0.557,0.6,0.58,0.666,0.57,0.649
"2018-07-01 03:30:00",2481,0.557,0.6,0.581,0.667,0.571,0.649
"2018-07-01 04:00:00",2482,0.557,0.6,0.58,0.666,0.57,0.65
"2018-07-01 04:30:00",2483,0.557,0.6,0.58,0.665,0.57,0.65
"2018-07-01 05:00:00",2484,0.557,0.599,0.581,0.666,0.571,0.65
"2018-07-01 05:30:00",2485,0.556,0.6,0.581,0.664,0.568,0.651
"2018-07-01 06:00:00",2486,0.555,0.599,0.581,0.662,0.567,0.65
"2018-07-01 06:30:00",2487,0.553,0.601,0.582,0.662,0.566,0.651
"2018-07-01 07:00:00",2488,0.549,0.601,0.58,0.658,0.568,0.648
"2018-07-01 07:30:00",2489,0.531,0.596,0.565,0.646,0.567,0.631
"2018-07-01 08:00:00",2490,0.485,0.583,0.533,0.619,0.565,0.592
"2018-07-01 08:30:00",2491,0.419,0.561,0.483,0.585,0.557,0.533
"2018-07-01 09:00:00",2492,0.369,0.535,0.442,0.557,0.543,0.482
"2018-07-01 09:30:00",2493,0.345,0.508,0.413,0.535,0.515,0.445
"2018-07-01 10:00:00",2494,0.341,0.492,0.406,0.514,0.486,0.431
"2018-07-01 10:30:00",2495,0.341,0.477,0.404,0.494,0.463,0.428
"2018-07-01 11:00:00",2496,0.344,0.466,0.401,0.495,0.45,0.435
"2018-07-01 11:30:00",2497,0.348,0.468,0.403,0.511,0.446,0.44
"2018-07-01 12:00:00",2498,0.35,0.463,0.404,0.505,0.44,0.435
"2018-07-01 12:30:00",2499,0.352,0.461,0.407,0.509,0.44,0.434
"2018-07-01 13:00:00",2500,0.353,0.456,0.408,0.512,0.431,0.432
"2018-07-01 13:30:00",2501,0.356,0.456,0.412,0.52,0.432,0.431
"2018-07-01 14:00:00",2502,0.359,0.46,0.418,0.529,0.433,0.433
"2018-07-01 14:30:00",2503,0.359,0.459,0.418,0.529,0.433,0.434
"2018-07-01 15:00:00",2504,0.363,0.457,0.418,0.528,0.435,0.437
"2018-07-01 15:30:00",2505,0.37,0.457,0.426,0.533,0.436,0.443
"2018-07-01 16:00:00",2506,0.378,0.458,0.435,0.542,0.44,0.447
"2018-07-01 16:30:00",2507,0.385,0.461,0.445,0.55,0.445,0.454
"2018-07-01 17:00:00",2508,0.398,0.477,0.458,0.562,0.456,0.472
"2018-07-01 17:30:00",2509,0.409,0.49,0.473,0.581,0.465,0.483
"2018-07-01 18:00:00",2510,0.423,0.502,0.491,0.596,0.477,0.499
"2018-07-01 18:30:00",2511,0.442,0.517,0.508,0.611,0.491,0.519
"2018-07-01 19:00:00",2512,0.463,0.535,0.523,0.625,0.507,0.543
"2018-07-01 19:30:00",2513,0.48,0.551,0.535,0.635,0.519,0.567
"2018-07-01 20:00:00",2514,0.497,0.567,0.547,0.642,0.532,0.589
"2018-07-01 20:30:00",2515,0.512,0.58,0.557,0.649,0.543,0.608
"2018-07-01 21:00:00",2516,0.524,0.587,0.564,0.652,0.55,0.622
"2018-07-01 21:30:00",2517,0.531,0.592,0.567,0.656,0.555,0.63
"2018-07-01 22:00:00",2518,0.536,0.595,0.57,0.659,0.559,0.635
"2018-07-01 22:30:00",2519,0.54,0.597,0.572,0.66,0.56,0.638
"2018-07-01 23:00:00",2520,0.544,0.599,0.574,0.661,0.561,0.64
"2018-07-01 23:30:00",2521,0.547,0.6,0.575,0.661,0.562,0.642
"2018-07-02 00:00:00",2522,0.551,0.6,0.575,0.662,0.562,0.646
"2018-07-02 00:30:00",2523,0.554,0.6,0.577,0.662,0.561,0.648
"2018-07-02 01:00:00",2524,0.555,0.6,0.577,0.662,0.561,0.649
"2018-07-02 01:30:00",2525,0.556,0.601,0.577,0.662,0.561,0.649
"2018-07-02 02:00:00",2526,0.557,0.601,0.577,0.662,0.561,0.649
"2018-07-02 02:30:00",2527,0.557,0.601,0.577,0.662,0.56,0.648
"2018-07-02 03:00:00",2528,0.557,0.601,0.577,0.662,0.56,0.649
"2018-07-02 03:30:00",2529,0.557,0.602,0.577,0.663,0.561,0.65
"2018-07-02 04:00:00",2530,0.556,0.602,0.578,0.663,0.561,0.649
"2018-07-02 04:30:00",2531,0.556,0.602,0.578,0.662,0.56,0.649
"2018-07-02 05:00:00",2532,0.556,0.602,0.577,0.663,0.561,0.65
"2018-07-02 05:30:00",2533,0.556,0.602,0.578,0.663,0.561,0.651
"2018-07-02 06:00:00",2534,0.555,0.603,0.579,0.663,0.561,0.65
"2018-07-02 06:30:00",2535,0.552,0.603,0.579,0.661,0.56,0.648
"2018-07-02 07:00:00",2536,0.549,0.603,0.577,0.658,0.561,0.645
"2018-07-02 07:30:00",2537,0.53,0.597,0.561,0.642,0.56,0.635
"2018-07-02 08:00:00",2538,0.476,0.586,0.525,0.61,0.559,0.606
"2018-07-02 08:30:00",2539,0.41,0.568,0.483,0.583,0.556,0.552
"2018-07-02 09:00:00",2540,0.367,0.545,0.444,0.558,0.547,0.495
"2018-07-02 09:30:00",2541,0.348,0.524,0.416,0.542,0.525,0.458
"2018-07-02 10:00:00",2542,0.342,0.506,0.405,0.521,0.496,0.438
"2018-07-02 10:30:00",2543,0.342,0.49,0.402,0.498,0.468,0.431
"2018-07-02 11:00:00",2544,0.344,0.477,0.399,0.499,0.449,0.438
"2018-07-02 11:30:00",2545,0.349,0.467,0.397,0.509,0.436,0.439
"2018-07-02 12:00:00",2546,0.352,0.465,0.402,0.503,0.435,0.436
"2018-07-02 12:30:00",2547,0.354,0.461,0.403,0.506,0.432,0.435
"2018-07-02 13:00:00",2548,0.357,0.461,0.407,0.515,0.427,0.436
"2018-07-02 13:30:00",2549,0.359,0.46,0.41,0.522,0.427,0.434
"2018-07-02 14:00:00",2550,0.359,0.459,0.411,0.523,0.426,0.43
"2018-07-02 14:30:00",2551,0.363,0.461,0.414,0.528,0.428,0.434
"2018-07-02 15:00:00",2552,0.366,0.457,0.414,0.529,0.428,0.437
"2018-07-02 15:30:00",2553,0.373,0.458,0.421,0.533,0.43,0.442
"2018-07-02 16:00:00",2554,0.38,0.461,0.431,0.544,0.434,0.449
"2018-07-02 16:30:00",2555,0.387,0.462,0.441,0.552,0.436,0.454
"2018-07-02 17:00:00",2556,0.396,0.474,0.45,0.56,0.441,0.466
"2018-07-02 17:30:00",2557,0.406,0.486,0.464,0.576,0.451,0.477
"2018-07-02 18:00:00",2558,0.418,0.496,0.481,0.591,0.46,0.49
"2018-07-02 18:30:00",2559,0.436,0.51,0.497,0.605,0.472,0.508
"2018-07-02 19:00:00",2560,0.458,0.53,0.514,0.619,0.488,0.533
"2018-07-02 19:30:00",2561,0.475,0.548,0.53,0.632,0.503,0.559
"2018-07-02 20:00:00",2562,0.493,0.564,0.542,0.641,0.518,0.583
"2018-07-02 20:30:00",2563,0.509,0.577,0.552,0.647,0.528,0.603
"2018-07-02 21:00:00",2564,0.519,0.586,0.558,0.651,0.535,0.616
"2018-07-02 21:30:00",2565,0.526,0.591,0.561,0.654,0.541,0.623
"2018-07-02 22:00:00",2566,0.531,0.595,0.564,0.657,0.544,0.628
"2018-07-02 22:30:00",2567,0.536,0.597,0.566,0.659,0.546,0.633
"2018-07-02 23:00:00",2568,0.542,0.599,0.567,0.66,0.548,0.637
"2018-07-02 23:30:00",2569,0.546,0.6,0.57,0.662,0.55,0.641
"2018-07-03 00:00:00",2570,0.55,0.601,0.571,0.664,0.552,0.644
"2018-07-03 00:30:00",2571,0.553,0.602,0.573,0.665,0.553,0.646
"2018-07-03 01:00:00",2572,0.554,0.602,0.573,0.664,0.554,0.646
"2018-07-03 01:30:00",2573,0.556,0.603,0.574,0.665,0.554,0.647
"2018-07-03 02:00:00",2574,0.557,0.603,0.574,0.664,0.554,0.648
"2018-07-03 02:30:00",2575,0.558,0.603,0.575,0.664,0.555,0.649
"2018-07-03 03:00:00",2576,0.559,0.603,0.576,0.665,0.556,0.65
"2018-07-03 03:30:00",2577,0.56,0.603,0.576,0.664,0.556,0.649
"2018-07-03 04:00:00",2578,0.559,0.602,0.577,0.664,0.556,0.648
"2018-07-03 04:30:00",2579,0.559,0.603,0.576,0.662,0.555,0.647
"2018-07-03 05:00:00",2580,0.559,0.603,0.576,0.661,0.554,0.648
"2018-07-03 05:30:00",2581,0.558,0.604,0.576,0.661,0.555,0.648
"2018-07-03 06:00:00",2582,0.558,0.603,0.576,0.661,0.555,0.648
"2018-07-03 06:30:00",2583,0.559,0.603,0.577,0.66,0.555,0.647
"2018-07-03 07:00:00",2584,0.555,0.602,0.574,0.656,0.554,0.643
"2018-07-03 07:30:00",2585,0.532,0.596,0.555,0.639,0.553,0.63
"2018-07-03 08:00:00",2586,0.47,0.579,0.511,0.605,0.549,0.589
"2018-07-03 08:30:00",2587,0.405,0.551,0.462,0.569,0.54,0.526
"2018-07-03 09:00:00",2588,0.371,0.53,0.434,0.546,0.521,0.482
"2018-07-03 09:30:00",2589,0.358,0.514,0.413,0.53,0.493,0.453
"2018-07-03 10:00:00",2590,0.354,0.499,0.405,0.513,0.466,0.437
"2018-07-03 10:30:00",2591,0.353,0.485,0.401,0.501,0.446,0.435
"2018-07-03 11:00:00",2592,0.357,0.485,0.404,0.511,0.445,0.45
"2018-07-03 11:30:00",2593,0.358,0.486,0.405,0.522,0.441,0.456
"2018-07-03 12:00:00",2594,0.36,0.485,0.406,0.517,0.437,0.452
"2018-07-03 12:30:00",2595,0.36,0.479,0.406,0.515,0.43,0.446
"2018-07-03 13:00:00",2596,0.361,0.469,0.404,0.515,0.414,0.442
"2018-07-03 13:30:00",2597,0.36,0.46,0.403,0.515,0.42,0.435
"2018-07-03 14:00:00",2598,0.364,0.459,0.407,0.521,0.419,0.436
"2018-07-03 14:30:00",2599,0.369,0.462,0.409,0.527,0.422,0.439
"2018-07-03 15:00:00",2600,0.372,0.46,0.41,0.527,0.425,0.444
"2018-07-03 15:30:00",2601,0.377,0.465,0.42,0.538,0.429,0.449
"2018-07-03 16:00:00",2602,0.384,0.466,0.429,0.547,0.43,0.455
"2018-07-03 16:30:00",2603,0.391,0.471,0.44,0.557,0.433,0.464
"2018-07-03 17:00:00",2604,0.401,0.479,0.45,0.563,0.438,0.475
"2018-07-03 17:30:00",2605,0.412,0.491,0.463,0.577,0.447,0.485
"2018-07-03 18:00:00",2606,0.421,0.499,0.477,0.588,0.455,0.497
"2018-07-03 18:30:00",2607,0.434,0.509,0.489,0.597,0.463,0.507
"2018-07-03 19:00:00",2608,0.451,0.523,0.504,0.609,0.473,0.522
"2018-07-03 19:30:00",2609,0.472,0.542,0.523,0.624,0.489,0.546
"2018-07-03 20:00:00",2610,0.494,0.564,0.54,0.638,0.507,0.578
"2018-07-03 20:30:00",2611,0.509,0.578,0.553,0.647,0.521,0.603
"2018-07-03 21:00:00",2612,0.519,0.586,0.559,0.653,0.53,0.614
"2018-07-03 21:30:00",2613,0.525,0.59,0.563,0.656,0.535,0.622
"2018-07-03 22:00:00",2614,0.53,0.594,0.564,0.658,0.539,0.629
"2018-07-03 22:30:00",2615,0.532,0.593,0.56,0.656,0.536,0.63
"2018-07-03 23:00:00",2616,0.529,0.594,0.557,0.649,0.536,0.622
"2018-07-03 23:30:00",2617,0.533,0.595,0.565,0.654,0.541,0.628
"2018-07-04 00:00:00",2618,0.536,0.598,0.566,0.657,0.542,0.633
"2018-07-04 00:30:00",2619,0.54,0.599,0.568,0.659,0.544,0.638
"2018-07-04 01:00:00",2620,0.543,0.6,0.57,0.662,0.546,0.642
"2018-07-04 01:30:00",2621,0.546,0.601,0.571,0.662,0.547,0.644
"2018-07-04 02:00:00",2622,0.551,0.602,0.573,0.664,0.548,0.648
"2018-07-04 02:30:00",2623,0.554,0.602,0.575,0.665,0.55,0.65
"2018-07-04 03:00:00",2624,0.555,0.602,0.575,0.664,0.549,0.649
"2018-07-04 03:30:00",2625,0.558,0.601,0.575,0.664,0.549,0.65
"2018-07-04 04:00:00",2626,0.559,0.603,0.576,0.665,0.551,0.651
"2018-07-04 04:30:00",2627,0.561,0.602,0.577,0.665,0.55,0.651
"2018-07-04 05:00:00",2628,0.563,0.603,0.577,0.666,0.551,0.652
"2018-07-04 05:30:00",2629,0.564,0.603,0.578,0.665,0.551,0.652
"2018-07-04 06:00:00",2630,0.565,0.603,0.578,0.664,0.55,0.652
"2018-07-04 06:30:00",2631,0.565,0.602,0.578,0.664,0.55,0.651
"2018-07-04 07:00:00",2632,0.564,0.602,0.576,0.662,0.55,0.649
"2018-07-04 07:30:00",2633,0.548,0.599,0.566,0.651,0.55,0.637
"2018-07-04 08:00:00",2634,0.491,0.584,0.523,0.617,0.548,0.594
"2018-07-04 08:30:00",2635,0.423,0.555,0.467,0.579,0.538,0.526
"2018-07-04 09:00:00",2636,0.424,0.552,0.468,0.58,0.528,0.53
"2018-07-04 09:30:00",2637,0.406,0.545,0.449,0.57,0.516,0.502
"2018-07-04 10:00:00",2638,0.382,0.525,0.428,0.541,0.486,0.468
"2018-07-04 10:30:00",2639,0.365,0.502,0.411,0.509,0.457,0.448
"2018-07-04 11:00:00",2640,0.362,0.492,0.405,0.511,0.446,0.449
"2018-07-04 11:30:00",2641,0.362,0.479,0.398,0.515,0.432,0.448
"2018-07-04 12:00:00",2642,0.367,0.477,0.403,0.515,0.429,0.451
"2018-07-04 12:30:00",2643,0.371,0.48,0.408,0.521,0.43,0.452
"2018-07-04 13:00:00",2644,0.371,0.472,0.405,0.523,0.421,0.447
"2018-07-04 13:30:00",2645,0.37,0.464,0.404,0.524,0.418,0.44
"2018-07-04 14:00:00",2646,0.375,0.465,0.411,0.533,0.42,0.441
"2018-07-04 14:30:00",2647,0.382,0.47,0.414,0.539,0.421,0.449
"2018-07-04 15:00:00",2648,0.387,0.473,0.418,0.544,0.426,0.455
"2018-07-04 15:30:00",2649,0.391,0.471,0.423,0.546,0.426,0.455
"2018-07-04 16:00:00",2650,0.398,0.47,0.431,0.554,0.429,0.46
"2018-07-04 16:30:00",2651,0.405,0.47,0.438,0.559,0.43,0.466
"2018-07-04 17:00:00",2652,0.409,0.473,0.442,0.559,0.432,0.472
"2018-07-04 17:30:00",2653,0.418,0.485,0.454,0.572,0.44,0.485
"2018-07-04 18:00:00",2654,0.443,0.506,0.478,0.59,0.453,0.506
"2018-07-04 18:30:00",2655,0.47,0.525,0.504,0.609,0.468,0.533
"2018-07-04 19:00:00",2656,0.497,0.549,0.526,0.626,0.487,0.564
"2018-07-04 19:30:00",2657,0.515,0.566,0.543,0.64,0.505,0.582
"2018-07-04 20:00:00",2658,0.529,0.579,0.554,0.648,0.517,0.602
"2018-07-04 20:30:00",2659,0.541,0.587,0.562,0.653,0.528,0.62
"2018-07-04 21:00:00",2660,0.547,0.593,0.566,0.658,0.535,0.629
"2018-07-04 21:30:00",2661,0.548,0.594,0.568,0.66,0.539,0.631
"2018-07-04 22:00:00",2662,0.543,0.596,0.568,0.661,0.541,0.629
"2018-07-04 22:30:00",2663,0.545,0.597,0.57,0.661,0.542,0.632
"2018-07-04 23:00:00",2664,0.546,0.597,0.572,0.662,0.542,0.634
"2018-07-04 23:30:00",2665,0.55,0.598,0.573,0.663,0.544,0.637
"2018-07-05 00:00:00",2666,0.552,0.598,0.575,0.664,0.546,0.64
"2018-07-05 00:30:00",2667,0.553,0.598,0.576,0.664,0.545,0.642
"2018-07-05 01:00:00",2668,0.553,0.597,0.577,0.665,0.546,0.643
"2018-07-05 01:30:00",2669,0.557,0.599,0.577,0.666,0.547,0.646
"2018-07-05 02:00:00",2670,0.56,0.599,0.578,0.666,0.547,0.649
"2018-07-05 02:30:00",2671,0.563,0.599,0.577,0.665,0.548,0.651
"2018-07-05 03:00:00",2672,0.564,0.601,0.576,0.664,0.547,0.651
"2018-07-05 03:30:00",2673,0.566,0.601,0.576,0.664,0.547,0.651
"2018-07-05 04:00:00",2674,0.567,0.601,0.576,0.664,0.548,0.652
"2018-07-05 04:30:00",2675,0.568,0.6,0.576,0.664,0.547,0.652
"2018-07-05 05:00:00",2676,0.568,0.601,0.576,0.664,0.547,0.652
"2018-07-05 05:30:00",2677,0.569,0.601,0.577,0.665,0.548,0.652
"2018-07-05 06:00:00",2678,0.57,0.601,0.576,0.664,0.547,0.653
"2018-07-05 06:30:00",2679,0.57,0.601,0.576,0.663,0.546,0.652
"2018-07-05 07:00:00",2680,0.57,0.599,0.577,0.663,0.545,0.651
"2018-07-05 07:30:00",2681,0.569,0.6,0.576,0.661,0.545,0.65
"2018-07-05 08:00:00",2682,0.567,0.601,0.575,0.66,0.544,0.649
"2018-07-05 08:30:00",2683,0.568,0.6,0.577,0.66,0.545,0.649
"2018-07-05 09:00:00",2684,0.562,0.599,0.576,0.656,0.544,0.645
"2018-07-05 09:30:00",2685,0.517,0.598,0.555,0.646,0.543,0.619
"2018-07-05 10:00:00",2686,0.473,0.598,0.544,0.637,0.543,0.591
"2018-07-05 10:30:00",2687,0.421,0.585,0.503,0.593,0.537,0.535
"2018-07-05 11:00:00",2688,0.395,0.567,0.467,0.571,0.525,0.506
"2018-07-05 11:30:00",2689,0.368,0.528,0.425,0.549,0.491,0.467
"2018-07-05 12:00:00",2690,0.366,0.509,0.414,0.534,0.465,0.457
"2018-07-05 12:30:00",2691,0.381,0.503,0.418,0.538,0.454,0.467
"2018-07-05 13:00:00",2692,0.375,0.492,0.42,0.543,0.436,0.457
"2018-07-05 13:30:00",2693,0.371,0.478,0.414,0.539,0.426,0.446
"2018-07-05 14:00:00",2694,0.374,0.478,0.416,0.542,0.423,0.446
"2018-07-05 14:30:00",2695,0.378,0.478,0.416,0.543,0.422,0.449
"2018-07-05 15:00:00",2696,0.383,0.479,0.418,0.545,0.426,0.457
"2018-07-05 15:30:00",2697,0.388,0.479,0.422,0.546,0.428,0.459
"2018-07-05 16:00:00",2698,0.397,0.48,0.429,0.553,0.43,0.469
"2018-07-05 16:30:00",2699,0.405,0.485,0.438,0.559,0.434,0.48
"2018-07-05 17:00:00",2700,0.414,0.493,0.448,0.566,0.439,0.491
"2018-07-05 17:30:00",2701,0.421,0.501,0.459,0.577,0.446,0.498
"2018-07-05 18:00:00",2702,0.439,0.512,0.481,0.595,0.455,0.512
"2018-07-05 18:30:00",2703,0.458,0.517,0.499,0.608,0.466,0.526
"2018-07-05 19:00:00",2704,0.477,0.53,0.515,0.621,0.481,0.545
"2018-07-05 19:30:00",2705,0.494,0.545,0.531,0.633,0.494,0.572
"2018-07-05 20:00:00",2706,0.512,0.564,0.545,0.644,0.51,0.598
"2018-07-05 20:30:00",2707,0.529,0.579,0.557,0.651,0.522,0.618
"2018-07-05 21:00:00",2708,0.54,0.587,0.563,0.656,0.53,0.631
"2018-07-05 21:30:00",2709,0.548,0.591,0.568,0.659,0.535,0.639
"2018-07-05 22:00:00",2710,0.555,0.594,0.571,0.66,0.536,0.645
"2018-07-05 22:30:00",2711,0.56,0.594,0.573,0.661,0.538,0.648
"2018-07-05 23:00:00",2712,0.562,0.595,0.575,0.663,0.539,0.651
"2018-07-05 23:30:00",2713,0.564,0.596,0.575,0.663,0.541,0.653
"2018-07-06 00:00:00",2714,0.564,0.596,0.576,0.664,0.54,0.652
"2018-07-06 00:30:00",2715,0.565,0.597,0.577,0.665,0.542,0.654
"2018-07-06 01:00:00",2716,0.567,0.597,0.578,0.665,0.542,0.655
"2018-07-06 01:30:00",2717,0.569,0.598,0.579,0.666,0.543,0.657
"2018-07-06 02:00:00",2718,0.57,0.599,0.579,0.666,0.544,0.657
"2018-07-06 02:30:00",2719,0.571,0.599,0.58,0.666,0.545,0.657
"2018-07-06 03:00:00",2720,0.57,0.6,0.578,0.666,0.545,0.657
"2018-07-06 03:30:00",2721,0.57,0.6,0.579,0.665,0.545,0.657
"2018-07-06 04:00:00",2722,0.569,0.6,0.578,0.664,0.545,0.656
"2018-07-06 04:30:00",2723,0.568,0.6,0.579,0.663,0.545,0.656
"2018-07-06 05:00:00",2724,0.567,0.601,0.578,0.663,0.545,0.656
"2018-07-06 05:30:00",2725,0.566,0.601,0.579,0.663,0.545,0.656
"2018-07-06 06:00:00",2726,0.566,0.601,0.579,0.663,0.545,0.656
"2018-07-06 06:30:00",2727,0.565,0.601,0.58,0.663,0.545,0.656
"2018-07-06 07:00:00",2728,0.564,0.602,0.579,0.663,0.546,0.654
"2018-07-06 07:30:00",2729,0.558,0.6,0.577,0.661,0.544,0.645
"2018-07-06 08:00:00",2730,0.548,0.597,0.574,0.659,0.542,0.632
"2018-07-06 08:30:00",2731,0.531,0.593,0.566,0.655,0.54,0.613
"2018-07-06 09:00:00",2732,0.516,0.589,0.562,0.652,0.535,0.599
"2018-07-06 09:30:00",2733,0.49,0.58,0.549,0.644,0.528,0.574
"2018-07-06 10:00:00",2734,0.468,0.572,0.535,0.634,0.518,0.557
"2018-07-06 10:30:00",2735,0.457,0.57,0.529,0.629,0.514,0.554
"2018-07-06 11:00:00",2736,0.43,0.557,0.503,0.608,0.5,0.531
"2018-07-06 11:30:00",2737,0.407,0.541,0.479,0.588,0.481,0.51
"2018-07-06 12:00:00",2738,0.401,0.532,0.466,0.575,0.467,0.505
"2018-07-06 12:30:00",2739,0.404,0.534,0.469,0.579,0.468,0.511
"2018-07-06 13:00:00",2740,0.393,0.523,0.452,0.569,0.451,0.503
"2018-07-06 13:30:00",2741,0.398,0.525,0.456,0.571,0.458,0.508
"2018-07-06 14:00:00",2742,0.388,0.516,0.444,0.561,0.452,0.493
"2018-07-06 14:30:00",2743,0.378,0.512,0.441,0.557,0.444,0.483
"2018-07-06 15:00:00",2744,0.371,0.501,0.431,0.549,0.434,0.474
"2018-07-06 15:30:00",2745,0.378,0.5,0.432,0.55,0.437,0.479
"2018-07-06 16:00:00",2746,0.383,0.501,0.433,0.553,0.439,0.482
"2018-07-06 16:30:00",2747,0.375,0.489,0.42,0.541,0.426,0.471
"2018-07-06 17:00:00",2748,0.395,0.505,0.444,0.561,0.448,0.491
"2018-07-06 17:30:00",2749,0.421,0.527,0.471,0.586,0.464,0.52
"2018-07-06 18:00:00",2750,0.446,0.545,0.498,0.607,0.479,0.543
"2018-07-06 18:30:00",2751,0.467,0.553,0.515,0.62,0.487,0.559
"2018-07-06 19:00:00",2752,0.491,0.566,0.536,0.633,0.497,0.582
"2018-07-06 19:30:00",2753,0.503,0.568,0.541,0.64,0.5,0.59
"2018-07-06 20:00:00",2754,0.511,0.572,0.552,0.644,0.506,0.599
"2018-07-06 20:30:00",2755,0.521,0.585,0.558,0.65,0.518,0.618
"2018-07-06 21:00:00",2756,0.531,0.592,0.562,0.654,0.526,0.631
"2018-07-06 21:30:00",2757,0.541,0.595,0.565,0.657,0.529,0.641
"2018-07-06 22:00:00",2758,0.548,0.597,0.568,0.661,0.533,0.649
"2018-07-06 22:30:00",2759,0.552,0.598,0.57,0.663,0.536,0.652
"2018-07-06 23:00:00",2760,0.556,0.599,0.572,0.665,0.538,0.653
"2018-07-06 23:30:00",2761,0.551,0.598,0.57,0.667,0.535,0.651
"2018-07-07 00:00:00",2762,0.546,0.599,0.561,0.661,0.528,0.646
"2018-07-07 00:30:00",2763,0.537,0.599,0.553,0.651,0.521,0.638
"2018-07-07 01:00:00",2764,0.525,0.593,0.545,0.641,0.517,0.628
"2018-07-07 01:30:00",2765,0.515,0.586,0.539,0.634,0.513,0.619
"2018-07-07 02:00:00",2766,0.51,0.586,0.537,0.634,0.513,0.618
"2018-07-07 02:30:00",2767,0.507,0.585,0.536,0.634,0.515,0.619
"2018-07-07 03:00:00",2768,0.505,0.585,0.534,0.636,0.516,0.622
"2018-07-07 03:30:00",2769,0.501,0.582,0.531,0.636,0.516,0.62
"2018-07-07 04:00:00",2770,0.496,0.58,0.53,0.636,0.514,0.621
"2018-07-07 04:30:00",2771,0.494,0.579,0.53,0.636,0.513,0.622
"2018-07-07 05:00:00",2772,0.494,0.579,0.528,0.636,0.515,0.622
"2018-07-07 05:30:00",2773,0.496,0.581,0.528,0.636,0.517,0.625
"2018-07-07 06:00:00",2774,0.499,0.581,0.529,0.636,0.519,0.626
"2018-07-07 06:30:00",2775,0.488,0.573,0.527,0.633,0.512,0.617
"2018-07-07 07:00:00",2776,0.464,0.561,0.522,0.628,0.501,0.595
"2018-07-07 07:30:00",2777,0.441,0.55,0.513,0.621,0.492,0.575
"2018-07-07 08:00:00",2778,0.427,0.54,0.505,0.614,0.485,0.558
"2018-07-07 08:30:00",2779,0.418,0.534,0.496,0.607,0.48,0.541
"2018-07-07 09:00:00",2780,0.403,0.528,0.484,0.594,0.474,0.519
"2018-07-07 09:30:00",2781,0.397,0.525,0.476,0.586,0.468,0.506
"2018-07-07 10:00:00",2782,0.386,0.52,0.465,0.575,0.459,0.487
"2018-07-07 10:30:00",2783,0.375,0.511,0.457,0.554,0.449,0.471
"2018-07-07 11:00:00",2784,0.369,0.502,0.449,0.543,0.438,0.461
"2018-07-07 11:30:00",2785,0.368,0.497,0.443,0.551,0.431,0.464
"2018-07-07 12:00:00",2786,0.372,0.496,0.445,0.552,0.431,0.468
"2018-07-07 12:30:00",2787,0.376,0.496,0.45,0.557,0.431,0.469
"2018-07-07 13:00:00",2788,0.381,0.496,0.454,0.564,0.429,0.473
"2018-07-07 13:30:00",2789,0.388,0.502,0.465,0.576,0.432,0.477
"2018-07-07 14:00:00",2790,0.394,0.509,0.472,0.586,0.434,0.48
"2018-07-07 14:30:00",2791,0.397,0.507,0.473,0.587,0.431,0.479
"2018-07-07 15:00:00",2792,0.407,0.512,0.477,0.592,0.44,0.489
"2018-07-07 15:30:00",2793,0.414,0.514,0.478,0.594,0.442,0.493
"2018-07-07 16:00:00",2794,0.424,0.51,0.479,0.596,0.443,0.495
"2018-07-07 16:30:00",2795,0.432,0.507,0.482,0.596,0.446,0.503
"2018-07-07 17:00:00",2796,0.438,0.514,0.481,0.595,0.45,0.517
"2018-07-07 17:30:00",2797,0.444,0.527,0.482,0.601,0.457,0.53
"2018-07-07 18:00:00",2798,0.45,0.533,0.49,0.609,0.465,0.54
"2018-07-07 18:30:00",2799,0.46,0.541,0.495,0.613,0.47,0.549
"2018-07-07 19:00:00",2800,0.475,0.553,0.503,0.62,0.48,0.565
"2018-07-07 19:30:00",2801,0.484,0.562,0.511,0.625,0.488,0.583
"2018-07-07 20:00:00",2802,0.495,0.57,0.522,0.631,0.501,0.595
"2018-07-07 20:30:00",2803,0.511,0.582,0.539,0.641,0.517,0.616
"2018-07-07 21:00:00",2804,0.52,0.588,0.55,0.651,0.526,0.627
"2018-07-07 21:30:00",2805,0.521,0.588,0.553,0.656,0.531,0.629
"2018-07-07 22:00:00",2806,0.525,0.592,0.559,0.659,0.534,0.635
"2018-07-07 22:30:00",2807,0.527,0.592,0.561,0.662,0.536,0.638
"2018-07-07 23:00:00",2808,0.532,0.596,0.563,0.663,0.537,0.642
"2018-07-07 23:30:00",2809,0.535,0.598,0.566,0.664,0.539,0.644
"2018-07-08 00:00:00",2810,0.536,0.6,0.567,0.665,0.539,0.646
"2018-07-08 00:30:00",2811,0.538,0.602,0.567,0.665,0.54,0.648
"2018-07-08 01:00:00",2812,0.538,0.603,0.567,0.665,0.541,0.647
"2018-07-08 01:30:00",2813,0.539,0.603,0.566,0.664,0.537,0.648
"2018-07-08 02:00:00",2814,0.542,0.604,0.566,0.662,0.535,0.65
"2018-07-08 02:30:00",2815,0.548,0.602,0.568,0.664,0.535,0.654
"2018-07-08 03:00:00",2816,0.551,0.604,0.57,0.666,0.537,0.657
"2018-07-08 03:30:00",2817,0.556,0.604,0.572,0.668,0.537,0.66
"2018-07-08 04:00:00",2818,0.559,0.604,0.574,0.67,0.538,0.663
"2018-07-08 04:30:00",2819,0.562,0.606,0.576,0.67,0.541,0.665
"2018-07-08 05:00:00",2820,0.563,0.607,0.577,0.67,0.542,0.665
"2018-07-08 05:30:00",2821,0.564,0.608,0.576,0.669,0.541,0.665
"2018-07-08 06:00:00",2822,0.567,0.608,0.579,0.67,0.541,0.666
"2018-07-08 06:30:00",2823,0.569,0.608,0.58,0.669,0.542,0.664
"2018-07-08 07:00:00",2824,0.566,0.607,0.577,0.665,0.542,0.659
"2018-07-08 07:30:00",2825,0.545,0.602,0.564,0.656,0.541,0.648
"2018-07-08 08:00:00",2826,0.495,0.59,0.536,0.638,0.54,0.614
"2018-07-08 08:30:00",2827,0.428,0.559,0.485,0.591,0.517,0.521
"2018-07-08 09:00:00",2828,0.396,0.536,0.459,0.564,0.494,0.482
"2018-07-08 09:30:00",2829,0.379,0.518,0.44,0.553,0.473,0.458
"2018-07-08 10:00:00",2830,0.373,0.503,0.434,0.545,0.452,0.448
"2018-07-08 10:30:00",2831,0.37,0.49,0.429,0.528,0.437,0.446
"2018-07-08 11:00:00",2832,0.367,0.479,0.423,0.526,0.425,0.452
"2018-07-08 11:30:00",2833,0.367,0.478,0.422,0.541,0.419,0.461
"2018-07-08 12:00:00",2834,0.37,0.482,0.428,0.545,0.424,0.467
"2018-07-08 12:30:00",2835,0.374,0.483,0.431,0.546,0.423,0.463
"2018-07-08 13:00:00",2836,0.375,0.477,0.432,0.551,0.416,0.461
"2018-07-08 13:30:00",2837,0.378,0.477,0.437,0.561,0.417,0.459
"2018-07-08 14:00:00",2838,0.382,0.479,0.44,0.571,0.416,0.46
"2018-07-08 14:30:00",2839,0.388,0.482,0.441,0.575,0.418,0.465
"2018-07-08 15:00:00",2840,0.393,0.482,0.44,0.574,0.422,0.473
"2018-07-08 15:30:00",2841,0.401,0.486,0.448,0.579,0.431,0.478
"2018-07-08 16:00:00",2842,0.412,0.484,0.455,0.582,0.431,0.484
"2018-07-08 16:30:00",2843,0.421,0.484,0.462,0.585,0.429,0.499
"2018-07-08 17:00:00",2844,0.433,0.499,0.468,0.588,0.44,0.518
"2018-07-08 17:30:00",2845,0.44,0.514,0.475,0.599,0.453,0.528
"2018-07-08 18:00:00",2846,0.446,0.521,0.484,0.605,0.465,0.536
"2018-07-08 18:30:00",2847,0.46,0.533,0.498,0.615,0.475,0.548
"2018-07-08 19:00:00",2848,0.476,0.55,0.51,0.626,0.494,0.569
"2018-07-08 19:30:00",2849,0.488,0.562,0.521,0.634,0.504,0.588
"2018-07-08 20:00:00",2850,0.504,0.573,0.533,0.641,0.514,0.606
"2018-07-08 20:30:00",2851,0.52,0.583,0.544,0.648,0.522,0.623
"2018-07-08 21:00:00",2852,0.531,0.589,0.552,0.653,0.528,0.635
"2018-07-08 21:30:00",2853,0.54,0.595,0.558,0.658,0.534,0.642
"2018-07-08 22:00:00",2854,0.545,0.598,0.563,0.662,0.538,0.646
"2018-07-08 22:30:00",2855,0.545,0.6,0.563,0.664,0.539,0.645
"2018-07-08 23:00:00",2856,0.543,0.601,0.562,0.663,0.539,0.645
"2018-07-08 23:30:00",2857,0.542,0.602,0.56,0.662,0.538,0.644
"2018-07-09 00:00:00",2858,0.544,0.604,0.562,0.663,0.539,0.646
"2018-07-09 00:30:00",2859,0.55,0.604,0.566,0.666,0.54,0.652
"2018-07-09 01:00:00",2860,0.553,0.603,0.566,0.666,0.539,0.655
"2018-07-09 01:30:00",2861,0.557,0.603,0.568,0.667,0.54,0.658
"2018-07-09 02:00:00",2862,0.561,0.602,0.571,0.671,0.539,0.662
"2018-07-09 02:30:00",2863,0.563,0.602,0.572,0.674,0.538,0.666
"2018-07-09 03:00:00",2864,0.565,0.603,0.574,0.675,0.541,0.668
"2018-07-09 03:30:00",2865,0.567,0.606,0.575,0.675,0.541,0.67
"2018-07-09 04:00:00",2866,0.57,0.605,0.575,0.675,0.54,0.671
"2018-07-09 04:30:00",2867,0.572,0.605,0.576,0.675,0.54,0.67
"2018-07-09 05:00:00",2868,0.574,0.605,0.579,0.675,0.541,0.67
"2018-07-09 05:30:00",2869,0.575,0.606,0.579,0.676,0.541,0.67
"2018-07-09 06:00:00",2870,0.576,0.607,0.58,0.675,0.542,0.67
"2018-07-09 06:30:00",2871,0.578,0.607,0.58,0.673,0.541,0.668
"2018-07-09 07:00:00",2872,0.574,0.607,0.576,0.668,0.542,0.663
"2018-07-09 07:30:00",2873,0.548,0.601,0.56,0.657,0.544,0.646
"2018-07-09 08:00:00",2874,0.491,0.586,0.525,0.631,0.543,0.601
"2018-07-09 08:30:00",2875,0.437,0.566,0.477,0.601,0.539,0.547
"2018-07-09 09:00:00",2876,0.402,0.55,0.449,0.584,0.532,0.505
"2018-07-09 09:30:00",2877,0.38,0.531,0.429,0.566,0.513,0.465
"2018-07-09 10:00:00",2878,0.374,0.509,0.424,0.541,0.479,0.44
"2018-07-09 10:30:00",2879,0.374,0.496,0.421,0.517,0.457,0.439
