TOA5,CR1000-SALT2,CR1000,86631,CR1000.Std.31.03,CPU:Sapflow_SERC.CR1,8974,Table1,,
TIMESTAMP,RECORD,DiffVolt_Avg(1),DiffVolt_Avg(2),DiffVolt_Avg(3),DiffVolt_Avg(4),DiffVolt_Avg(5),DiffVolt_Avg(6),DiffVolt_Avg(7),DiffVolt_Avg(8)
TS,RN,mV,mV,mV,mV,mV,mV,mV,mV
,,Avg,Avg,Avg,Avg,Avg,Avg,Avg,Avg
5/9/2018 13:30,0,0.006,0.009,0.011,0.017,-0.004,0.015,NAN,NAN
5/10/2018 11:30,1,0.24,0.212,0.203,0.194,0.191,0.193,0.213,0.194
5/10/2018 12:00,2,0.467,0.405,0.395,0.415,0.382,0.368,0.449,0.445
5/10/2018 12:30,3,0.526,0.459,0.441,0.476,0.437,0.417,0.506,0.525
5/10/2018 13:00,4,0.542,0.472,0.453,0.493,0.453,0.429,0.52,0.55
5/10/2018 13:30,5,0.535,0.465,0.447,0.482,0.441,0.415,0.515,0.556
5/10/2018 14:00,6,0.535,0.462,0.446,0.48,0.433,0.411,0.501,0.557
5/10/2018 14:30,7,0.537,0.461,0.448,0.481,0.427,0.415,0.496,0.554
5/10/2018 15:00,8,0.544,0.464,0.458,0.488,0.432,0.421,0.499,0.554
5/10/2018 15:30,9,0.549,0.467,0.463,0.488,0.419,0.424,0.479,0.552
5/10/2018 16:00,10,0.561,0.473,0.473,0.502,0.444,0.434,0.507,0.559
5/10/2018 16:30,11,0.576,0.487,0.486,0.513,0.462,0.45,0.523,0.566
5/10/2018 17:00,12,0.597,0.504,0.509,0.531,0.486,0.474,0.54,0.569
5/10/2018 17:30,13,0.61,0.517,0.523,0.54,0.499,0.488,0.551,0.571
5/10/2018 18:00,14,0.63,0.535,0.548,0.558,0.517,0.516,0.568,0.575
5/10/2018 18:30,15,0.642,0.548,0.571,0.571,0.532,0.541,0.576,0.576
5/10/2018 19:00,16,0.654,0.556,0.581,0.583,0.54,0.549,0.588,0.578
5/10/2018 19:30,17,0.66,0.558,0.58,0.586,0.544,0.546,0.593,0.579
5/10/2018 20:00,18,0.661,0.558,0.588,0.586,0.545,0.553,0.595,0.58
5/10/2018 20:30,19,0.665,0.56,0.593,0.588,0.547,0.562,0.598,0.58
5/10/2018 21:00,20,0.67,0.564,0.6,0.594,0.549,0.568,0.603,0.579
5/10/2018 21:30,21,0.675,0.567,0.606,0.598,0.552,0.57,0.609,0.579
5/10/2018 22:00,22,0.678,0.569,0.609,0.6,0.553,0.574,0.612,0.582
5/10/2018 22:30,23,0.68,0.57,0.611,0.601,0.555,0.576,0.615,0.584
5/10/2018 23:00,24,0.683,0.571,0.611,0.602,0.557,0.58,0.621,0.588
5/10/2018 23:30,25,0.684,0.572,0.613,0.602,0.558,0.58,0.621,0.588
5/11/2018 0:00,26,0.685,0.573,0.615,0.602,0.559,0.581,0.622,0.59
5/11/2018 0:30,27,0.686,0.573,0.617,0.603,0.56,0.583,0.624,0.592
5/11/2018 1:00,28,0.686,0.574,0.619,0.603,0.561,0.585,0.627,0.594
5/11/2018 1:30,29,0.687,0.574,0.619,0.603,0.562,0.583,0.628,0.595
5/11/2018 2:00,30,0.687,0.574,0.62,0.602,0.563,0.582,0.628,0.595
5/11/2018 2:30,31,0.688,0.574,0.621,0.602,0.563,0.582,0.629,0.596
5/11/2018 3:00,32,0.688,0.574,0.622,0.603,0.564,0.582,0.629,0.596
5/11/2018 3:30,33,0.689,0.574,0.623,0.603,0.564,0.582,0.629,0.596
5/11/2018 4:00,34,0.689,0.574,0.623,0.603,0.564,0.581,0.629,0.597
5/11/2018 4:30,35,0.689,0.574,0.623,0.602,0.564,0.58,0.629,0.597
5/11/2018 5:00,36,0.69,0.575,0.625,0.602,0.565,0.579,0.63,0.598
5/11/2018 5:30,37,0.69,0.575,0.626,0.602,0.565,0.578,0.631,0.598
5/11/2018 6:00,38,0.69,0.575,0.626,0.602,0.566,0.577,0.63,0.598
5/11/2018 6:30,39,0.69,0.576,0.625,0.602,0.566,0.576,0.63,0.599
5/11/2018 7:00,40,0.69,0.576,0.615,0.602,0.566,0.575,0.63,0.6
5/11/2018 7:30,41,0.685,0.575,0.581,0.597,0.564,0.559,0.628,0.599
5/11/2018 8:00,42,0.665,0.565,0.54,0.575,0.555,0.522,0.62,0.597
5/11/2018 8:30,43,0.633,0.543,0.517,0.548,0.53,0.491,0.602,0.595
5/11/2018 9:00,44,0.609,0.519,0.501,0.529,0.494,0.474,0.58,0.593
5/11/2018 9:30,45,0.596,0.505,0.497,0.522,0.473,0.465,0.56,0.589
5/11/2018 10:00,46,0.586,0.495,0.493,0.515,0.46,0.458,0.537,0.582
5/11/2018 10:30,47,0.58,0.488,0.491,0.509,0.451,0.454,0.52,0.575
5/11/2018 11:00,48,0.577,0.484,0.491,0.507,0.446,0.451,0.511,0.571
5/11/2018 11:30,49,0.572,0.479,0.49,0.503,0.442,0.45,0.501,0.565
5/11/2018 12:00,50,0.569,0.476,0.489,0.501,0.44,0.448,0.494,0.557
5/11/2018 12:30,51,0.575,0.48,0.495,0.512,0.447,0.453,0.505,0.56
5/11/2018 13:00,52,0.57,0.476,0.493,0.507,0.44,0.449,0.499,0.557
5/11/2018 13:30,53,0.567,0.473,0.489,0.504,0.437,0.448,0.496,0.555
5/11/2018 14:00,54,0.568,0.473,0.49,0.506,0.437,0.448,0.497,0.552
5/11/2018 14:30,55,0.566,0.472,0.489,0.505,0.437,0.448,0.494,0.549
5/11/2018 15:00,56,0.569,0.474,0.492,0.508,0.439,0.449,0.505,0.553
5/11/2018 15:30,57,0.567,0.473,0.49,0.506,0.439,0.449,0.5,0.55
5/11/2018 16:00,58,0.57,0.475,0.493,0.51,0.442,0.45,0.505,0.552
5/11/2018 16:30,59,0.573,0.478,0.495,0.513,0.446,0.452,0.505,0.551
5/11/2018 17:00,60,0.581,0.484,0.503,0.52,0.455,0.457,0.519,0.558
5/11/2018 17:30,61,0.59,0.492,0.513,0.528,0.471,0.464,0.528,0.564
5/11/2018 18:00,62,0.593,0.496,0.518,0.528,0.478,0.468,0.535,0.567
5/11/2018 18:30,63,0.605,0.509,0.53,0.535,0.492,0.482,0.544,0.572
5/11/2018 19:00,64,0.626,0.534,0.55,0.555,0.516,0.503,0.563,0.578
5/11/2018 19:30,65,0.643,0.55,0.566,0.565,0.532,0.521,0.576,0.581
5/11/2018 20:00,66,0.663,0.561,0.597,0.586,0.544,0.553,0.591,0.583
5/11/2018 20:30,67,0.677,0.57,0.616,0.601,0.551,0.573,0.603,0.586
5/11/2018 21:00,68,0.684,0.574,0.625,0.607,0.555,0.582,0.613,0.587
5/11/2018 21:30,69,0.689,0.577,0.629,0.609,0.559,0.588,0.619,0.591
5/11/2018 22:00,70,0.691,0.579,0.632,0.61,0.562,0.592,0.624,0.595
5/11/2018 22:30,71,0.693,0.58,0.634,0.611,0.563,0.593,0.626,0.598
5/11/2018 23:00,72,0.695,0.581,0.636,0.611,0.565,0.595,0.629,0.6
5/11/2018 23:30,73,0.696,0.582,0.637,0.61,0.566,0.598,0.63,0.602
5/12/2018 0:00,74,0.697,0.582,0.638,0.611,0.566,0.596,0.63,0.6
5/12/2018 0:30,75,0.698,0.582,0.638,0.61,0.567,0.601,0.631,0.603
5/12/2018 1:00,76,0.699,0.583,0.64,0.612,0.567,0.603,0.634,0.603
5/12/2018 1:30,77,0.699,0.581,0.64,0.61,0.567,0.604,0.633,0.601
5/12/2018 2:00,78,0.699,0.58,0.639,0.609,0.565,0.604,0.632,0.601
5/12/2018 2:30,79,0.699,0.58,0.639,0.608,0.565,0.604,0.633,0.599
5/12/2018 3:00,80,0.699,0.579,0.637,0.606,0.563,0.603,0.631,0.598
5/12/2018 3:30,81,0.699,0.578,0.636,0.604,0.562,0.602,0.628,0.596
5/12/2018 4:00,82,0.699,0.578,0.637,0.604,0.562,0.603,0.631,0.597
5/12/2018 4:30,83,0.699,0.579,0.64,0.61,0.563,0.604,0.636,0.598
5/12/2018 5:00,84,0.699,0.579,0.64,0.608,0.564,0.604,0.633,0.598
5/12/2018 5:30,85,0.697,0.578,0.64,0.608,0.563,0.604,0.63,0.598
5/12/2018 6:00,86,0.697,0.579,0.64,0.608,0.564,0.603,0.632,0.597
5/12/2018 6:30,87,0.698,0.579,0.641,0.609,0.565,0.603,0.635,0.599
5/12/2018 7:00,88,0.689,0.573,0.632,0.601,0.562,0.602,0.616,0.596
5/12/2018 7:30,89,0.681,0.571,0.602,0.594,0.558,0.591,0.604,0.593
5/12/2018 8:00,90,0.662,0.562,0.561,0.578,0.55,0.56,0.594,0.588
5/12/2018 8:30,91,0.642,0.551,0.542,0.56,0.538,0.532,0.586,0.587
5/12/2018 9:00,92,0.625,0.534,0.527,0.542,0.518,0.507,0.575,0.587
5/12/2018 9:30,93,0.62,0.526,0.521,0.537,0.504,0.497,0.563,0.587
5/12/2018 10:00,94,0.62,0.525,0.523,0.54,0.502,0.497,0.554,0.589
5/12/2018 10:30,95,0.611,0.512,0.514,0.531,0.492,0.483,0.546,0.588
5/12/2018 11:00,96,0.599,0.501,0.505,0.517,0.478,0.469,0.536,0.584
5/12/2018 11:30,97,0.589,0.491,0.5,0.511,0.467,0.462,0.523,0.58
5/12/2018 12:00,98,0.587,0.489,0.504,0.516,0.462,0.465,0.519,0.579
5/12/2018 12:30,99,0.589,0.491,0.504,0.52,0.464,0.468,0.51,0.574
5/12/2018 13:00,100,0.586,0.488,0.504,0.518,0.464,0.466,0.507,0.573
5/12/2018 13:30,101,0.579,0.481,0.501,0.512,0.455,0.459,0.508,0.572
5/12/2018 14:00,102,0.583,0.482,0.503,0.516,0.458,0.463,0.513,0.573
5/12/2018 14:30,103,0.58,0.48,0.501,0.516,0.455,0.458,0.512,0.574
5/12/2018 15:00,104,0.578,0.479,0.501,0.513,0.449,0.456,0.515,0.575
5/12/2018 15:30,105,0.578,0.48,0.502,0.515,0.451,0.457,0.518,0.575
5/12/2018 16:00,106,0.582,0.482,0.506,0.518,0.453,0.459,0.523,0.577
5/12/2018 16:30,107,0.583,0.483,0.508,0.52,0.453,0.461,0.527,0.576
5/12/2018 17:00,108,0.582,0.485,0.507,0.517,0.453,0.46,0.529,0.577
5/12/2018 17:30,109,0.592,0.493,0.517,0.525,0.469,0.469,0.541,0.578
5/12/2018 18:00,110,0.607,0.507,0.531,0.537,0.491,0.483,0.552,0.58
5/12/2018 18:30,111,0.614,0.516,0.539,0.54,0.499,0.49,0.56,0.579
5/12/2018 19:00,112,0.631,0.531,0.561,0.557,0.516,0.517,0.569,0.577
5/12/2018 19:30,113,0.653,0.55,0.591,0.58,0.533,0.548,0.582,0.578
5/12/2018 20:00,114,0.672,0.565,0.613,0.598,0.545,0.572,0.597,0.581
5/12/2018 20:30,115,0.682,0.572,0.623,0.606,0.551,0.586,0.607,0.585
5/12/2018 21:00,116,0.675,0.567,0.612,0.594,0.55,0.584,0.587,0.571
5/12/2018 21:30,117,0.67,0.566,0.594,0.528,0.551,0.577,0.524,0.551
5/12/2018 22:00,118,0.654,0.567,0.591,0.463,0.554,0.58,0.537,0.533
5/12/2018 22:30,119,0.665,0.575,0.6,0.514,0.558,0.586,0.574,0.551
5/12/2018 23:00,120,0.671,0.576,0.599,0.527,0.559,0.588,0.582,0.552
5/12/2018 23:30,121,0.676,0.578,0.603,0.54,0.561,0.591,0.588,0.56
5/13/2018 0:00,122,0.675,0.578,0.601,0.542,0.561,0.594,0.588,0.564
5/13/2018 0:30,123,0.673,0.576,0.601,0.543,0.561,0.595,0.584,0.562
5/13/2018 1:00,124,0.682,0.58,0.605,0.554,0.563,0.597,0.597,0.57
5/13/2018 1:30,125,0.684,0.581,0.607,0.558,0.564,0.598,0.6,0.576
5/13/2018 2:00,126,0.685,0.581,0.605,0.557,0.564,0.596,0.598,0.58
5/13/2018 2:30,127,0.682,0.578,0.596,0.549,0.56,0.593,0.588,0.574
5/13/2018 3:00,128,0.674,0.574,0.592,0.544,0.558,0.591,0.576,0.57
5/13/2018 3:30,129,0.673,0.573,0.59,0.542,0.557,0.589,0.573,0.569
5/13/2018 4:00,130,0.668,0.574,0.594,0.541,0.558,0.59,0.57,0.573
5/13/2018 4:30,131,0.667,0.571,0.598,0.542,0.558,0.591,0.574,0.574
5/13/2018 5:00,132,0.67,0.572,0.601,0.545,0.558,0.593,0.581,0.576
5/13/2018 5:30,133,0.678,0.574,0.601,0.547,0.557,0.592,0.592,0.574
5/13/2018 6:00,134,0.68,0.576,0.611,0.555,0.559,0.595,0.602,0.569
5/13/2018 6:30,135,0.683,0.578,0.62,0.561,0.561,0.599,0.589,0.537
5/13/2018 7:00,136,0.683,0.578,0.622,0.562,0.561,0.6,0.586,0.537
5/13/2018 7:30,137,0.678,0.571,0.622,0.56,0.561,0.601,0.584,0.542
5/13/2018 8:00,138,0.678,0.572,0.62,0.56,0.56,0.601,0.59,0.552
5/13/2018 8:30,139,0.678,0.575,0.615,0.56,0.559,0.597,0.585,0.559
5/13/2018 9:00,140,0.676,0.574,0.613,0.559,0.558,0.596,0.584,0.56
5/13/2018 9:30,141,0.676,0.572,0.613,0.563,0.56,0.597,0.591,0.563
5/13/2018 10:00,142,0.676,0.574,0.613,0.564,0.561,0.597,0.589,0.563
5/13/2018 10:30,143,0.663,0.572,0.6,0.551,0.558,0.589,0.567,0.554
5/13/2018 11:00,144,0.66,0.57,0.594,0.549,0.558,0.586,0.566,0.55
5/13/2018 11:30,145,0.67,0.572,0.605,0.556,0.56,0.593,0.585,0.556
5/13/2018 12:00,146,0.673,0.575,0.61,0.56,0.561,0.595,0.593,0.564
5/13/2018 12:30,147,0.67,0.573,0.606,0.558,0.561,0.594,0.587,0.562
5/13/2018 13:00,148,0.674,0.574,0.607,0.561,0.562,0.594,0.592,0.563
5/13/2018 13:30,149,0.668,0.571,0.608,0.557,0.562,0.596,0.581,0.559
5/13/2018 14:00,150,0.664,0.565,0.606,0.553,0.562,0.594,0.576,0.551
5/13/2018 14:30,151,0.665,0.565,0.607,0.553,0.562,0.595,0.581,0.554
5/13/2018 15:00,152,0.667,0.567,0.608,0.556,0.562,0.595,0.585,0.561
5/13/2018 15:30,153,0.667,0.568,0.606,0.556,0.562,0.595,0.585,0.563
5/13/2018 16:00,154,0.667,0.568,0.604,0.557,0.562,0.594,0.587,0.565
5/13/2018 16:30,155,0.668,0.569,0.601,0.56,0.561,0.591,0.589,0.568
5/13/2018 17:00,156,0.669,0.572,0.596,0.561,0.559,0.586,0.594,0.573
5/13/2018 17:30,157,0.671,0.576,0.595,0.565,0.559,0.585,0.598,0.578
5/13/2018 18:00,158,0.672,0.577,0.598,0.566,0.56,0.588,0.597,0.579
5/13/2018 18:30,159,0.67,0.576,0.597,0.565,0.559,0.587,0.596,0.578
5/13/2018 19:00,160,0.672,0.577,0.599,0.567,0.56,0.589,0.597,0.578
5/13/2018 19:30,161,0.677,0.58,0.604,0.572,0.561,0.594,0.604,0.582
5/13/2018 20:00,162,0.68,0.582,0.613,0.576,0.563,0.6,0.606,0.582
5/13/2018 20:30,163,0.682,0.583,0.618,0.579,0.565,0.603,0.608,0.584
5/13/2018 21:00,164,0.683,0.582,0.621,0.579,0.565,0.605,0.609,0.583
5/13/2018 21:30,165,0.684,0.581,0.624,0.58,0.566,0.606,0.61,0.585
5/13/2018 22:00,166,0.682,0.578,0.624,0.58,0.566,0.607,0.608,0.583
5/13/2018 22:30,167,0.686,0.578,0.625,0.584,0.566,0.605,0.612,0.584
5/13/2018 23:00,168,0.679,0.579,0.62,0.57,0.565,0.602,0.585,0.559
5/13/2018 23:30,169,0.652,0.58,0.609,0.52,0.565,0.601,0.565,0.534
5/14/2018 0:00,170,0.655,0.572,0.608,0.526,0.564,0.599,0.581,0.544
5/14/2018 0:30,171,0.663,0.571,0.612,0.548,0.564,0.597,0.591,0.554
5/14/2018 1:00,172,0.67,0.573,0.617,0.559,0.563,0.597,0.601,0.563
5/14/2018 1:30,173,0.663,0.573,0.62,0.565,0.563,0.597,0.602,0.567
5/14/2018 2:00,174,0.623,0.574,0.622,0.568,0.562,0.597,0.603,0.569
5/14/2018 2:30,175,0.616,0.574,0.623,0.57,0.562,0.598,0.603,0.572
5/14/2018 3:00,176,0.613,0.572,0.622,0.57,0.56,0.599,0.6,0.572
5/14/2018 3:30,177,0.606,0.567,0.621,0.566,0.558,0.599,0.592,0.568
5/14/2018 4:00,178,0.608,0.57,0.623,0.569,0.558,0.599,0.599,0.568
5/14/2018 4:30,179,0.61,0.571,0.624,0.573,0.559,0.599,0.602,0.57
5/14/2018 5:00,180,0.61,0.573,0.626,0.576,0.559,0.599,0.606,0.571
5/14/2018 5:30,181,0.61,0.573,0.625,0.576,0.559,0.598,0.603,0.571
5/14/2018 6:00,182,0.609,0.573,0.624,0.573,0.558,0.598,0.6,0.571
5/14/2018 6:30,183,0.608,0.571,0.624,0.572,0.557,0.598,0.601,0.571
5/14/2018 7:00,184,0.608,0.571,0.622,0.572,0.556,0.599,0.603,0.571
5/14/2018 7:30,185,0.606,0.568,0.62,0.571,0.556,0.599,0.598,0.569
5/14/2018 8:00,186,0.606,0.568,0.62,0.572,0.557,0.6,0.599,0.568
5/14/2018 8:30,187,0.608,0.57,0.62,0.572,0.557,0.6,0.602,0.569
5/14/2018 9:00,188,0.609,0.572,0.621,0.574,0.557,0.601,0.602,0.569
5/14/2018 9:30,189,0.609,0.573,0.618,0.575,0.557,0.602,0.598,0.568
5/14/2018 10:00,190,0.608,0.573,0.615,0.574,0.556,0.601,0.594,0.566
5/14/2018 10:30,191,0.609,0.574,0.606,0.57,0.555,0.597,0.591,0.559
5/14/2018 11:00,192,0.61,0.577,0.603,0.575,0.557,0.593,0.598,0.564
5/14/2018 11:30,193,0.604,0.574,0.592,0.57,0.556,0.583,0.591,0.564
5/14/2018 12:00,194,0.601,0.575,0.581,0.569,0.554,0.568,0.591,0.563
5/14/2018 12:30,195,0.6,0.576,0.583,0.569,0.556,0.572,0.59,0.564
5/14/2018 13:00,196,0.597,0.574,0.576,0.566,0.554,0.562,0.587,0.564
5/14/2018 13:30,197,0.588,0.571,0.566,0.559,0.548,0.55,0.577,0.562
5/14/2018 14:00,198,0.587,0.571,0.565,0.56,0.546,0.546,0.576,0.565
5/14/2018 14:30,199,0.576,0.561,0.552,0.549,0.536,0.529,0.561,0.563
5/14/2018 15:00,200,0.565,0.552,0.54,0.54,0.525,0.512,0.553,0.564
5/14/2018 15:30,201,0.557,0.543,0.531,0.532,0.516,0.501,0.54,0.562
5/14/2018 16:00,202,0.547,0.532,0.523,0.524,0.505,0.485,0.53,0.56
5/14/2018 16:30,203,0.535,0.52,0.516,0.514,0.491,0.478,0.524,0.559
5/14/2018 17:00,204,0.53,0.517,0.514,0.51,0.488,0.477,0.526,0.561
5/14/2018 17:30,205,0.54,0.526,0.523,0.518,0.501,0.489,0.531,0.56
5/14/2018 18:00,206,0.555,0.543,0.54,0.532,0.516,0.514,0.549,0.567
5/14/2018 18:30,207,0.574,0.56,0.565,0.548,0.532,0.545,0.566,0.57
5/14/2018 19:00,208,0.59,0.571,0.589,0.564,0.543,0.57,0.578,0.569
5/14/2018 19:30,209,0.599,0.576,0.604,0.57,0.55,0.588,0.586,0.57
5/14/2018 20:00,210,0.602,0.576,0.611,0.572,0.551,0.592,0.584,0.567
5/14/2018 20:30,211,0.574,0.573,0.605,0.552,0.55,0.593,0.54,0.537
5/14/2018 21:00,212,0.542,0.568,0.602,0.476,0.55,0.589,0.547,0.517
5/14/2018 21:30,213,0.549,0.566,0.603,0.49,0.55,0.59,0.577,0.531
5/14/2018 22:00,214,0.552,0.564,0.602,0.525,0.549,0.587,0.573,0.533
5/14/2018 22:30,215,0.544,0.561,0.599,0.507,0.548,0.588,0.573,0.532
5/14/2018 23:00,216,0.549,0.56,0.6,0.514,0.546,0.585,0.574,0.532
5/14/2018 23:30,217,0.558,0.564,0.603,0.528,0.546,0.588,0.578,0.544
5/15/2018 0:00,218,0.569,0.566,0.607,0.54,0.547,0.587,0.581,0.548
5/15/2018 0:30,219,0.575,0.567,0.609,0.546,0.547,0.586,0.582,0.55
5/15/2018 1:00,220,0.58,0.567,0.612,0.549,0.547,0.585,0.584,0.552
5/15/2018 1:30,221,0.582,0.568,0.615,0.551,0.548,0.589,0.586,0.555
5/15/2018 2:00,222,0.584,0.569,0.617,0.551,0.548,0.592,0.59,0.559
5/15/2018 2:30,223,0.586,0.57,0.619,0.552,0.533,0.593,0.592,0.56
5/15/2018 3:00,224,0.588,0.571,0.62,0.554,0.528,0.59,0.589,0.557
5/15/2018 3:30,225,0.589,0.571,0.619,0.554,0.526,0.592,0.586,0.558
5/15/2018 4:00,226,0.59,0.57,0.621,0.556,0.525,0.591,0.587,0.557
5/15/2018 4:30,227,0.59,0.57,0.619,0.555,0.526,0.594,0.586,0.559
5/15/2018 5:00,228,0.592,0.571,0.62,0.556,0.526,0.597,0.591,0.563
5/15/2018 5:30,229,0.594,0.571,0.621,0.559,0.527,0.596,0.593,0.563
5/15/2018 6:00,230,0.594,0.572,0.621,0.56,0.527,0.594,0.589,0.562
5/15/2018 6:30,231,0.595,0.571,0.613,0.56,0.526,0.591,0.581,0.556
5/15/2018 7:00,232,0.595,0.567,0.588,0.559,0.525,0.586,0.58,0.554
5/15/2018 7:30,233,0.585,0.56,0.556,0.546,0.523,0.569,0.572,0.551
5/15/2018 8:00,234,0.568,0.553,0.544,0.531,0.516,0.553,0.561,0.551
5/15/2018 8:30,235,0.556,0.545,0.537,0.523,0.506,0.538,0.553,0.552
5/15/2018 9:00,236,0.534,0.526,0.517,0.505,0.486,0.508,0.532,0.55
5/15/2018 9:30,237,0.519,0.51,0.507,0.495,0.463,0.485,0.515,0.546
5/15/2018 10:00,238,0.513,0.503,0.503,0.49,0.453,0.479,0.505,0.547
5/15/2018 10:30,239,0.504,0.495,0.498,0.482,0.441,0.469,0.496,0.549
5/15/2018 11:00,240,0.508,0.497,0.502,0.487,0.445,0.471,0.495,0.547
5/15/2018 11:30,241,0.499,0.488,0.494,0.478,0.438,0.463,0.489,0.549
5/15/2018 12:00,242,0.493,0.482,0.492,0.475,0.427,0.458,0.483,0.544
5/15/2018 12:30,243,0.492,0.479,0.49,0.474,0.422,0.455,0.482,0.542
5/15/2018 13:00,244,0.49,0.479,0.492,0.474,0.421,0.455,0.482,0.544
5/15/2018 13:30,245,0.489,0.478,0.49,0.473,0.421,0.454,0.482,0.544
5/15/2018 14:00,246,0.492,0.479,0.49,0.475,0.425,0.455,0.485,0.544
5/15/2018 14:30,247,0.494,0.48,0.491,0.476,0.432,0.455,0.49,0.547
5/15/2018 15:00,248,0.492,0.477,0.49,0.475,0.426,0.452,0.493,0.548
5/15/2018 15:30,249,0.492,0.476,0.488,0.474,0.425,0.452,0.494,0.548
5/15/2018 16:00,250,0.492,0.476,0.488,0.473,0.425,0.45,0.497,0.55
5/15/2018 16:30,251,0.496,0.479,0.491,0.476,0.43,0.454,0.503,0.554
5/15/2018 17:00,252,0.501,0.482,0.496,0.48,0.44,0.456,0.513,0.555
5/15/2018 17:30,253,0.505,0.487,0.5,0.482,0.454,0.459,0.522,0.558
5/15/2018 18:00,254,0.514,0.495,0.507,0.487,0.472,0.467,0.53,0.561
5/15/2018 18:30,255,0.528,0.51,0.519,0.498,0.491,0.481,0.544,0.566
5/15/2018 19:00,256,0.549,0.531,0.535,0.517,0.511,0.5,0.557,0.569
5/15/2018 19:30,257,0.567,0.547,0.555,0.533,0.525,0.528,0.571,0.571
5/15/2018 20:00,258,0.588,0.563,0.587,0.553,0.537,0.563,0.585,0.574
5/15/2018 20:30,259,0.602,0.57,0.603,0.563,0.543,0.58,0.594,0.577
5/15/2018 21:00,260,0.598,0.566,0.6,0.553,0.545,0.582,0.587,0.573
5/15/2018 21:30,261,0.597,0.564,0.591,0.539,0.549,0.576,0.578,0.562
5/15/2018 22:00,262,0.574,0.565,0.592,0.501,0.549,0.576,0.525,0.533
5/15/2018 22:30,263,0.529,0.563,0.597,0.456,0.543,0.581,0.51,0.516
5/15/2018 23:00,264,0.528,0.561,0.598,0.455,0.544,0.585,0.532,0.518
5/15/2018 23:30,265,0.529,0.563,0.606,0.457,0.548,0.587,0.563,0.533
5/16/2018 0:00,266,0.53,0.562,0.606,0.469,0.552,0.59,0.573,0.543
5/16/2018 0:30,267,0.531,0.563,0.607,0.472,0.554,0.592,0.582,0.552
5/16/2018 1:00,268,0.542,0.567,0.611,0.517,0.554,0.594,0.591,0.561
5/16/2018 1:30,269,0.557,0.571,0.614,0.532,0.554,0.595,0.595,0.565
5/16/2018 2:00,270,0.569,0.573,0.617,0.541,0.554,0.597,0.597,0.568
5/16/2018 2:30,271,0.575,0.571,0.618,0.543,0.554,0.596,0.594,0.566
5/16/2018 3:00,272,0.579,0.571,0.619,0.545,0.552,0.596,0.594,0.565
5/16/2018 3:30,273,0.581,0.572,0.62,0.548,0.553,0.597,0.594,0.568
5/16/2018 4:00,274,0.583,0.572,0.622,0.551,0.553,0.599,0.597,0.57
5/16/2018 4:30,275,0.585,0.572,0.624,0.553,0.554,0.6,0.598,0.571
5/16/2018 5:00,276,0.586,0.572,0.622,0.552,0.553,0.6,0.598,0.57
5/16/2018 5:30,277,0.587,0.571,0.622,0.553,0.552,0.6,0.6,0.568
5/16/2018 6:00,278,0.587,0.57,0.62,0.551,0.551,0.599,0.599,0.566
5/16/2018 6:30,279,0.587,0.569,0.62,0.554,0.55,0.599,0.598,0.566
5/16/2018 7:00,280,0.586,0.571,0.623,0.557,0.551,0.6,0.602,0.568
5/16/2018 7:30,281,0.586,0.573,0.624,0.56,0.551,0.602,0.604,0.57
5/16/2018 8:00,282,0.587,0.573,0.624,0.561,0.551,0.603,0.603,0.571
5/16/2018 8:30,283,0.586,0.573,0.622,0.561,0.551,0.604,0.6,0.573
5/16/2018 9:00,284,0.581,0.57,0.614,0.556,0.55,0.601,0.597,0.572
5/16/2018 9:30,285,0.58,0.571,0.603,0.555,0.549,0.595,0.596,0.573
5/16/2018 10:00,286,0.579,0.571,0.601,0.555,0.55,0.594,0.596,0.574
5/16/2018 10:30,287,0.576,0.569,0.593,0.553,0.549,0.588,0.593,0.572
5/16/2018 11:00,288,0.567,0.566,0.576,0.546,0.546,0.57,0.588,0.569
5/16/2018 11:30,289,0.559,0.563,0.567,0.54,0.542,0.558,0.581,0.568
5/16/2018 12:00,290,0.555,0.561,0.565,0.538,0.54,0.556,0.579,0.567
5/16/2018 12:30,291,0.549,0.557,0.561,0.533,0.537,0.549,0.574,0.565
5/16/2018 13:00,292,0.552,0.559,0.565,0.536,0.536,0.554,0.578,0.567
5/16/2018 13:30,293,0.55,0.557,0.562,0.534,0.537,0.548,0.582,0.568
5/16/2018 14:00,294,0.547,0.556,0.56,0.532,0.534,0.543,0.584,0.569
5/16/2018 14:30,295,0.561,0.567,0.583,0.544,0.542,0.57,0.595,0.571
5/16/2018 15:00,296,0.546,0.561,0.601,0.547,0.54,0.588,0.58,0.538
5/16/2018 15:30,297,0.525,0.557,0.602,0.528,0.535,0.591,0.572,0.529
5/16/2018 16:00,298,0.519,0.552,0.59,0.508,0.535,0.586,0.563,0.528
5/16/2018 16:30,299,0.527,0.551,0.577,0.513,0.538,0.584,0.57,0.536
5/16/2018 17:00,300,0.537,0.55,0.56,0.519,0.54,0.585,0.567,0.539
5/16/2018 17:30,301,0.547,0.554,0.559,0.523,0.543,0.589,0.577,0.545
5/16/2018 18:00,302,0.556,0.555,0.561,0.526,0.545,0.592,0.576,0.548
5/16/2018 18:30,303,0.555,0.556,0.565,0.529,0.544,0.593,0.577,0.552
5/16/2018 19:00,304,0.559,0.558,0.569,0.532,0.533,0.595,0.584,0.556
5/16/2018 19:30,305,0.541,0.552,0.567,0.512,0.526,0.593,0.568,0.545
5/16/2018 20:00,306,0.513,0.547,0.562,0.453,0.519,0.582,0.555,0.537
5/16/2018 20:30,307,0.511,0.549,0.565,0.451,0.516,0.578,0.558,0.538
5/16/2018 21:00,308,0.509,0.548,0.564,0.449,0.512,0.575,0.55,0.534
5/16/2018 21:30,309,0.51,0.548,0.57,0.447,0.51,0.576,0.549,0.538
5/16/2018 22:00,310,0.511,0.551,0.575,0.451,0.509,0.578,0.572,0.546
5/16/2018 22:30,311,0.517,0.555,0.583,0.481,0.512,0.583,0.589,0.557
5/16/2018 23:00,312,0.529,0.559,0.584,0.512,0.512,0.586,0.588,0.561
5/16/2018 23:30,313,0.538,0.559,0.583,0.518,0.508,0.587,0.585,0.555
5/17/2018 0:00,314,0.519,0.554,0.583,0.5,0.505,0.586,0.575,0.545
5/17/2018 0:30,315,0.513,0.549,0.585,0.474,0.502,0.584,0.578,0.544
5/17/2018 1:00,316,0.517,0.551,0.587,0.495,0.5,0.583,0.584,0.55
5/17/2018 1:30,317,0.527,0.553,0.589,0.514,0.497,0.585,0.583,0.553
5/17/2018 2:00,318,0.538,0.555,0.591,0.519,0.495,0.587,0.579,0.556
5/17/2018 2:30,319,0.55,0.556,0.595,0.525,0.494,0.589,0.586,0.557
5/17/2018 3:00,320,0.556,0.558,0.595,0.525,0.493,0.589,0.583,0.557
5/17/2018 3:30,321,0.559,0.558,0.596,0.526,0.492,0.589,0.581,0.557
5/17/2018 4:00,322,0.563,0.559,0.597,0.528,0.49,0.589,0.582,0.556
5/17/2018 4:30,323,0.567,0.56,0.596,0.53,0.489,0.59,0.587,0.554
5/17/2018 5:00,324,0.563,0.559,0.597,0.525,0.488,0.59,0.576,0.553
5/17/2018 5:30,325,0.566,0.559,0.596,0.526,0.488,0.589,0.581,0.55
5/17/2018 6:00,326,0.562,0.556,0.597,0.524,0.487,0.59,0.574,0.551
5/17/2018 6:30,327,0.56,0.555,0.597,0.524,0.488,0.59,0.574,0.552
5/17/2018 7:00,328,0.563,0.557,0.596,0.524,0.487,0.589,0.576,0.551
5/17/2018 7:30,329,0.567,0.559,0.596,0.526,0.487,0.59,0.581,0.552
5/17/2018 8:00,330,0.564,0.557,0.596,0.525,0.487,0.59,0.574,0.548
5/17/2018 8:30,331,0.563,0.556,0.595,0.524,0.487,0.589,0.572,0.545
5/17/2018 9:00,332,0.569,0.559,0.596,0.527,0.487,0.59,0.579,0.545
5/17/2018 9:30,333,0.565,0.558,0.599,0.526,0.488,0.593,0.574,0.548
5/17/2018 10:00,334,0.567,0.561,0.597,0.528,0.488,0.593,0.573,0.548
5/17/2018 10:30,335,0.564,0.562,0.598,0.526,0.489,0.595,0.57,0.549
5/17/2018 11:00,336,0.566,0.562,0.594,0.527,0.489,0.596,0.573,0.549
5/17/2018 11:30,337,0.56,0.563,0.591,0.528,0.488,0.594,0.576,0.546
5/17/2018 12:00,338,0.549,0.561,0.585,0.523,0.488,0.589,0.566,0.544
5/17/2018 12:30,339,0.535,0.562,0.581,0.524,0.487,0.584,0.565,0.544
5/17/2018 13:00,340,0.54,0.562,0.584,0.525,0.488,0.585,0.564,0.545
5/17/2018 13:30,341,0.538,0.564,0.583,0.524,0.488,0.583,0.566,0.545
5/17/2018 14:00,342,0.536,0.565,0.583,0.525,0.488,0.585,0.568,0.547
5/17/2018 14:30,343,0.535,0.564,0.584,0.527,0.488,0.585,0.567,0.544
5/17/2018 15:00,344,0.528,0.563,0.591,0.526,0.488,0.588,0.564,0.542
5/17/2018 15:30,345,0.519,0.56,0.589,0.517,0.487,0.586,0.563,0.543
5/17/2018 16:00,346,0.515,0.557,0.588,0.476,0.485,0.585,0.54,0.533
5/17/2018 16:30,347,0.507,0.551,0.584,0.442,0.478,0.579,0.533,0.523
5/17/2018 17:00,348,0.508,0.548,0.587,0.437,0.478,0.58,0.54,0.523
5/17/2018 17:30,349,0.507,0.548,0.584,0.422,0.474,0.576,0.516,0.521
5/17/2018 18:00,350,0.508,0.549,0.586,0.41,0.472,0.576,0.523,0.52
5/17/2018 18:30,351,0.509,0.548,0.587,0.416,0.473,0.575,0.536,0.531
5/17/2018 19:00,352,0.51,0.549,0.589,0.42,0.474,0.576,0.548,0.533
5/17/2018 19:30,353,0.508,0.547,0.589,0.424,0.474,0.577,0.551,0.53
5/17/2018 20:00,354,0.511,0.546,0.592,0.434,0.475,0.58,0.564,0.528
5/17/2018 20:30,355,0.509,0.545,0.591,0.431,0.474,0.579,0.56,0.521
5/17/2018 21:00,356,0.509,0.545,0.591,0.431,0.473,0.577,0.556,0.519
5/17/2018 21:30,357,0.51,0.546,0.591,0.438,0.473,0.578,0.56,0.519
5/17/2018 22:00,358,0.514,0.548,0.591,0.455,0.473,0.576,0.558,0.522
5/17/2018 22:30,359,0.515,0.549,0.593,0.486,0.473,0.577,0.561,0.522
5/17/2018 23:00,360,0.519,0.55,0.592,0.498,0.473,0.578,0.561,0.523
5/17/2018 23:30,361,0.52,0.551,0.595,0.506,0.473,0.581,0.566,0.526
5/18/2018 0:00,362,0.522,0.55,0.594,0.507,0.473,0.58,0.562,0.525
5/18/2018 0:30,363,0.522,0.55,0.591,0.508,0.473,0.578,0.559,0.523
5/18/2018 1:00,364,0.525,0.551,0.595,0.513,0.473,0.581,0.568,0.528
5/18/2018 1:30,365,0.512,0.549,0.589,0.433,0.466,0.576,0.513,0.523
5/18/2018 2:00,366,0.507,0.544,0.584,0.421,0.461,0.57,0.513,0.517
5/18/2018 2:30,367,0.507,0.543,0.58,0.424,0.463,0.57,0.522,0.517
5/18/2018 3:00,368,0.506,0.544,0.578,0.425,0.463,0.569,0.517,0.515
5/18/2018 3:30,369,0.506,0.543,0.58,0.427,0.464,0.57,0.53,0.515
5/18/2018 4:00,370,0.509,0.543,0.584,0.444,0.465,0.571,0.55,0.515
5/18/2018 4:30,371,0.513,0.544,0.586,0.465,0.466,0.573,0.555,0.521
5/18/2018 5:00,372,0.515,0.545,0.585,0.476,0.467,0.573,0.555,0.526
5/18/2018 5:30,373,0.517,0.545,0.583,0.501,0.467,0.572,0.554,0.527
5/18/2018 6:00,374,0.514,0.546,0.582,0.503,0.467,0.571,0.554,0.526
5/18/2018 6:30,375,0.511,0.544,0.579,0.462,0.466,0.571,0.538,0.518
5/18/2018 7:00,376,0.508,0.541,0.574,0.427,0.463,0.568,0.517,0.514
5/18/2018 7:30,377,0.507,0.539,0.573,0.426,0.461,0.567,0.527,0.513
5/18/2018 8:00,378,0.508,0.54,0.575,0.428,0.461,0.569,0.536,0.514
5/18/2018 8:30,379,0.509,0.542,0.577,0.432,0.462,0.57,0.545,0.513
5/18/2018 9:00,380,0.512,0.542,0.581,0.45,0.463,0.572,0.551,0.516
5/18/2018 9:30,381,0.518,0.543,0.584,0.477,0.464,0.574,0.553,0.524
5/18/2018 10:00,382,0.526,0.545,0.583,0.509,0.464,0.576,0.554,0.526
5/18/2018 10:30,383,0.535,0.545,0.575,0.515,0.464,0.576,0.552,0.524
5/18/2018 11:00,384,0.54,0.547,0.573,0.517,0.464,0.578,0.552,0.523
5/18/2018 11:30,385,0.535,0.548,0.579,0.521,0.467,0.584,0.557,0.521
5/18/2018 12:00,386,0.538,0.548,0.581,0.521,0.468,0.586,0.557,0.52
5/18/2018 12:30,387,0.52,0.547,0.578,0.494,0.467,0.583,0.543,0.515
5/18/2018 13:00,388,0.513,0.546,0.569,0.451,0.466,0.577,0.54,0.51
5/18/2018 13:30,389,0.511,0.546,0.566,0.438,0.465,0.575,0.505,0.511
5/18/2018 14:00,390,0.51,0.544,0.564,0.443,0.462,0.573,0.524,0.509
5/18/2018 14:30,391,0.515,0.543,0.564,0.456,0.462,0.57,0.545,0.509
5/18/2018 15:00,392,0.52,0.547,0.563,0.469,0.466,0.566,0.54,0.515
5/18/2018 15:30,393,0.518,0.548,0.565,0.459,0.47,0.568,0.542,0.515
5/18/2018 16:00,394,0.524,0.548,0.571,0.471,0.472,0.568,0.546,0.524
5/18/2018 16:30,395,0.531,0.548,0.573,0.506,0.473,0.569,0.55,0.526
5/18/2018 17:00,396,0.533,0.549,0.579,0.513,0.474,0.576,0.551,0.527
5/18/2018 17:30,397,0.531,0.548,0.576,0.514,0.476,0.58,0.556,0.521
5/18/2018 18:00,398,0.53,0.548,0.58,0.506,0.476,0.58,0.559,0.524
5/18/2018 18:30,399,0.53,0.549,0.585,0.512,0.477,0.582,0.561,0.526
5/18/2018 19:00,400,0.522,0.547,0.579,0.454,0.476,0.578,0.537,0.519
5/18/2018 19:30,401,0.518,0.545,0.578,0.445,0.477,0.573,0.548,0.52
5/18/2018 20:00,402,0.519,0.546,0.581,0.452,0.479,0.572,0.555,0.522
5/18/2018 20:30,403,0.523,0.546,0.584,0.476,0.479,0.571,0.555,0.531
5/18/2018 21:00,404,0.523,0.548,0.589,0.492,0.479,0.573,0.557,0.531
5/18/2018 21:30,405,0.521,0.548,0.586,0.475,0.479,0.572,0.559,0.525
5/18/2018 22:00,406,0.522,0.548,0.588,0.47,0.479,0.571,0.559,0.528
5/18/2018 22:30,407,0.525,0.548,0.59,0.491,0.479,0.572,0.56,0.531
5/18/2018 23:00,408,0.527,0.549,0.59,0.506,0.478,0.573,0.564,0.533
5/18/2018 23:30,409,0.528,0.549,0.592,0.515,0.479,0.578,0.57,0.533
5/19/2018 0:00,410,0.524,0.549,0.591,0.507,0.479,0.583,0.568,0.526
5/19/2018 0:30,411,0.523,0.549,0.591,0.483,0.479,0.582,0.563,0.53
5/19/2018 1:00,412,0.522,0.548,0.589,0.477,0.48,0.582,0.568,0.528
5/19/2018 1:30,413,0.522,0.548,0.585,0.446,0.48,0.579,0.562,0.525
5/19/2018 2:00,414,0.516,0.548,0.58,0.436,0.477,0.572,0.534,0.523
5/19/2018 2:30,415,0.514,0.549,0.586,0.443,0.475,0.574,0.555,0.527
5/19/2018 3:00,416,0.514,0.548,0.588,0.46,0.475,0.573,0.563,0.526
5/19/2018 3:30,417,0.513,0.547,0.587,0.466,0.476,0.572,0.566,0.524
5/19/2018 4:00,418,0.512,0.546,0.583,0.451,0.476,0.571,0.556,0.524
5/19/2018 4:30,419,0.512,0.547,0.583,0.445,0.476,0.572,0.557,0.526
5/19/2018 5:00,420,0.513,0.549,0.587,0.457,0.475,0.573,0.565,0.529
5/19/2018 5:30,421,0.513,0.549,0.59,0.469,0.475,0.572,0.569,0.53
5/19/2018 6:00,422,0.512,0.55,0.587,0.455,0.474,0.573,0.567,0.53
5/19/2018 6:30,423,0.513,0.549,0.591,0.468,0.474,0.572,0.568,0.534
5/19/2018 7:00,424,0.516,0.548,0.592,0.483,0.473,0.573,0.568,0.535
5/19/2018 7:30,425,0.517,0.548,0.593,0.503,0.473,0.574,0.569,0.538
5/19/2018 8:00,426,0.519,0.551,0.596,0.508,0.473,0.575,0.576,0.542
5/19/2018 8:30,427,0.515,0.551,0.595,0.5,0.473,0.576,0.575,0.536
5/19/2018 9:00,428,0.517,0.551,0.595,0.488,0.473,0.576,0.576,0.539
5/19/2018 9:30,429,0.521,0.552,0.598,0.507,0.473,0.578,0.576,0.544
5/19/2018 10:00,430,0.525,0.554,0.6,0.525,0.474,0.582,0.584,0.548
5/19/2018 10:30,431,0.532,0.555,0.603,0.531,0.474,0.582,0.583,0.55
5/19/2018 11:00,432,0.536,0.557,0.603,0.533,0.473,0.583,0.579,0.55
5/19/2018 11:30,433,0.542,0.562,0.603,0.54,0.474,0.587,0.589,0.55
5/19/2018 12:00,434,0.548,0.565,0.603,0.542,0.474,0.589,0.587,0.552
5/19/2018 12:30,435,0.554,0.566,0.602,0.542,0.474,0.589,0.581,0.547
5/19/2018 13:00,436,0.557,0.567,0.601,0.543,0.475,0.586,0.583,0.546
5/19/2018 13:30,437,0.559,0.565,0.598,0.542,0.475,0.582,0.58,0.545
5/19/2018 14:00,438,0.56,0.563,0.597,0.542,0.475,0.582,0.582,0.544
5/19/2018 14:30,439,0.555,0.564,0.589,0.543,0.475,0.572,0.586,0.543
5/19/2018 15:00,440,0.548,0.568,0.591,0.546,0.477,0.578,0.59,0.55
5/19/2018 15:30,441,0.538,0.569,0.593,0.549,0.478,0.58,0.591,0.551
5/19/2018 16:00,442,0.545,0.569,0.594,0.549,0.479,0.581,0.591,0.551
5/19/2018 16:30,443,0.549,0.568,0.595,0.548,0.48,0.581,0.589,0.551
5/19/2018 17:00,444,0.555,0.57,0.598,0.55,0.481,0.582,0.593,0.551
5/19/2018 17:30,445,0.56,0.57,0.596,0.548,0.482,0.579,0.594,0.553
5/19/2018 18:00,446,0.564,0.571,0.598,0.546,0.483,0.584,0.592,0.553
5/19/2018 18:30,447,0.565,0.567,0.601,0.54,0.483,0.587,0.587,0.546
5/19/2018 19:00,448,0.567,0.567,0.606,0.538,0.484,0.592,0.59,0.55
5/19/2018 19:30,449,0.57,0.565,0.608,0.535,0.485,0.593,0.588,0.549
5/19/2018 20:00,450,0.571,0.563,0.608,0.534,0.486,0.592,0.586,0.546
5/19/2018 20:30,451,0.571,0.561,0.609,0.532,0.486,0.591,0.585,0.546
5/19/2018 21:00,452,0.57,0.559,0.606,0.527,0.485,0.59,0.582,0.544
5/19/2018 21:30,453,0.569,0.557,0.605,0.524,0.484,0.588,0.582,0.543
5/19/2018 22:00,454,0.57,0.558,0.607,0.526,0.486,0.589,0.588,0.547
5/19/2018 22:30,455,0.572,0.558,0.607,0.526,0.487,0.589,0.588,0.548
5/19/2018 23:00,456,0.572,0.558,0.607,0.526,0.488,0.588,0.588,0.549
5/19/2018 23:30,457,0.573,0.559,0.607,0.525,0.488,0.588,0.589,0.549
5/20/2018 0:00,458,0.573,0.56,0.608,0.525,0.488,0.588,0.591,0.554
5/20/2018 0:30,459,0.574,0.561,0.608,0.525,0.488,0.588,0.591,0.555
5/20/2018 1:00,460,0.575,0.561,0.608,0.525,0.488,0.587,0.591,0.555
5/20/2018 1:30,461,0.574,0.561,0.608,0.524,0.488,0.588,0.591,0.556
5/20/2018 2:00,462,0.574,0.56,0.607,0.524,0.488,0.587,0.589,0.555
5/20/2018 2:30,463,0.573,0.56,0.607,0.524,0.487,0.587,0.587,0.556
5/20/2018 3:00,464,0.573,0.56,0.607,0.525,0.486,0.588,0.589,0.556
5/20/2018 3:30,465,0.574,0.559,0.607,0.527,0.486,0.587,0.588,0.553
5/20/2018 4:00,466,0.574,0.559,0.607,0.528,0.487,0.587,0.589,0.553
5/20/2018 4:30,467,0.575,0.559,0.608,0.529,0.486,0.588,0.588,0.554
5/20/2018 5:00,468,0.575,0.56,0.607,0.529,0.486,0.589,0.588,0.555
5/20/2018 5:30,469,0.576,0.56,0.609,0.53,0.487,0.589,0.591,0.555
5/20/2018 6:00,470,0.576,0.561,0.609,0.531,0.487,0.59,0.591,0.556
5/20/2018 6:30,471,0.576,0.562,0.609,0.532,0.487,0.59,0.591,0.556
5/20/2018 7:00,472,0.577,0.563,0.605,0.532,0.488,0.591,0.59,0.556
5/20/2018 7:30,473,0.577,0.564,0.594,0.532,0.488,0.589,0.59,0.555
5/20/2018 8:00,474,0.576,0.564,0.575,0.527,0.488,0.58,0.587,0.554
5/20/2018 8:30,475,0.559,0.556,0.536,0.509,0.484,0.538,0.576,0.55
5/20/2018 9:00,476,0.526,0.535,0.511,0.489,0.476,0.498,0.559,0.549
5/20/2018 9:30,477,0.505,0.514,0.499,0.478,0.454,0.474,0.539,0.546
5/20/2018 10:00,478,0.493,0.499,0.491,0.471,0.43,0.461,0.517,0.543
5/20/2018 10:30,479,0.489,0.493,0.488,0.469,0.422,0.46,0.506,0.544
5/20/2018 11:00,480,0.486,0.489,0.486,0.466,0.418,0.455,0.496,0.545
5/20/2018 11:30,481,0.482,0.484,0.483,0.464,0.41,0.451,0.487,0.539
5/20/2018 12:00,482,0.482,0.481,0.483,0.465,0.408,0.451,0.485,0.539
5/20/2018 12:30,483,0.48,0.48,0.482,0.465,0.406,0.449,0.485,0.539
5/20/2018 13:00,484,0.48,0.478,0.481,0.464,0.406,0.447,0.487,0.538
5/20/2018 13:30,485,0.48,0.478,0.481,0.466,0.406,0.447,0.49,0.537
5/20/2018 14:00,486,0.483,0.478,0.482,0.472,0.41,0.448,0.493,0.539
5/20/2018 14:30,487,0.486,0.481,0.484,0.474,0.415,0.45,0.501,0.542
5/20/2018 15:00,488,0.487,0.483,0.483,0.474,0.422,0.45,0.508,0.55
5/20/2018 15:30,489,0.487,0.483,0.486,0.477,0.421,0.449,0.512,0.552
5/20/2018 16:00,490,0.483,0.479,0.481,0.472,0.415,0.446,0.507,0.553
5/20/2018 16:30,491,0.482,0.48,0.483,0.473,0.413,0.445,0.511,0.555
5/20/2018 17:00,492,0.483,0.481,0.485,0.474,0.418,0.446,0.517,0.558
5/20/2018 17:30,493,0.483,0.482,0.486,0.474,0.419,0.446,0.52,0.561
5/20/2018 18:00,494,0.489,0.488,0.492,0.479,0.437,0.449,0.532,0.564
5/20/2018 18:30,495,0.494,0.497,0.497,0.485,0.45,0.452,0.542,0.564
5/20/2018 19:00,496,0.522,0.522,0.523,0.513,0.475,0.481,0.562,0.566
5/20/2018 19:30,497,0.548,0.541,0.546,0.536,0.492,0.512,0.58,0.564
5/20/2018 20:00,498,0.565,0.557,0.571,0.55,0.503,0.54,0.596,0.567
5/20/2018 20:30,499,0.576,0.565,0.585,0.557,0.51,0.556,0.608,0.571
5/20/2018 21:00,500,0.58,0.568,0.597,0.56,0.514,0.571,0.611,0.574
5/20/2018 21:30,501,0.584,0.57,0.604,0.563,0.517,0.578,0.616,0.575
5/20/2018 22:00,502,0.589,0.57,0.608,0.562,0.519,0.583,0.618,0.577
5/20/2018 22:30,503,0.595,0.571,0.612,0.564,0.521,0.586,0.622,0.578
5/20/2018 23:00,504,0.597,0.573,0.615,0.564,0.524,0.59,0.627,0.583
5/20/2018 23:30,505,0.598,0.573,0.617,0.564,0.526,0.591,0.63,0.585
5/21/2018 0:00,506,0.599,0.574,0.618,0.564,0.528,0.593,0.63,0.587
5/21/2018 0:30,507,0.6,0.575,0.62,0.564,0.529,0.593,0.632,0.588
5/21/2018 1:00,508,0.6,0.575,0.62,0.564,0.531,0.594,0.632,0.588
5/21/2018 1:30,509,0.6,0.575,0.621,0.564,0.533,0.594,0.635,0.59
5/21/2018 2:00,510,0.6,0.574,0.618,0.559,0.535,0.594,0.63,0.591
5/21/2018 2:30,511,0.599,0.573,0.614,0.556,0.535,0.595,0.626,0.59
5/21/2018 3:00,512,0.585,0.569,0.607,0.545,0.537,0.591,0.608,0.582
5/21/2018 3:30,513,0.581,0.567,0.604,0.54,0.538,0.59,0.603,0.578
5/21/2018 4:00,514,0.581,0.565,0.607,0.541,0.539,0.592,0.605,0.579
5/21/2018 4:30,515,0.587,0.567,0.606,0.545,0.541,0.592,0.603,0.578
5/21/2018 5:00,516,0.596,0.568,0.613,0.553,0.542,0.597,0.615,0.585
5/21/2018 5:30,517,0.608,0.574,0.616,0.563,0.545,0.6,0.624,0.589
5/21/2018 6:00,518,0.61,0.574,0.611,0.563,0.546,0.597,0.616,0.586
5/21/2018 6:30,519,0.607,0.572,0.596,0.561,0.547,0.595,0.615,0.586
5/21/2018 7:00,520,0.606,0.57,0.558,0.556,0.545,0.578,0.614,0.585
5/21/2018 7:30,521,0.583,0.56,0.526,0.535,0.539,0.536,0.605,0.581
5/21/2018 8:00,522,0.558,0.541,0.51,0.52,0.527,0.503,0.597,0.579
5/21/2018 8:30,523,0.55,0.528,0.503,0.515,0.517,0.488,0.587,0.576
5/21/2018 9:00,524,0.542,0.514,0.494,0.507,0.505,0.472,0.573,0.573
5/21/2018 9:30,525,0.539,0.505,0.491,0.504,0.492,0.464,0.557,0.573
5/21/2018 10:00,526,0.537,0.498,0.487,0.501,0.481,0.457,0.539,0.571
5/21/2018 10:30,527,0.539,0.493,0.485,0.5,0.471,0.453,0.529,0.569
5/21/2018 11:00,528,0.543,0.488,0.488,0.503,0.467,0.453,0.527,0.572
5/21/2018 11:30,529,0.545,0.484,0.486,0.503,0.466,0.451,0.519,0.569
5/21/2018 12:00,530,0.547,0.481,0.486,0.501,0.463,0.449,0.514,0.569
5/21/2018 12:30,531,0.55,0.481,0.486,0.502,0.461,0.447,0.51,0.57
5/21/2018 13:00,532,0.553,0.482,0.483,0.505,0.459,0.445,0.505,0.567
5/21/2018 13:30,533,0.556,0.479,0.482,0.505,0.457,0.444,0.504,0.565
5/21/2018 14:00,534,0.559,0.48,0.482,0.507,0.456,0.444,0.506,0.566
5/21/2018 14:30,535,0.563,0.48,0.485,0.51,0.457,0.445,0.512,0.57
5/21/2018 15:00,536,0.567,0.481,0.483,0.513,0.458,0.445,0.513,0.571
5/21/2018 15:30,537,0.568,0.481,0.485,0.514,0.459,0.444,0.515,0.572
5/21/2018 16:00,538,0.571,0.482,0.485,0.515,0.46,0.444,0.517,0.572
5/21/2018 16:30,539,0.576,0.487,0.49,0.52,0.462,0.446,0.525,0.576
5/21/2018 17:00,540,0.582,0.491,0.494,0.524,0.467,0.449,0.539,0.582
5/21/2018 17:30,541,0.587,0.496,0.498,0.527,0.476,0.452,0.549,0.585
5/21/2018 18:00,542,0.597,0.505,0.507,0.535,0.489,0.459,0.562,0.587
5/21/2018 18:30,543,0.61,0.522,0.515,0.544,0.503,0.471,0.574,0.591
5/21/2018 19:00,544,0.624,0.542,0.529,0.555,0.518,0.483,0.588,0.593
5/21/2018 19:30,545,0.643,0.558,0.547,0.569,0.531,0.502,0.597,0.592
5/21/2018 20:00,546,0.664,0.569,0.57,0.584,0.542,0.537,0.607,0.592
5/21/2018 20:30,547,0.679,0.577,0.591,0.598,0.55,0.567,0.62,0.593
5/21/2018 21:00,548,0.688,0.58,0.601,0.604,0.554,0.581,0.627,0.595
5/21/2018 21:30,549,0.694,0.581,0.605,0.605,0.556,0.588,0.63,0.597
5/21/2018 22:00,550,0.697,0.581,0.607,0.605,0.556,0.592,0.633,0.598
5/21/2018 22:30,551,0.699,0.582,0.61,0.607,0.558,0.594,0.636,0.599
5/21/2018 23:00,552,0.7,0.583,0.612,0.608,0.559,0.595,0.638,0.599
5/21/2018 23:30,553,0.701,0.583,0.613,0.61,0.56,0.596,0.64,0.6
5/22/2018 0:00,554,0.702,0.584,0.616,0.609,0.561,0.595,0.64,0.602
5/22/2018 0:30,555,0.703,0.585,0.617,0.609,0.562,0.595,0.641,0.604
5/22/2018 1:00,556,0.703,0.585,0.618,0.609,0.563,0.596,0.642,0.606
5/22/2018 1:30,557,0.704,0.586,0.618,0.609,0.564,0.596,0.642,0.607
5/22/2018 2:00,558,0.704,0.586,0.619,0.609,0.565,0.597,0.643,0.607
5/22/2018 2:30,559,0.705,0.586,0.62,0.61,0.565,0.597,0.643,0.607
5/22/2018 3:00,560,0.705,0.586,0.621,0.61,0.565,0.598,0.644,0.607
5/22/2018 3:30,561,0.705,0.585,0.621,0.611,0.564,0.597,0.643,0.607
5/22/2018 4:00,562,0.705,0.585,0.621,0.611,0.563,0.597,0.643,0.606
5/22/2018 4:30,563,0.704,0.585,0.621,0.609,0.563,0.598,0.644,0.607
5/22/2018 5:00,564,0.705,0.584,0.621,0.61,0.563,0.597,0.643,0.605
5/22/2018 5:30,565,0.704,0.584,0.621,0.607,0.563,0.596,0.642,0.605
5/22/2018 6:00,566,0.703,0.584,0.621,0.606,0.562,0.595,0.642,0.606
5/22/2018 6:30,567,0.703,0.584,0.62,0.606,0.562,0.593,0.641,0.606
5/22/2018 7:00,568,0.703,0.585,0.618,0.607,0.562,0.597,0.643,0.606
5/22/2018 7:30,569,0.702,0.585,0.613,0.607,0.562,0.597,0.643,0.605
5/22/2018 8:00,570,0.701,0.585,0.605,0.607,0.561,0.593,0.643,0.604
5/22/2018 8:30,571,0.698,0.585,0.595,0.605,0.561,0.589,0.642,0.603
5/22/2018 9:00,572,0.688,0.581,0.573,0.596,0.557,0.57,0.638,0.601
5/22/2018 9:30,573,0.669,0.569,0.546,0.58,0.548,0.538,0.627,0.598
5/22/2018 10:00,574,0.644,0.551,0.525,0.562,0.532,0.506,0.61,0.596
5/22/2018 10:30,575,0.65,0.557,0.542,0.568,0.533,0.524,0.607,0.595
5/22/2018 11:00,576,0.668,0.57,0.564,0.581,0.547,0.55,0.618,0.596
5/22/2018 11:30,577,0.668,0.57,0.559,0.582,0.548,0.543,0.622,0.597
5/22/2018 12:00,578,0.666,0.571,0.559,0.582,0.549,0.542,0.624,0.596
5/22/2018 12:30,579,0.674,0.576,0.577,0.587,0.552,0.563,0.624,0.595
5/22/2018 13:00,580,0.682,0.578,0.587,0.593,0.554,0.572,0.63,0.595
5/22/2018 13:30,581,0.679,0.576,0.581,0.591,0.552,0.563,0.632,0.595
5/22/2018 14:00,582,0.658,0.563,0.549,0.574,0.544,0.522,0.625,0.593
5/22/2018 14:30,583,0.633,0.544,0.528,0.556,0.527,0.497,0.612,0.592
5/22/2018 15:00,584,0.627,0.539,0.525,0.553,0.518,0.493,0.599,0.593
5/22/2018 15:30,585,0.618,0.527,0.516,0.545,0.505,0.483,0.581,0.59
5/22/2018 16:00,586,0.596,0.508,0.5,0.529,0.487,0.462,0.555,0.585
5/22/2018 16:30,587,0.592,0.501,0.498,0.526,0.477,0.459,0.546,0.582
5/22/2018 17:00,588,0.598,0.504,0.505,0.529,0.482,0.467,0.553,0.587
5/22/2018 17:30,589,0.636,0.538,0.54,0.558,0.515,0.52,0.573,0.588
5/22/2018 18:00,590,0.668,0.565,0.58,0.582,0.538,0.562,0.596,0.587
5/22/2018 18:30,591,0.683,0.575,0.601,0.594,0.548,0.579,0.615,0.591
5/22/2018 19:00,592,0.691,0.579,0.611,0.6,0.552,0.589,0.627,0.595
5/22/2018 19:30,593,0.694,0.58,0.614,0.601,0.554,0.594,0.633,0.598
5/22/2018 20:00,594,0.695,0.579,0.615,0.599,0.555,0.595,0.632,0.597
5/22/2018 20:30,595,0.695,0.579,0.617,0.599,0.555,0.592,0.633,0.595
5/22/2018 21:00,596,0.695,0.579,0.617,0.598,0.555,0.591,0.633,0.595
5/22/2018 21:30,597,0.696,0.579,0.618,0.595,0.555,0.591,0.634,0.597
5/22/2018 22:00,598,0.697,0.578,0.618,0.592,0.555,0.592,0.636,0.597
5/22/2018 22:30,599,0.696,0.578,0.618,0.591,0.556,0.59,0.635,0.596
5/22/2018 23:00,600,0.697,0.578,0.618,0.59,0.556,0.591,0.637,0.598
5/22/2018 23:30,601,0.696,0.578,0.618,0.59,0.555,0.589,0.635,0.597
5/23/2018 0:00,602,0.696,0.578,0.618,0.589,0.555,0.589,0.635,0.597
5/23/2018 0:30,603,0.695,0.578,0.616,0.587,0.554,0.591,0.634,0.598
5/23/2018 1:00,604,0.695,0.578,0.617,0.587,0.554,0.592,0.636,0.599
5/23/2018 1:30,605,0.694,0.578,0.617,0.581,0.553,0.59,0.634,0.598
5/23/2018 2:00,606,0.693,0.577,0.615,0.574,0.552,0.59,0.631,0.597
5/23/2018 2:30,607,0.692,0.575,0.614,0.571,0.551,0.59,0.627,0.596
5/23/2018 3:00,608,0.692,0.576,0.615,0.571,0.551,0.591,0.632,0.597
5/23/2018 3:30,609,0.692,0.576,0.616,0.569,0.551,0.591,0.633,0.596
5/23/2018 4:00,610,0.692,0.576,0.617,0.569,0.55,0.591,0.635,0.597
5/23/2018 4:30,611,0.692,0.576,0.616,0.567,0.55,0.589,0.634,0.597
5/23/2018 5:00,612,0.692,0.576,0.617,0.567,0.549,0.59,0.634,0.597
5/23/2018 5:30,613,0.692,0.576,0.618,0.567,0.549,0.59,0.637,0.597
5/23/2018 6:00,614,0.691,0.576,0.618,0.566,0.549,0.59,0.637,0.598
5/23/2018 6:30,615,0.692,0.576,0.618,0.565,0.549,0.589,0.637,0.598
5/23/2018 7:00,616,0.692,0.576,0.618,0.564,0.549,0.589,0.638,0.599
5/23/2018 7:30,617,0.692,0.576,0.618,0.564,0.549,0.589,0.636,0.597
5/23/2018 8:00,618,0.69,0.577,0.605,0.563,0.546,0.585,0.629,0.592
5/23/2018 8:30,619,0.674,0.574,0.561,0.55,0.543,0.55,0.624,0.591
5/23/2018 9:00,620,0.635,0.552,0.52,0.519,0.536,0.499,0.619,0.589
5/23/2018 9:30,621,0.603,0.523,0.5,0.503,0.515,0.468,0.594,0.587
5/23/2018 10:00,622,0.585,0.501,0.487,0.489,0.48,0.454,0.555,0.582
5/23/2018 10:30,623,0.575,0.489,0.479,0.481,0.459,0.446,0.527,0.575
5/23/2018 11:00,624,0.576,0.487,0.48,0.485,0.454,0.445,0.516,0.575
5/23/2018 11:30,625,0.577,0.484,0.477,0.486,0.456,0.444,0.507,0.569
5/23/2018 12:00,626,0.576,0.483,0.48,0.489,0.454,0.442,0.504,0.569
5/23/2018 12:30,627,0.58,0.486,0.484,0.497,0.456,0.445,0.506,0.571
5/23/2018 13:00,628,0.588,0.491,0.49,0.507,0.466,0.451,0.512,0.574
5/23/2018 13:30,629,0.585,0.487,0.484,0.504,0.465,0.446,0.507,0.569
5/23/2018 14:00,630,0.578,0.481,0.479,0.498,0.452,0.44,0.502,0.564
5/23/2018 14:30,631,0.576,0.479,0.477,0.498,0.45,0.438,0.502,0.563
5/23/2018 15:00,632,0.577,0.48,0.478,0.499,0.452,0.439,0.502,0.563
5/23/2018 15:30,633,0.574,0.477,0.475,0.496,0.45,0.437,0.499,0.56
5/23/2018 16:00,634,0.577,0.478,0.477,0.499,0.451,0.437,0.504,0.561
5/23/2018 16:30,635,0.584,0.483,0.483,0.507,0.46,0.442,0.515,0.566
5/23/2018 17:00,636,0.587,0.487,0.488,0.511,0.467,0.442,0.523,0.57
5/23/2018 17:30,637,0.587,0.488,0.488,0.509,0.471,0.443,0.526,0.567
5/23/2018 18:00,638,0.597,0.495,0.494,0.518,0.491,0.447,0.531,0.564
5/23/2018 18:30,639,0.603,0.508,0.504,0.522,0.499,0.449,0.546,0.569
5/23/2018 19:00,640,0.621,0.531,0.521,0.537,0.517,0.461,0.561,0.575
5/23/2018 19:30,641,0.643,0.551,0.539,0.553,0.535,0.482,0.581,0.585
5/23/2018 20:00,642,0.666,0.565,0.561,0.572,0.546,0.513,0.598,0.589
5/23/2018 20:30,643,0.684,0.575,0.585,0.59,0.553,0.548,0.615,0.591
5/23/2018 21:00,644,0.694,0.579,0.599,0.598,0.557,0.57,0.625,0.594
5/23/2018 21:30,645,0.699,0.581,0.607,0.601,0.561,0.579,0.631,0.597
5/23/2018 22:00,646,0.701,0.582,0.61,0.602,0.563,0.583,0.634,0.599
5/23/2018 22:30,647,0.703,0.583,0.612,0.601,0.565,0.586,0.637,0.602
5/23/2018 23:00,648,0.704,0.583,0.613,0.601,0.566,0.585,0.637,0.602
5/23/2018 23:30,649,0.705,0.584,0.614,0.6,0.567,0.584,0.638,0.604
5/24/2018 0:00,650,0.705,0.584,0.615,0.599,0.568,0.585,0.639,0.606
5/24/2018 0:30,651,0.705,0.585,0.616,0.599,0.569,0.583,0.64,0.606
5/24/2018 1:00,652,0.707,0.585,0.618,0.598,0.569,0.583,0.641,0.606
5/24/2018 1:30,653,0.707,0.586,0.618,0.598,0.57,0.583,0.642,0.607
5/24/2018 2:00,654,0.707,0.586,0.619,0.597,0.57,0.583,0.641,0.607
5/24/2018 2:30,655,0.707,0.586,0.619,0.597,0.57,0.585,0.642,0.605
5/24/2018 3:00,656,0.708,0.586,0.62,0.597,0.57,0.586,0.643,0.604
5/24/2018 3:30,657,0.709,0.586,0.62,0.595,0.569,0.585,0.642,0.607
5/24/2018 4:00,658,0.708,0.586,0.621,0.594,0.569,0.585,0.643,0.607
5/24/2018 4:30,659,0.708,0.585,0.621,0.588,0.569,0.584,0.643,0.606
5/24/2018 5:00,660,0.707,0.585,0.621,0.583,0.569,0.587,0.64,0.605
5/24/2018 5:30,661,0.707,0.585,0.621,0.578,0.569,0.587,0.64,0.604
5/24/2018 6:00,662,0.707,0.585,0.62,0.578,0.569,0.588,0.642,0.605
5/24/2018 6:30,663,0.706,0.585,0.615,0.578,0.568,0.588,0.642,0.606
5/24/2018 7:00,664,0.701,0.583,0.586,0.573,0.566,0.577,0.64,0.607
5/24/2018 7:30,665,0.673,0.57,0.537,0.548,0.56,0.531,0.636,0.606
5/24/2018 8:00,666,0.639,0.549,0.515,0.526,0.548,0.494,0.63,0.606
5/24/2018 8:30,667,0.619,0.526,0.502,0.514,0.532,0.478,0.609,0.602
5/24/2018 9:00,668,0.602,0.507,0.49,0.501,0.509,0.46,0.582,0.593
5/24/2018 9:30,669,0.589,0.494,0.481,0.49,0.484,0.448,0.552,0.583
5/24/2018 10:00,670,0.581,0.487,0.48,0.488,0.468,0.443,0.527,0.578
5/24/2018 10:30,671,0.575,0.482,0.479,0.486,0.458,0.439,0.512,0.573
5/24/2018 11:00,672,0.574,0.48,0.478,0.486,0.455,0.438,0.506,0.57
5/24/2018 11:30,673,0.573,0.478,0.478,0.486,0.455,0.438,0.502,0.568
5/24/2018 12:00,674,0.568,0.476,0.479,0.486,0.453,0.437,0.495,0.563
5/24/2018 12:30,675,0.568,0.472,0.478,0.486,0.451,0.435,0.493,0.559
5/24/2018 13:00,676,0.567,0.472,0.478,0.486,0.45,0.434,0.493,0.559
5/24/2018 13:30,677,0.569,0.472,0.478,0.488,0.45,0.434,0.495,0.56
5/24/2018 14:00,678,0.569,0.473,0.478,0.491,0.451,0.434,0.496,0.561
5/24/2018 14:30,679,0.569,0.474,0.478,0.493,0.452,0.434,0.501,0.562
5/24/2018 15:00,680,0.571,0.475,0.479,0.495,0.453,0.435,0.508,0.568
5/24/2018 15:30,681,0.572,0.474,0.478,0.495,0.453,0.435,0.51,0.568
5/24/2018 16:00,682,0.575,0.475,0.481,0.498,0.455,0.435,0.518,0.571
5/24/2018 16:30,683,0.579,0.478,0.484,0.501,0.455,0.437,0.522,0.574
5/24/2018 17:00,684,0.583,0.484,0.486,0.506,0.462,0.438,0.535,0.582
5/24/2018 17:30,685,0.587,0.489,0.49,0.508,0.474,0.439,0.545,0.586
5/24/2018 18:00,686,0.594,0.496,0.497,0.512,0.486,0.442,0.553,0.588
5/24/2018 18:30,687,0.606,0.512,0.508,0.521,0.502,0.45,0.563,0.589
5/24/2018 19:00,688,0.62,0.535,0.522,0.532,0.518,0.458,0.572,0.59
5/24/2018 19:30,689,0.64,0.552,0.537,0.546,0.535,0.474,0.584,0.591
5/24/2018 20:00,690,0.662,0.564,0.557,0.562,0.546,0.499,0.598,0.592
5/24/2018 20:30,691,0.679,0.574,0.58,0.577,0.554,0.535,0.614,0.597
5/24/2018 21:00,692,0.69,0.579,0.596,0.586,0.56,0.56,0.624,0.602
5/24/2018 21:30,693,0.696,0.582,0.605,0.59,0.563,0.571,0.629,0.605
5/24/2018 22:00,694,0.699,0.584,0.61,0.591,0.565,0.578,0.633,0.607
5/24/2018 22:30,695,0.701,0.585,0.613,0.59,0.567,0.58,0.636,0.61
5/24/2018 23:00,696,0.702,0.586,0.615,0.589,0.568,0.581,0.638,0.612
5/24/2018 23:30,697,0.703,0.587,0.617,0.59,0.569,0.582,0.64,0.613
5/25/2018 0:00,698,0.703,0.587,0.616,0.589,0.569,0.586,0.64,0.614
5/25/2018 0:30,699,0.704,0.588,0.618,0.589,0.57,0.589,0.643,0.616
5/25/2018 1:00,700,0.704,0.588,0.619,0.587,0.571,0.587,0.643,0.614
5/25/2018 1:30,701,0.704,0.588,0.621,0.587,0.57,0.588,0.643,0.615
5/25/2018 2:00,702,0.704,0.588,0.622,0.587,0.569,0.59,0.643,0.616
5/25/2018 2:30,703,0.704,0.587,0.623,0.585,0.569,0.591,0.644,0.617
5/25/2018 3:00,704,0.704,0.586,0.623,0.583,0.568,0.591,0.643,0.618
5/25/2018 3:30,705,0.704,0.586,0.624,0.582,0.567,0.592,0.644,0.618
5/25/2018 4:00,706,0.704,0.585,0.624,0.58,0.566,0.592,0.645,0.618
5/25/2018 4:30,707,0.703,0.585,0.624,0.579,0.565,0.592,0.645,0.617
5/25/2018 5:00,708,0.703,0.584,0.625,0.578,0.564,0.592,0.645,0.615
5/25/2018 5:30,709,0.702,0.583,0.625,0.574,0.563,0.592,0.645,0.614
5/25/2018 6:00,710,0.702,0.582,0.626,0.575,0.561,0.592,0.645,0.613
5/25/2018 6:30,711,0.701,0.582,0.625,0.575,0.56,0.592,0.644,0.611
5/25/2018 7:00,712,0.7,0.582,0.613,0.575,0.559,0.587,0.642,0.608
5/25/2018 7:30,713,0.69,0.577,0.571,0.567,0.557,0.561,0.64,0.604
5/25/2018 8:00,714,0.654,0.556,0.532,0.542,0.55,0.517,0.633,0.601
5/25/2018 8:30,715,0.624,0.534,0.513,0.516,0.536,0.487,0.622,0.599
5/25/2018 9:00,716,0.609,0.518,0.503,0.501,0.516,0.471,0.605,0.599
5/25/2018 9:30,717,0.597,0.505,0.497,0.492,0.493,0.458,0.579,0.598
5/25/2018 10:00,718,0.587,0.494,0.492,0.484,0.474,0.449,0.552,0.595
5/25/2018 10:30,719,0.578,0.486,0.487,0.478,0.459,0.443,0.528,0.587
5/25/2018 11:00,720,0.573,0.481,0.485,0.476,0.452,0.44,0.514,0.582
5/25/2018 11:30,721,0.569,0.478,0.484,0.475,0.448,0.438,0.505,0.577
5/25/2018 12:00,722,0.566,0.476,0.483,0.477,0.445,0.437,0.499,0.572
5/25/2018 12:30,723,0.565,0.475,0.482,0.48,0.444,0.437,0.495,0.567
5/25/2018 13:00,724,0.566,0.474,0.483,0.483,0.444,0.437,0.495,0.564
5/25/2018 13:30,725,0.567,0.473,0.482,0.487,0.443,0.436,0.496,0.562
5/25/2018 14:00,726,0.567,0.473,0.481,0.49,0.445,0.437,0.5,0.564
5/25/2018 14:30,727,0.564,0.473,0.48,0.488,0.444,0.435,0.501,0.564
5/25/2018 15:00,728,0.564,0.472,0.48,0.488,0.444,0.435,0.504,0.565
5/25/2018 15:30,729,0.563,0.472,0.479,0.487,0.442,0.434,0.506,0.565
5/25/2018 16:00,730,0.565,0.473,0.481,0.489,0.445,0.434,0.509,0.566
5/25/2018 16:30,731,0.567,0.475,0.485,0.491,0.447,0.436,0.515,0.567
5/25/2018 17:00,732,0.579,0.482,0.493,0.501,0.463,0.442,0.526,0.572
5/25/2018 17:30,733,0.582,0.488,0.497,0.501,0.473,0.444,0.539,0.575
5/25/2018 18:00,734,0.582,0.493,0.5,0.498,0.48,0.444,0.549,0.58
5/25/2018 18:30,735,0.595,0.507,0.51,0.509,0.495,0.451,0.562,0.582
5/25/2018 19:00,736,0.615,0.531,0.526,0.525,0.514,0.468,0.577,0.584
5/25/2018 19:30,737,0.635,0.55,0.542,0.539,0.532,0.486,0.591,0.588
5/25/2018 20:00,738,0.656,0.564,0.564,0.555,0.543,0.515,0.605,0.59
5/25/2018 20:30,739,0.675,0.573,0.59,0.573,0.549,0.551,0.616,0.591
5/25/2018 21:00,740,0.686,0.578,0.604,0.582,0.553,0.572,0.623,0.594
5/25/2018 21:30,741,0.69,0.579,0.61,0.584,0.555,0.581,0.628,0.596
5/25/2018 22:00,742,0.693,0.58,0.614,0.585,0.556,0.586,0.632,0.598
5/25/2018 22:30,743,0.694,0.58,0.616,0.584,0.557,0.588,0.633,0.599
5/25/2018 23:00,744,0.695,0.581,0.617,0.582,0.557,0.59,0.635,0.601
5/25/2018 23:30,745,0.695,0.582,0.619,0.581,0.558,0.591,0.637,0.603
5/26/2018 0:00,746,0.695,0.582,0.619,0.581,0.558,0.592,0.638,0.604
5/26/2018 0:30,747,0.695,0.582,0.62,0.58,0.558,0.593,0.639,0.605
5/26/2018 1:00,748,0.695,0.581,0.62,0.579,0.557,0.593,0.639,0.605
5/26/2018 1:30,749,0.695,0.581,0.618,0.577,0.557,0.592,0.637,0.605
5/26/2018 2:00,750,0.694,0.581,0.619,0.575,0.556,0.592,0.636,0.605
5/26/2018 2:30,751,0.694,0.581,0.619,0.573,0.555,0.591,0.634,0.602
5/26/2018 3:00,752,0.694,0.58,0.62,0.572,0.554,0.589,0.633,0.601
5/26/2018 3:30,753,0.693,0.58,0.62,0.57,0.553,0.59,0.633,0.6
5/26/2018 4:00,754,0.693,0.579,0.62,0.567,0.552,0.59,0.633,0.599
5/26/2018 4:30,755,0.692,0.579,0.619,0.564,0.55,0.589,0.63,0.598
5/26/2018 5:00,756,0.692,0.578,0.62,0.562,0.55,0.589,0.632,0.597
5/26/2018 5:30,757,0.691,0.578,0.62,0.56,0.549,0.6,0.633,0.597
5/26/2018 6:00,758,0.691,0.578,0.62,0.557,0.547,0.613,0.635,0.598
5/26/2018 6:30,759,0.69,0.578,0.615,0.553,0.546,0.612,0.633,0.599
5/26/2018 7:00,760,0.686,0.576,0.59,0.549,0.544,0.598,0.635,0.599
5/26/2018 7:30,761,0.669,0.568,0.551,0.533,0.542,0.557,0.631,0.598
5/26/2018 8:00,762,0.645,0.555,0.532,0.513,0.537,0.532,0.627,0.598
5/26/2018 8:30,763,0.624,0.536,0.516,0.495,0.525,0.503,0.614,0.597
5/26/2018 9:00,764,0.607,0.518,0.506,0.481,0.507,0.485,0.593,0.595
5/26/2018 9:30,765,0.585,0.498,0.493,0.464,0.48,0.466,0.566,0.594
5/26/2018 10:00,766,0.575,0.488,0.488,0.457,0.463,0.459,0.543,0.592
5/26/2018 10:30,767,0.567,0.481,0.483,0.452,0.453,0.452,0.524,0.587
5/26/2018 11:00,768,0.565,0.477,0.483,0.453,0.45,0.45,0.513,0.58
5/26/2018 11:30,769,0.562,0.474,0.481,0.453,0.45,0.446,0.505,0.576
5/26/2018 12:00,770,0.56,0.472,0.482,0.456,0.448,0.444,0.5,0.571
5/26/2018 12:30,771,0.558,0.471,0.481,0.459,0.443,0.441,0.497,0.567
5/26/2018 13:00,772,0.558,0.47,0.482,0.464,0.442,0.44,0.495,0.562
5/26/2018 13:30,773,0.556,0.468,0.479,0.467,0.439,0.438,0.495,0.56
5/26/2018 14:00,774,0.555,0.469,0.478,0.474,0.441,0.439,0.497,0.56
5/26/2018 14:30,775,0.558,0.471,0.479,0.481,0.446,0.439,0.502,0.561
5/26/2018 15:00,776,0.555,0.47,0.478,0.482,0.444,0.438,0.504,0.562
5/26/2018 15:30,777,0.556,0.471,0.479,0.487,0.447,0.441,0.507,0.567
5/26/2018 16:00,778,0.571,0.483,0.487,0.498,0.467,0.451,0.52,0.572
5/26/2018 16:30,779,0.609,0.509,0.515,0.526,0.504,0.481,0.546,0.577
5/26/2018 17:00,780,0.624,0.524,0.529,0.537,0.515,0.496,0.562,0.582
5/26/2018 17:30,781,0.623,0.528,0.528,0.535,0.517,0.492,0.571,0.586
5/26/2018 18:00,782,0.628,0.538,0.533,0.539,0.521,0.504,0.586,0.588
5/26/2018 18:30,783,0.645,0.555,0.56,0.55,0.535,0.537,0.605,0.591
5/26/2018 19:00,784,0.66,0.568,0.586,0.559,0.545,0.565,0.618,0.594
5/26/2018 19:30,785,0.67,0.574,0.598,0.565,0.549,0.582,0.622,0.596
5/26/2018 20:00,786,0.673,0.575,0.599,0.566,0.551,0.585,0.624,0.595
5/26/2018 20:30,787,0.68,0.578,0.606,0.569,0.554,0.584,0.631,0.599
5/26/2018 21:00,788,0.685,0.579,0.613,0.571,0.556,0.595,0.634,0.602
5/26/2018 21:30,789,0.687,0.579,0.615,0.57,0.557,0.591,0.636,0.604
5/26/2018 22:00,790,0.688,0.579,0.617,0.569,0.557,0.59,0.638,0.605
5/26/2018 22:30,791,0.688,0.578,0.618,0.566,0.556,0.591,0.639,0.606
5/26/2018 23:00,792,0.687,0.578,0.619,0.562,0.555,0.59,0.639,0.605
5/26/2018 23:30,793,0.687,0.578,0.619,0.558,0.555,0.59,0.64,0.605
5/27/2018 0:00,794,0.687,0.578,0.62,0.553,0.554,0.591,0.642,0.605
5/27/2018 0:30,795,0.687,0.577,0.62,0.548,0.553,0.591,0.642,0.605
5/27/2018 1:00,796,0.686,0.577,0.621,0.545,0.553,0.59,0.642,0.606
5/27/2018 1:30,797,0.686,0.577,0.621,0.541,0.552,0.59,0.641,0.605
5/27/2018 2:00,798,0.686,0.576,0.621,0.538,0.55,0.59,0.642,0.606
5/27/2018 2:30,799,0.685,0.576,0.621,0.535,0.549,0.589,0.641,0.606
5/27/2018 3:00,800,0.684,0.576,0.621,0.531,0.548,0.59,0.643,0.608
5/27/2018 3:30,801,0.684,0.575,0.621,0.527,0.546,0.589,0.642,0.607
5/27/2018 4:00,802,0.683,0.574,0.621,0.523,0.545,0.589,0.643,0.608
5/27/2018 4:30,803,0.682,0.574,0.621,0.52,0.543,0.589,0.643,0.608
5/27/2018 5:00,804,0.681,0.573,0.621,0.517,0.542,0.588,0.642,0.607
5/27/2018 5:30,805,0.68,0.573,0.621,0.513,0.54,0.588,0.642,0.608
5/27/2018 6:00,806,0.679,0.572,0.621,0.509,0.538,0.588,0.643,0.608
5/27/2018 6:30,807,0.678,0.572,0.621,0.507,0.537,0.589,0.643,0.608
5/27/2018 7:00,808,0.677,0.573,0.619,0.506,0.535,0.59,0.642,0.607
5/27/2018 7:30,809,0.677,0.573,0.61,0.505,0.534,0.586,0.641,0.606
5/27/2018 8:00,810,0.673,0.573,0.59,0.501,0.531,0.575,0.638,0.604
5/27/2018 8:30,811,0.666,0.57,0.573,0.494,0.528,0.557,0.637,0.603
5/27/2018 9:00,812,0.652,0.562,0.555,0.484,0.523,0.533,0.633,0.601
5/27/2018 9:30,813,0.616,0.535,0.522,0.457,0.504,0.488,0.619,0.599
5/27/2018 10:00,814,0.617,0.536,0.529,0.459,0.496,0.491,0.616,0.601
5/27/2018 10:30,815,0.607,0.524,0.517,0.452,0.484,0.474,0.6,0.597
5/27/2018 11:00,816,0.594,0.512,0.507,0.443,0.471,0.463,0.583,0.598
5/27/2018 11:30,817,0.575,0.493,0.493,0.43,0.449,0.447,0.556,0.595
5/27/2018 12:00,818,0.569,0.486,0.488,0.425,0.439,0.444,0.535,0.59
5/27/2018 12:30,819,0.576,0.493,0.495,0.433,0.446,0.451,0.538,0.593
5/27/2018 13:00,820,0.561,0.48,0.485,0.423,0.434,0.438,0.522,0.589
5/27/2018 13:30,821,0.55,0.47,0.479,0.419,0.422,0.432,0.508,0.579
5/27/2018 14:00,822,0.556,0.473,0.482,0.426,0.434,0.436,0.511,0.576
5/27/2018 14:30,823,0.563,0.478,0.484,0.432,0.447,0.437,0.518,0.577
5/27/2018 15:00,824,0.566,0.48,0.486,0.437,0.452,0.44,0.522,0.578
5/27/2018 15:30,825,0.597,0.503,0.507,0.462,0.484,0.464,0.546,0.583
5/27/2018 16:00,826,0.605,0.509,0.511,0.467,0.497,0.469,0.559,0.586
5/27/2018 16:30,827,0.613,0.519,0.521,0.475,0.499,0.481,0.569,0.59
5/27/2018 17:00,828,0.621,0.527,0.528,0.48,0.511,0.49,0.58,0.592
5/27/2018 17:30,829,0.624,0.535,0.54,0.479,0.52,0.508,0.58,0.586
5/27/2018 18:00,830,0.634,0.544,0.557,0.48,0.53,0.527,0.586,0.583
5/27/2018 18:30,831,0.651,0.556,0.58,0.495,0.538,0.551,0.599,0.59
5/27/2018 19:00,832,0.66,0.56,0.578,0.5,0.54,0.554,0.603,0.587
5/27/2018 19:30,833,0.661,0.563,0.584,0.502,0.542,0.561,0.604,0.587
5/27/2018 20:00,834,0.673,0.572,0.602,0.512,0.545,0.574,0.623,0.594
5/27/2018 20:30,835,0.676,0.572,0.608,0.511,0.546,0.582,0.625,0.598
5/27/2018 21:00,836,0.676,0.569,0.611,0.508,0.546,0.585,0.627,0.599
5/27/2018 21:30,837,0.666,0.563,0.608,0.495,0.544,0.582,0.613,0.595
5/27/2018 22:00,838,0.667,0.56,0.608,0.491,0.544,0.582,0.615,0.593
5/27/2018 22:30,839,0.665,0.556,0.606,0.484,0.543,0.581,0.612,0.589
5/27/2018 23:00,840,0.667,0.557,0.608,0.48,0.544,0.583,0.615,0.59
5/27/2018 23:30,841,0.665,0.555,0.606,0.475,0.544,0.582,0.612,0.589
5/28/2018 0:00,842,0.669,0.557,0.609,0.475,0.543,0.585,0.619,0.592
5/28/2018 0:30,843,0.667,0.557,0.61,0.473,0.542,0.585,0.617,0.592
5/28/2018 1:00,844,0.67,0.558,0.612,0.474,0.541,0.586,0.622,0.593
5/28/2018 1:30,845,0.672,0.56,0.614,0.476,0.54,0.588,0.627,0.596
5/28/2018 2:00,846,0.672,0.56,0.615,0.474,0.539,0.588,0.625,0.597
5/28/2018 2:30,847,0.671,0.559,0.615,0.473,0.538,0.587,0.625,0.597
5/28/2018 3:00,848,0.674,0.562,0.617,0.475,0.536,0.589,0.631,0.599
5/28/2018 3:30,849,0.671,0.56,0.615,0.472,0.535,0.588,0.626,0.599
5/28/2018 4:00,850,0.667,0.557,0.613,0.47,0.533,0.587,0.621,0.595
5/28/2018 4:30,851,0.662,0.555,0.61,0.466,0.531,0.583,0.614,0.593
5/28/2018 5:00,852,0.665,0.555,0.612,0.468,0.53,0.585,0.618,0.594
5/28/2018 5:30,853,0.665,0.555,0.612,0.468,0.528,0.585,0.619,0.593
5/28/2018 6:00,854,0.664,0.557,0.61,0.467,0.527,0.582,0.617,0.594
5/28/2018 6:30,855,0.67,0.56,0.617,0.472,0.525,0.587,0.629,0.599
5/28/2018 7:00,856,0.665,0.555,0.614,0.467,0.524,0.586,0.619,0.596
5/28/2018 7:30,857,0.664,0.556,0.614,0.466,0.523,0.585,0.618,0.595
5/28/2018 8:00,858,0.665,0.556,0.615,0.468,0.522,0.586,0.62,0.596
5/28/2018 8:30,859,0.668,0.557,0.617,0.471,0.521,0.589,0.626,0.596
5/28/2018 9:00,860,0.665,0.557,0.617,0.469,0.519,0.589,0.62,0.595
5/28/2018 9:30,861,0.667,0.558,0.619,0.471,0.518,0.59,0.625,0.596
5/28/2018 10:00,862,0.667,0.56,0.617,0.471,0.517,0.591,0.625,0.595
5/28/2018 10:30,863,0.664,0.558,0.612,0.47,0.516,0.589,0.62,0.593
5/28/2018 11:00,864,0.664,0.56,0.608,0.471,0.516,0.587,0.618,0.592
5/28/2018 11:30,865,0.665,0.56,0.609,0.473,0.516,0.587,0.62,0.592
5/28/2018 12:00,866,0.666,0.562,0.608,0.474,0.515,0.585,0.625,0.593
5/28/2018 12:30,867,0.664,0.564,0.594,0.476,0.513,0.57,0.63,0.595
5/28/2018 13:00,868,0.656,0.562,0.58,0.472,0.511,0.558,0.628,0.593
5/28/2018 13:30,869,0.649,0.558,0.574,0.469,0.508,0.554,0.62,0.59
5/28/2018 14:00,870,0.643,0.554,0.564,0.467,0.504,0.541,0.621,0.589
5/28/2018 14:30,871,0.645,0.558,0.564,0.47,0.503,0.539,0.63,0.592
5/28/2018 15:00,872,0.644,0.56,0.563,0.471,0.502,0.537,0.632,0.595
5/28/2018 15:30,873,0.636,0.553,0.553,0.465,0.498,0.524,0.628,0.594
5/28/2018 16:00,874,0.628,0.546,0.544,0.46,0.492,0.512,0.626,0.595
5/28/2018 16:30,875,0.625,0.544,0.541,0.458,0.488,0.51,0.625,0.596
5/28/2018 17:00,876,0.625,0.544,0.545,0.458,0.488,0.512,0.621,0.596
5/28/2018 17:30,877,0.637,0.553,0.56,0.467,0.494,0.531,0.622,0.597
5/28/2018 18:00,878,0.649,0.562,0.573,0.476,0.5,0.543,0.629,0.599
5/28/2018 18:30,879,0.656,0.567,0.583,0.479,0.505,0.555,0.629,0.599
5/28/2018 19:00,880,0.663,0.571,0.595,0.483,0.509,0.567,0.632,0.599
5/28/2018 19:30,881,0.667,0.574,0.604,0.485,0.512,0.576,0.634,0.6
5/28/2018 20:00,882,0.671,0.575,0.61,0.486,0.513,0.581,0.636,0.601
5/28/2018 20:30,883,0.673,0.574,0.613,0.485,0.514,0.585,0.635,0.599
5/28/2018 21:00,884,0.674,0.574,0.618,0.485,0.514,0.587,0.636,0.599
5/28/2018 21:30,885,0.674,0.573,0.619,0.483,0.514,0.589,0.637,0.601
5/28/2018 22:00,886,0.673,0.572,0.62,0.482,0.513,0.588,0.635,0.599
5/28/2018 22:30,887,0.673,0.571,0.62,0.481,0.512,0.588,0.634,0.599
5/28/2018 23:00,888,0.673,0.57,0.62,0.481,0.511,0.588,0.636,0.6
5/28/2018 23:30,889,0.672,0.57,0.62,0.481,0.511,0.588,0.635,0.599
5/29/2018 0:00,890,0.671,0.569,0.62,0.48,0.51,0.588,0.634,0.598
5/29/2018 0:30,891,0.671,0.569,0.62,0.48,0.509,0.588,0.634,0.598
5/29/2018 1:00,892,0.67,0.568,0.62,0.479,0.509,0.586,0.635,0.599
5/29/2018 1:30,893,0.67,0.567,0.62,0.479,0.508,0.585,0.635,0.599
5/29/2018 2:00,894,0.669,0.566,0.619,0.478,0.507,0.583,0.634,0.598
5/29/2018 2:30,895,0.668,0.566,0.618,0.477,0.506,0.582,0.632,0.598
5/29/2018 3:00,896,0.667,0.565,0.618,0.476,0.505,0.582,0.633,0.598
5/29/2018 3:30,897,0.666,0.564,0.618,0.475,0.504,0.582,0.633,0.597
5/29/2018 4:00,898,0.665,0.564,0.618,0.475,0.503,0.581,0.634,0.598
5/29/2018 4:30,899,0.664,0.563,0.618,0.474,0.503,0.581,0.631,0.597
5/29/2018 5:00,900,0.663,0.563,0.618,0.474,0.502,0.58,0.633,0.598
5/29/2018 5:30,901,0.662,0.562,0.617,0.473,0.501,0.58,0.631,0.597
5/29/2018 6:00,902,0.661,0.561,0.617,0.473,0.5,0.579,0.631,0.596
5/29/2018 6:30,903,0.659,0.561,0.617,0.472,0.5,0.579,0.631,0.597
5/29/2018 7:00,904,0.658,0.56,0.617,0.472,0.5,0.579,0.631,0.597
5/29/2018 7:30,905,0.657,0.56,0.618,0.472,0.499,0.58,0.632,0.596
5/29/2018 8:00,906,0.656,0.56,0.619,0.473,0.498,0.583,0.632,0.598
5/29/2018 8:30,907,0.656,0.561,0.617,0.475,0.498,0.586,0.63,0.597
5/29/2018 9:00,908,0.655,0.563,0.611,0.476,0.497,0.584,0.629,0.597
5/29/2018 9:30,909,0.654,0.565,0.601,0.475,0.496,0.576,0.63,0.596
5/29/2018 10:00,910,0.644,0.561,0.574,0.468,0.494,0.55,0.626,0.594
5/29/2018 10:30,911,0.628,0.553,0.553,0.459,0.489,0.524,0.619,0.592
5/29/2018 11:00,912,0.617,0.546,0.542,0.453,0.483,0.508,0.616,0.593
5/29/2018 11:30,913,0.611,0.543,0.541,0.449,0.478,0.507,0.609,0.594
5/29/2018 12:00,914,0.604,0.532,0.531,0.443,0.472,0.496,0.598,0.59
5/29/2018 12:30,915,0.612,0.537,0.544,0.448,0.474,0.513,0.602,0.591
5/29/2018 13:00,916,0.62,0.545,0.548,0.455,0.48,0.517,0.61,0.596
5/29/2018 13:30,917,0.613,0.537,0.537,0.45,0.476,0.502,0.604,0.595
5/29/2018 14:00,918,0.599,0.525,0.525,0.439,0.466,0.488,0.591,0.594
5/29/2018 14:30,919,0.597,0.524,0.523,0.439,0.462,0.485,0.591,0.596
5/29/2018 15:00,920,0.571,0.5,0.503,0.422,0.442,0.459,0.566,0.591
5/29/2018 15:30,921,0.554,0.486,0.491,0.412,0.422,0.445,0.545,0.585
5/29/2018 16:00,922,0.556,0.486,0.494,0.414,0.42,0.446,0.545,0.589
5/29/2018 16:30,923,0.561,0.486,0.495,0.419,0.423,0.448,0.542,0.586
5/29/2018 17:00,924,0.569,0.49,0.499,0.423,0.43,0.452,0.547,0.587
5/29/2018 17:30,925,0.591,0.51,0.516,0.439,0.452,0.472,0.564,0.592
5/29/2018 18:00,926,0.599,0.518,0.522,0.445,0.464,0.477,0.575,0.593
5/29/2018 18:30,927,0.604,0.524,0.525,0.45,0.467,0.479,0.583,0.595
5/29/2018 19:00,928,0.619,0.54,0.54,0.461,0.477,0.495,0.594,0.596
5/29/2018 19:30,929,0.638,0.556,0.563,0.473,0.489,0.521,0.607,0.597
5/29/2018 20:00,930,0.655,0.565,0.588,0.484,0.497,0.552,0.62,0.598
5/29/2018 20:30,931,0.664,0.568,0.602,0.487,0.5,0.57,0.624,0.597
5/29/2018 21:00,932,0.668,0.569,0.61,0.487,0.502,0.579,0.628,0.598
5/29/2018 21:30,933,0.67,0.569,0.614,0.485,0.504,0.584,0.631,0.599
5/29/2018 22:00,934,0.671,0.568,0.616,0.483,0.505,0.585,0.633,0.6
5/29/2018 22:30,935,0.671,0.568,0.616,0.482,0.505,0.584,0.634,0.6
5/29/2018 23:00,936,0.671,0.567,0.617,0.481,0.505,0.584,0.635,0.601
5/29/2018 23:30,937,0.671,0.567,0.617,0.48,0.505,0.584,0.635,0.602
5/30/2018 0:00,938,0.671,0.567,0.617,0.479,0.505,0.583,0.635,0.602
5/30/2018 0:30,939,0.671,0.566,0.617,0.479,0.505,0.583,0.636,0.603
5/30/2018 1:00,940,0.671,0.566,0.617,0.479,0.505,0.583,0.635,0.604
5/30/2018 1:30,941,0.67,0.565,0.618,0.478,0.505,0.582,0.636,0.605
5/30/2018 2:00,942,0.67,0.565,0.618,0.478,0.505,0.583,0.637,0.606
5/30/2018 2:30,943,0.67,0.565,0.618,0.477,0.505,0.582,0.636,0.605
5/30/2018 3:00,944,0.67,0.565,0.618,0.477,0.505,0.582,0.638,0.606
5/30/2018 3:30,945,0.669,0.565,0.618,0.477,0.505,0.582,0.638,0.607
5/30/2018 4:00,946,0.669,0.565,0.619,0.476,0.506,0.581,0.638,0.606
5/30/2018 4:30,947,0.669,0.564,0.619,0.476,0.506,0.581,0.638,0.606
5/30/2018 5:00,948,0.669,0.562,0.619,0.475,0.506,0.579,0.638,0.606
5/30/2018 5:30,949,0.668,0.562,0.619,0.475,0.505,0.58,0.639,0.606
5/30/2018 6:00,950,0.667,0.56,0.619,0.475,0.504,0.58,0.638,0.606
5/30/2018 6:30,951,0.666,0.559,0.618,0.474,0.503,0.579,0.637,0.604
5/30/2018 7:00,952,0.664,0.558,0.618,0.473,0.502,0.578,0.636,0.603
5/30/2018 7:30,953,0.663,0.556,0.618,0.473,0.501,0.577,0.636,0.603
5/30/2018 8:00,954,0.662,0.555,0.617,0.473,0.499,0.579,0.634,0.603
5/30/2018 8:30,955,0.659,0.553,0.615,0.473,0.497,0.581,0.628,0.6
5/30/2018 9:00,956,0.653,0.549,0.587,0.469,0.492,0.562,0.622,0.595
5/30/2018 9:30,957,0.633,0.539,0.551,0.453,0.485,0.526,0.612,0.59
5/30/2018 10:00,958,0.614,0.529,0.531,0.442,0.478,0.499,0.61,0.593
5/30/2018 10:30,959,0.587,0.508,0.511,0.424,0.458,0.471,0.594,0.593
5/30/2018 11:00,960,0.56,0.485,0.492,0.406,0.428,0.446,0.563,0.589
5/30/2018 11:30,961,0.555,0.479,0.491,0.404,0.421,0.445,0.544,0.588
5/30/2018 12:00,962,0.545,0.471,0.483,0.401,0.41,0.437,0.528,0.585
5/30/2018 12:30,963,0.542,0.468,0.48,0.401,0.401,0.433,0.517,0.582
5/30/2018 13:00,964,0.542,0.468,0.48,0.404,0.4,0.434,0.511,0.578
5/30/2018 13:30,965,0.545,0.468,0.479,0.407,0.4,0.432,0.511,0.577
5/30/2018 14:00,966,0.554,0.474,0.483,0.415,0.407,0.437,0.516,0.578
5/30/2018 14:30,967,0.563,0.48,0.488,0.424,0.417,0.443,0.525,0.581
5/30/2018 15:00,968,0.565,0.481,0.488,0.427,0.42,0.441,0.528,0.582
5/30/2018 15:30,969,0.567,0.483,0.489,0.43,0.423,0.442,0.53,0.582
5/30/2018 16:00,970,0.571,0.485,0.493,0.435,0.427,0.448,0.533,0.582
5/30/2018 16:30,971,0.598,0.508,0.513,0.455,0.458,0.472,0.561,0.588
5/30/2018 17:00,972,0.607,0.514,0.52,0.462,0.468,0.48,0.569,0.591
5/30/2018 17:30,973,0.607,0.515,0.522,0.459,0.472,0.483,0.571,0.59
5/30/2018 18:00,974,0.613,0.523,0.53,0.46,0.48,0.492,0.579,0.59
5/30/2018 18:30,975,0.627,0.537,0.549,0.465,0.49,0.512,0.587,0.591
5/30/2018 19:00,976,0.64,0.549,0.572,0.468,0.5,0.537,0.597,0.592
5/30/2018 19:30,977,0.65,0.554,0.588,0.469,0.506,0.558,0.602,0.59
5/30/2018 20:00,978,0.658,0.557,0.597,0.47,0.509,0.57,0.609,0.591
5/30/2018 20:30,979,0.659,0.556,0.602,0.468,0.51,0.576,0.609,0.591
5/30/2018 21:00,980,0.662,0.556,0.605,0.469,0.511,0.579,0.613,0.592
5/30/2018 21:30,981,0.664,0.556,0.607,0.467,0.511,0.581,0.616,0.594
5/30/2018 22:00,982,0.665,0.556,0.608,0.466,0.512,0.582,0.618,0.595
5/30/2018 22:30,983,0.663,0.553,0.608,0.462,0.511,0.581,0.615,0.594
5/30/2018 23:00,984,0.664,0.554,0.608,0.462,0.511,0.581,0.618,0.595
5/30/2018 23:30,985,0.666,0.555,0.609,0.463,0.511,0.581,0.62,0.596
5/31/2018 0:00,986,0.667,0.557,0.609,0.464,0.51,0.581,0.622,0.598
5/31/2018 0:30,987,0.666,0.557,0.61,0.464,0.51,0.582,0.624,0.598
5/31/2018 1:00,988,0.664,0.553,0.61,0.461,0.51,0.582,0.619,0.595
5/31/2018 1:30,989,0.664,0.552,0.611,0.461,0.51,0.582,0.619,0.595
5/31/2018 2:00,990,0.661,0.549,0.609,0.458,0.509,0.581,0.616,0.593
5/31/2018 2:30,991,0.662,0.55,0.611,0.46,0.509,0.581,0.619,0.595
5/31/2018 3:00,992,0.661,0.55,0.611,0.459,0.508,0.581,0.618,0.595
5/31/2018 3:30,993,0.661,0.55,0.612,0.46,0.507,0.582,0.62,0.596
5/31/2018 4:00,994,0.663,0.552,0.614,0.462,0.504,0.582,0.625,0.597
5/31/2018 4:30,995,0.663,0.554,0.614,0.465,0.502,0.583,0.628,0.599
5/31/2018 5:00,996,0.665,0.556,0.616,0.468,0.501,0.582,0.633,0.601
5/31/2018 5:30,997,0.662,0.553,0.615,0.466,0.497,0.583,0.629,0.601
5/31/2018 6:00,998,0.659,0.55,0.614,0.462,0.493,0.582,0.624,0.6
5/31/2018 6:30,999,0.657,0.548,0.614,0.461,0.487,0.581,0.626,0.599
5/31/2018 7:00,1000,0.657,0.547,0.614,0.462,0.479,0.581,0.627,0.599
5/31/2018 7:30,1001,0.657,0.548,0.614,0.464,0.472,0.58,0.631,0.6
5/31/2018 8:00,1002,0.656,0.548,0.614,0.464,0.465,0.581,0.629,0.6
5/31/2018 8:30,1003,0.654,0.545,0.614,0.464,0.457,0.581,0.629,0.599
5/31/2018 9:00,1004,0.652,0.545,0.615,0.465,0.449,0.582,0.628,0.599
5/31/2018 9:30,1005,0.651,0.544,0.615,0.466,0.441,0.583,0.626,0.598
5/31/2018 10:00,1006,0.648,0.54,0.614,0.466,0.435,0.584,0.624,0.596
5/31/2018 10:30,1007,0.646,0.54,0.604,0.466,0.429,0.579,0.623,0.594
5/31/2018 11:00,1008,0.643,0.541,0.593,0.468,0.423,0.569,0.627,0.594
5/31/2018 11:30,1009,0.635,0.539,0.578,0.464,0.418,0.557,0.625,0.592
5/31/2018 12:00,1010,0.624,0.536,0.564,0.46,0.413,0.539,0.626,0.593
5/31/2018 12:30,1011,0.612,0.533,0.551,0.453,0.408,0.523,0.624,0.594
5/31/2018 13:00,1012,0.606,0.529,0.546,0.448,0.404,0.517,0.618,0.591
5/31/2018 13:30,1013,0.603,0.526,0.546,0.445,0.4,0.518,0.615,0.59
5/31/2018 14:00,1014,0.576,0.505,0.519,0.43,0.384,0.482,0.602,0.587
5/31/2018 14:30,1015,0.544,0.477,0.496,0.41,0.351,0.451,0.572,0.584
5/31/2018 15:00,1016,0.536,0.469,0.491,0.407,0.339,0.444,0.551,0.583
5/31/2018 15:30,1017,0.533,0.466,0.487,0.405,0.338,0.44,0.541,0.584
5/31/2018 16:00,1018,0.526,0.46,0.481,0.401,0.342,0.433,0.53,0.583
5/31/2018 16:30,1019,0.532,0.463,0.484,0.407,0.366,0.435,0.529,0.582
5/31/2018 17:00,1020,0.537,0.466,0.486,0.41,0.376,0.438,0.533,0.582
5/31/2018 17:30,1021,0.54,0.469,0.487,0.413,0.384,0.437,0.538,0.582
5/31/2018 18:00,1022,0.565,0.487,0.505,0.428,0.412,0.455,0.552,0.584
5/31/2018 18:30,1023,0.585,0.505,0.522,0.441,0.431,0.477,0.564,0.585
5/31/2018 19:00,1024,0.616,0.53,0.557,0.459,0.452,0.519,0.589,0.589
5/31/2018 19:30,1025,0.634,0.544,0.581,0.463,0.463,0.549,0.604,0.591
5/31/2018 20:00,1026,0.644,0.55,0.595,0.467,0.467,0.564,0.616,0.594
5/31/2018 20:30,1027,0.649,0.551,0.6,0.467,0.469,0.57,0.617,0.591
5/31/2018 21:00,1028,0.652,0.551,0.605,0.47,0.469,0.574,0.62,0.591
5/31/2018 21:30,1029,0.654,0.553,0.607,0.468,0.468,0.578,0.624,0.595
5/31/2018 22:00,1030,0.655,0.553,0.609,0.468,0.463,0.579,0.628,0.598
5/31/2018 22:30,1031,0.655,0.552,0.61,0.465,0.46,0.579,0.625,0.598
5/31/2018 23:00,1032,0.655,0.553,0.612,0.468,0.458,0.579,0.631,0.598
5/31/2018 23:30,1033,0.656,0.552,0.612,0.467,0.454,0.577,0.631,0.597
6/1/2018 0:00,1034,0.655,0.552,0.611,0.467,0.449,0.577,0.631,0.598
6/1/2018 0:30,1035,0.655,0.551,0.613,0.468,0.444,0.577,0.633,0.598
6/1/2018 1:00,1036,0.655,0.551,0.613,0.468,0.438,0.578,0.634,0.6
6/1/2018 1:30,1037,0.654,0.55,0.613,0.467,0.434,0.578,0.634,0.601
6/1/2018 2:00,1038,0.654,0.55,0.613,0.465,0.431,0.577,0.635,0.601
6/1/2018 2:30,1039,0.653,0.549,0.614,0.464,0.428,0.577,0.636,0.6
6/1/2018 3:00,1040,0.651,0.549,0.614,0.464,0.426,0.577,0.637,0.601
6/1/2018 3:30,1041,0.65,0.548,0.614,0.464,0.424,0.577,0.638,0.601
6/1/2018 4:00,1042,0.65,0.548,0.614,0.464,0.422,0.577,0.637,0.601
6/1/2018 4:30,1043,0.649,0.547,0.615,0.464,0.421,0.577,0.638,0.602
6/1/2018 5:00,1044,0.647,0.546,0.615,0.464,0.42,0.577,0.637,0.602
6/1/2018 5:30,1045,0.645,0.545,0.615,0.464,0.419,0.577,0.637,0.603
6/1/2018 6:00,1046,0.642,0.544,0.615,0.465,0.418,0.577,0.638,0.603
6/1/2018 6:30,1047,0.638,0.542,0.615,0.465,0.416,0.577,0.637,0.602
6/1/2018 7:00,1048,0.634,0.538,0.614,0.463,0.415,0.576,0.635,0.603
6/1/2018 7:30,1049,0.628,0.534,0.614,0.464,0.413,0.575,0.636,0.601
6/1/2018 8:00,1050,0.62,0.531,0.613,0.464,0.412,0.574,0.634,0.601
6/1/2018 8:30,1051,0.612,0.529,0.611,0.464,0.41,0.575,0.632,0.6
6/1/2018 9:00,1052,0.605,0.527,0.606,0.466,0.408,0.574,0.63,0.599
6/1/2018 9:30,1053,0.59,0.52,0.566,0.458,0.403,0.536,0.627,0.597
6/1/2018 10:00,1054,0.539,0.488,0.513,0.426,0.379,0.473,0.611,0.595
6/1/2018 10:30,1055,0.509,0.469,0.494,0.407,0.347,0.449,0.581,0.592
6/1/2018 11:00,1056,0.5,0.464,0.488,0.402,0.329,0.441,0.557,0.591
6/1/2018 11:30,1057,0.489,0.452,0.478,0.393,0.311,0.431,0.528,0.585
6/1/2018 12:00,1058,0.499,0.457,0.481,0.399,0.314,0.435,0.523,0.584
6/1/2018 12:30,1059,0.495,0.452,0.476,0.395,0.312,0.428,0.513,0.58
6/1/2018 13:00,1060,0.505,0.455,0.481,0.402,0.332,0.435,0.509,0.574
6/1/2018 13:30,1061,0.51,0.457,0.481,0.406,0.345,0.434,0.514,0.574
6/1/2018 14:00,1062,0.508,0.455,0.479,0.406,0.356,0.433,0.511,0.572
6/1/2018 14:30,1063,0.514,0.458,0.481,0.412,0.366,0.434,0.516,0.574
6/1/2018 15:00,1064,0.512,0.457,0.479,0.412,0.368,0.431,0.516,0.576
6/1/2018 15:30,1065,0.512,0.456,0.479,0.414,0.37,0.43,0.518,0.577
6/1/2018 16:00,1066,0.519,0.461,0.481,0.42,0.379,0.432,0.525,0.58
6/1/2018 16:30,1067,0.518,0.457,0.479,0.417,0.373,0.428,0.524,0.58
6/1/2018 17:00,1068,0.526,0.462,0.483,0.422,0.384,0.432,0.532,0.583
6/1/2018 17:30,1069,0.535,0.47,0.489,0.428,0.401,0.435,0.542,0.587
6/1/2018 18:00,1070,0.537,0.473,0.491,0.43,0.408,0.435,0.55,0.589
6/1/2018 18:30,1071,0.543,0.482,0.496,0.432,0.419,0.438,0.559,0.592
6/1/2018 19:00,1072,0.569,0.507,0.519,0.446,0.444,0.46,0.574,0.591
6/1/2018 19:30,1073,0.606,0.534,0.559,0.463,0.467,0.503,0.595,0.594
6/1/2018 20:00,1074,0.623,0.545,0.573,0.465,0.475,0.525,0.607,0.595
6/1/2018 20:30,1075,0.636,0.551,0.59,0.469,0.479,0.55,0.617,0.595
6/1/2018 21:00,1076,0.643,0.553,0.601,0.474,0.481,0.567,0.624,0.598
6/1/2018 21:30,1077,0.647,0.553,0.606,0.475,0.48,0.573,0.627,0.597
6/1/2018 22:00,1078,0.649,0.553,0.609,0.474,0.474,0.575,0.63,0.598
6/1/2018 22:30,1079,0.65,0.552,0.61,0.474,0.469,0.576,0.631,0.598
6/1/2018 23:00,1080,0.65,0.552,0.611,0.472,0.465,0.575,0.631,0.599
6/1/2018 23:30,1081,0.65,0.551,0.611,0.471,0.462,0.575,0.632,0.6
6/2/2018 0:00,1082,0.649,0.55,0.611,0.47,0.457,0.572,0.632,0.597
6/2/2018 0:30,1083,0.649,0.548,0.61,0.469,0.45,0.572,0.63,0.598
6/2/2018 1:00,1084,0.649,0.548,0.611,0.47,0.443,0.575,0.63,0.598
6/2/2018 1:30,1085,0.649,0.548,0.612,0.47,0.439,0.576,0.63,0.599
6/2/2018 2:00,1086,0.65,0.548,0.612,0.469,0.437,0.579,0.629,0.601
6/2/2018 2:30,1087,0.651,0.548,0.613,0.469,0.435,0.58,0.632,0.601
6/2/2018 3:00,1088,0.649,0.547,0.612,0.468,0.432,0.578,0.627,0.597
6/2/2018 3:30,1089,0.649,0.548,0.614,0.47,0.43,0.579,0.633,0.601
6/2/2018 4:00,1090,0.649,0.547,0.615,0.47,0.429,0.579,0.635,0.602
6/2/2018 4:30,1091,0.648,0.545,0.615,0.47,0.427,0.577,0.636,0.6
6/2/2018 5:00,1092,0.646,0.544,0.614,0.468,0.425,0.578,0.634,0.603
6/2/2018 5:30,1093,0.644,0.542,0.614,0.468,0.423,0.575,0.636,0.602
6/2/2018 6:00,1094,0.642,0.541,0.614,0.468,0.421,0.576,0.638,0.605
6/2/2018 6:30,1095,0.64,0.538,0.614,0.468,0.419,0.576,0.637,0.604
6/2/2018 7:00,1096,0.636,0.534,0.614,0.468,0.418,0.577,0.634,0.603
6/2/2018 7:30,1097,0.631,0.531,0.607,0.469,0.417,0.575,0.633,0.603
6/2/2018 8:00,1098,0.609,0.526,0.561,0.46,0.413,0.543,0.631,0.603
6/2/2018 8:30,1099,0.588,0.521,0.544,0.449,0.406,0.518,0.63,0.602
6/2/2018 9:00,1100,0.582,0.519,0.545,0.447,0.402,0.516,0.627,0.601
6/2/2018 9:30,1101,0.578,0.518,0.545,0.445,0.398,0.514,0.624,0.602
6/2/2018 10:00,1102,0.57,0.512,0.536,0.439,0.393,0.504,0.615,0.602
6/2/2018 10:30,1103,0.562,0.506,0.529,0.432,0.387,0.497,0.602,0.598
6/2/2018 11:00,1104,0.553,0.5,0.524,0.428,0.379,0.493,0.591,0.595
6/2/2018 11:30,1105,0.554,0.504,0.529,0.434,0.379,0.497,0.6,0.6
6/2/2018 12:00,1106,0.538,0.489,0.511,0.423,0.363,0.475,0.581,0.598
6/2/2018 12:30,1107,0.508,0.462,0.49,0.404,0.33,0.447,0.55,0.593
6/2/2018 13:00,1108,0.526,0.478,0.503,0.415,0.341,0.464,0.56,0.596
6/2/2018 13:30,1109,0.545,0.494,0.517,0.425,0.36,0.483,0.574,0.599
6/2/2018 14:00,1110,0.565,0.513,0.54,0.439,0.378,0.511,0.59,0.6
6/2/2018 14:30,1111,0.577,0.524,0.553,0.448,0.387,0.53,0.603,0.601
6/2/2018 15:00,1112,0.587,0.533,0.57,0.455,0.396,0.547,0.614,0.601
6/2/2018 15:30,1113,0.59,0.536,0.578,0.459,0.401,0.555,0.621,0.601
6/2/2018 16:00,1114,0.589,0.537,0.581,0.46,0.402,0.558,0.623,0.601
6/2/2018 16:30,1115,0.585,0.537,0.578,0.46,0.402,0.555,0.626,0.6
6/2/2018 17:00,1116,0.581,0.536,0.573,0.459,0.402,0.549,0.628,0.6
6/2/2018 17:30,1117,0.579,0.536,0.574,0.459,0.402,0.545,0.629,0.6
6/2/2018 18:00,1118,0.576,0.537,0.574,0.457,0.402,0.546,0.624,0.599
6/2/2018 18:30,1119,0.578,0.539,0.585,0.46,0.404,0.554,0.627,0.598
6/2/2018 19:00,1120,0.581,0.539,0.594,0.463,0.404,0.562,0.629,0.599
6/2/2018 19:30,1121,0.582,0.539,0.601,0.464,0.404,0.568,0.628,0.599
6/2/2018 20:00,1122,0.583,0.538,0.606,0.466,0.405,0.573,0.629,0.599
6/2/2018 20:30,1123,0.584,0.536,0.608,0.466,0.405,0.577,0.629,0.599
6/2/2018 21:00,1124,0.584,0.532,0.607,0.463,0.404,0.577,0.627,0.599
6/2/2018 21:30,1125,0.58,0.528,0.603,0.458,0.403,0.574,0.62,0.594
6/2/2018 22:00,1126,0.577,0.525,0.601,0.453,0.402,0.572,0.614,0.591
6/2/2018 22:30,1127,0.576,0.522,0.602,0.452,0.402,0.572,0.613,0.59
6/2/2018 23:00,1128,0.576,0.52,0.605,0.454,0.402,0.574,0.616,0.594
6/2/2018 23:30,1129,0.578,0.52,0.605,0.455,0.403,0.574,0.62,0.594
6/3/2018 0:00,1130,0.578,0.518,0.606,0.456,0.402,0.574,0.622,0.595
6/3/2018 0:30,1131,0.578,0.517,0.61,0.461,0.403,0.575,0.632,0.599
6/3/2018 1:00,1132,0.577,0.513,0.609,0.461,0.403,0.574,0.627,0.598
6/3/2018 1:30,1133,0.57,0.505,0.603,0.453,0.4,0.57,0.606,0.59
6/3/2018 2:00,1134,0.564,0.5,0.599,0.446,0.399,0.567,0.599,0.585
6/3/2018 2:30,1135,0.56,0.493,0.6,0.443,0.396,0.568,0.599,0.584
6/3/2018 3:00,1136,0.559,0.49,0.6,0.443,0.395,0.568,0.598,0.583
6/3/2018 3:30,1137,0.561,0.486,0.601,0.443,0.396,0.57,0.6,0.581
6/3/2018 4:00,1138,0.563,0.485,0.602,0.445,0.395,0.572,0.602,0.581
6/3/2018 4:30,1139,0.561,0.484,0.602,0.443,0.394,0.572,0.6,0.58
6/3/2018 5:00,1140,0.56,0.483,0.601,0.442,0.393,0.571,0.598,0.579
6/3/2018 5:30,1141,0.558,0.482,0.601,0.442,0.393,0.571,0.597,0.578
6/3/2018 6:00,1142,0.559,0.48,0.6,0.442,0.393,0.572,0.597,0.579
6/3/2018 6:30,1143,0.557,0.48,0.597,0.442,0.393,0.571,0.595,0.578
6/3/2018 7:00,1144,0.557,0.479,0.592,0.442,0.393,0.569,0.594,0.576
6/3/2018 7:30,1145,0.556,0.478,0.59,0.442,0.393,0.569,0.593,0.576
6/3/2018 8:00,1146,0.552,0.477,0.589,0.438,0.393,0.568,0.588,0.573
6/3/2018 8:30,1147,0.55,0.472,0.578,0.433,0.394,0.559,0.587,0.573
6/3/2018 9:00,1148,0.547,0.468,0.559,0.428,0.393,0.544,0.587,0.573
6/3/2018 9:30,1149,0.539,0.462,0.541,0.419,0.389,0.524,0.586,0.574
6/3/2018 10:00,1150,0.526,0.453,0.525,0.41,0.38,0.503,0.585,0.576
6/3/2018 10:30,1151,0.531,0.46,0.544,0.415,0.381,0.521,0.587,0.577
6/3/2018 11:00,1152,0.545,0.471,0.568,0.414,0.395,0.55,0.526,0.553
6/3/2018 11:30,1153,0.544,0.478,0.571,0.405,0.403,0.56,0.514,0.552
6/3/2018 12:00,1154,0.546,0.479,0.577,0.413,0.402,0.567,0.524,0.561
6/3/2018 12:30,1155,0.54,0.479,0.576,0.414,0.399,0.564,0.54,0.562
6/3/2018 13:00,1156,0.522,0.475,0.569,0.412,0.397,0.559,0.551,0.561
6/3/2018 13:30,1157,0.501,0.47,0.547,0.411,0.391,0.543,0.559,0.561
6/3/2018 14:00,1158,0.481,0.464,0.535,0.404,0.385,0.527,0.559,0.559
6/3/2018 14:30,1159,0.474,0.469,0.552,0.407,0.387,0.539,0.562,0.561
6/3/2018 15:00,1160,0.472,0.476,0.57,0.414,0.393,0.555,0.567,0.564
6/3/2018 15:30,1161,0.474,0.475,0.576,0.416,0.395,0.562,0.567,0.561
6/3/2018 16:00,1162,0.473,0.471,0.581,0.414,0.397,0.567,0.569,0.561
6/3/2018 16:30,1163,0.466,0.469,0.579,0.406,0.397,0.57,0.551,0.559
6/3/2018 17:00,1164,0.458,0.469,0.576,0.384,0.399,0.569,0.521,0.553
6/3/2018 17:30,1165,0.458,0.472,0.575,0.383,0.4,0.569,0.518,0.554
6/3/2018 18:00,1166,0.463,0.474,0.572,0.38,0.399,0.567,0.517,0.551
6/3/2018 18:30,1167,0.465,0.474,0.573,0.379,0.398,0.567,0.517,0.55
6/3/2018 19:00,1168,0.466,0.476,0.577,0.384,0.397,0.567,0.526,0.549
6/3/2018 19:30,1169,0.467,0.48,0.581,0.391,0.396,0.57,0.538,0.554
6/3/2018 20:00,1170,0.47,0.483,0.582,0.399,0.393,0.572,0.55,0.554
6/3/2018 20:30,1171,0.472,0.484,0.583,0.407,0.392,0.574,0.56,0.556
6/3/2018 21:00,1172,0.469,0.485,0.585,0.413,0.391,0.576,0.564,0.559
6/3/2018 21:30,1173,0.467,0.485,0.586,0.415,0.39,0.576,0.563,0.56
6/3/2018 22:00,1174,0.465,0.483,0.584,0.414,0.39,0.575,0.552,0.557
6/3/2018 22:30,1175,0.468,0.483,0.585,0.416,0.389,0.576,0.571,0.56
6/3/2018 23:00,1176,0.468,0.479,0.587,0.416,0.389,0.575,0.571,0.563
6/3/2018 23:30,1177,0.472,0.479,0.589,0.419,0.389,0.576,0.573,0.564
6/4/2018 0:00,1178,0.48,0.479,0.591,0.424,0.387,0.577,0.579,0.563
6/4/2018 0:30,1179,0.483,0.477,0.594,0.425,0.387,0.578,0.578,0.565
6/4/2018 1:00,1180,0.482,0.472,0.594,0.424,0.387,0.579,0.575,0.566
6/4/2018 1:30,1181,0.491,0.474,0.603,0.436,0.388,0.583,0.592,0.575
6/4/2018 2:00,1182,0.492,0.473,0.601,0.434,0.387,0.582,0.591,0.573
6/4/2018 2:30,1183,0.493,0.474,0.604,0.436,0.387,0.583,0.591,0.576
6/4/2018 3:00,1184,0.493,0.472,0.6,0.432,0.387,0.58,0.586,0.57
6/4/2018 3:30,1185,0.492,0.472,0.6,0.433,0.388,0.58,0.587,0.571
6/4/2018 4:00,1186,0.496,0.474,0.604,0.437,0.388,0.583,0.593,0.577
6/4/2018 4:30,1187,0.497,0.475,0.606,0.441,0.388,0.584,0.596,0.58
6/4/2018 5:00,1188,0.498,0.477,0.61,0.446,0.39,0.585,0.604,0.584
6/4/2018 5:30,1189,0.499,0.477,0.612,0.449,0.391,0.586,0.608,0.586
6/4/2018 6:00,1190,0.499,0.477,0.61,0.448,0.391,0.586,0.606,0.586
6/4/2018 6:30,1191,0.501,0.476,0.611,0.447,0.39,0.587,0.606,0.586
6/4/2018 7:00,1192,0.501,0.477,0.612,0.449,0.391,0.587,0.612,0.587
6/4/2018 7:30,1193,0.502,0.477,0.61,0.446,0.391,0.588,0.609,0.587
6/4/2018 8:00,1194,0.503,0.477,0.605,0.446,0.391,0.587,0.607,0.586
6/4/2018 8:30,1195,0.503,0.477,0.592,0.445,0.389,0.578,0.606,0.586
6/4/2018 9:00,1196,0.502,0.48,0.587,0.447,0.389,0.572,0.613,0.588
6/4/2018 9:30,1197,0.497,0.477,0.568,0.439,0.386,0.556,0.605,0.582
6/4/2018 10:00,1198,0.488,0.472,0.55,0.43,0.382,0.537,0.601,0.578
6/4/2018 10:30,1199,0.481,0.47,0.546,0.43,0.379,0.527,0.605,0.584
6/4/2018 11:00,1200,0.476,0.468,0.543,0.429,0.375,0.521,0.606,0.586
6/4/2018 11:30,1201,0.468,0.462,0.533,0.425,0.369,0.506,0.602,0.585
6/4/2018 12:00,1202,0.449,0.446,0.512,0.414,0.353,0.477,0.592,0.581
6/4/2018 12:30,1203,0.42,0.425,0.49,0.393,0.326,0.448,0.57,0.579
6/4/2018 13:00,1204,0.404,0.414,0.481,0.383,0.306,0.437,0.545,0.576
6/4/2018 13:30,1205,0.396,0.408,0.476,0.38,0.293,0.431,0.528,0.574
6/4/2018 14:00,1206,0.393,0.408,0.474,0.38,0.287,0.43,0.521,0.574
6/4/2018 14:30,1207,0.397,0.414,0.476,0.382,0.293,0.435,0.523,0.575
6/4/2018 15:00,1208,0.391,0.412,0.473,0.379,0.289,0.428,0.519,0.576
6/4/2018 15:30,1209,0.388,0.411,0.471,0.379,0.284,0.427,0.515,0.574
6/4/2018 16:00,1210,0.39,0.415,0.473,0.381,0.29,0.429,0.518,0.576
6/4/2018 16:30,1211,0.395,0.423,0.477,0.383,0.308,0.434,0.524,0.579
6/4/2018 17:00,1212,0.401,0.43,0.48,0.386,0.332,0.435,0.534,0.582
6/4/2018 17:30,1213,0.396,0.425,0.475,0.381,0.327,0.43,0.531,0.581
6/4/2018 18:00,1214,0.399,0.43,0.477,0.384,0.334,0.431,0.536,0.583
6/4/2018 18:30,1215,0.403,0.439,0.481,0.387,0.344,0.434,0.548,0.588
6/4/2018 19:00,1216,0.413,0.454,0.487,0.394,0.367,0.437,0.559,0.588
6/4/2018 19:30,1217,0.424,0.473,0.492,0.397,0.387,0.441,0.57,0.591
6/4/2018 20:00,1218,0.437,0.492,0.498,0.399,0.404,0.451,0.584,0.595
6/4/2018 20:30,1219,0.468,0.511,0.519,0.412,0.417,0.473,0.601,0.598
6/4/2018 21:00,1220,0.496,0.52,0.542,0.429,0.424,0.484,0.61,0.592
6/4/2018 21:30,1221,0.512,0.524,0.562,0.441,0.427,0.496,0.62,0.593
6/4/2018 22:00,1222,0.522,0.527,0.576,0.448,0.428,0.518,0.626,0.596
6/4/2018 22:30,1223,0.53,0.529,0.585,0.452,0.426,0.533,0.63,0.598
6/4/2018 23:00,1224,0.535,0.531,0.591,0.454,0.422,0.547,0.632,0.6
6/4/2018 23:30,1225,0.54,0.532,0.596,0.455,0.419,0.555,0.634,0.601
6/5/2018 0:00,1226,0.544,0.532,0.599,0.456,0.415,0.56,0.635,0.601
6/5/2018 0:30,1227,0.546,0.533,0.601,0.456,0.414,0.565,0.636,0.601
6/5/2018 1:00,1228,0.548,0.533,0.603,0.457,0.412,0.567,0.636,0.601
6/5/2018 1:30,1229,0.549,0.534,0.604,0.457,0.411,0.568,0.637,0.602
6/5/2018 2:00,1230,0.55,0.534,0.605,0.456,0.41,0.568,0.638,0.603
6/5/2018 2:30,1231,0.551,0.534,0.607,0.457,0.41,0.572,0.639,0.605
6/5/2018 3:00,1232,0.552,0.534,0.607,0.457,0.409,0.569,0.639,0.604
6/5/2018 3:30,1233,0.552,0.533,0.608,0.457,0.409,0.57,0.639,0.606
6/5/2018 4:00,1234,0.553,0.53,0.608,0.456,0.408,0.569,0.637,0.605
6/5/2018 4:30,1235,0.553,0.529,0.609,0.457,0.407,0.569,0.638,0.605
6/5/2018 5:00,1236,0.553,0.529,0.609,0.457,0.407,0.571,0.639,0.607
6/5/2018 5:30,1237,0.554,0.528,0.61,0.458,0.407,0.575,0.641,0.61
6/5/2018 6:00,1238,0.555,0.526,0.61,0.458,0.407,0.572,0.641,0.61
6/5/2018 6:30,1239,0.556,0.525,0.608,0.458,0.407,0.569,0.64,0.609
6/5/2018 7:00,1240,0.553,0.524,0.583,0.455,0.405,0.559,0.64,0.608
6/5/2018 7:30,1241,0.534,0.517,0.536,0.439,0.398,0.519,0.636,0.606
6/5/2018 8:00,1242,0.502,0.497,0.512,0.419,0.385,0.486,0.628,0.605
6/5/2018 8:30,1243,0.483,0.482,0.501,0.407,0.364,0.466,0.611,0.603
6/5/2018 9:00,1244,0.469,0.47,0.491,0.395,0.34,0.452,0.585,0.603
6/5/2018 9:30,1245,0.459,0.461,0.485,0.388,0.318,0.442,0.559,0.602
