"TOA5","CR1000-FRESH","CR1000","86614","CR1000.Std.31.03","CPU:Sapflow_SERC.CR1","28068","Table1"
"TIMESTAMP","RECORD","DiffVolt_Avg(1)","DiffVolt_Avg(2)","DiffVolt_Avg(3)","DiffVolt_Avg(4)","DiffVolt_Avg(5)","DiffVolt_Avg(6)","DiffVolt_Avg(7)","DiffVolt_Avg(8)"
"TS","RN","mV","mV","mV","mV","mV","mV","mV","mV"
"","","Avg","Avg","Avg","Avg","Avg","Avg","Avg","Avg"
"2018-08-01 12:30:00",3983,0.371,0.372,0.417,0.296,0.472,0.348,0.48,0.553
"2018-08-01 13:00:00",3984,0.365,0.368,0.413,0.29,0.466,0.342,0.475,0.536
"2018-08-01 13:30:00",3985,0.359,0.363,0.411,0.284,0.461,0.337,0.465,0.517
"2018-08-01 14:00:00",3986,0.358,0.364,0.413,0.282,0.46,0.337,0.455,0.507
"2018-08-01 14:30:00",3987,0.36,0.367,0.417,0.283,0.461,0.339,0.446,0.508
"2018-08-01 15:00:00",3988,0.369,0.375,0.425,0.29,0.468,0.346,0.448,0.517
"2018-08-01 15:30:00",3989,0.374,0.379,0.429,0.295,0.471,0.35,0.454,0.527
"2018-08-01 16:00:00",3990,0.37,0.377,0.426,0.292,0.466,0.346,0.456,0.532
"2018-08-01 16:30:00",3991,0.369,0.379,0.428,0.293,0.466,0.346,0.456,0.53
"2018-08-01 17:00:00",3992,0.369,0.382,0.429,0.295,0.465,0.345,0.458,0.532
"2018-08-01 17:30:00",3993,0.377,0.391,0.436,0.303,0.472,0.353,0.463,0.541
"2018-08-01 18:00:00",3994,0.388,0.399,0.443,0.314,0.478,0.36,0.472,0.557
"2018-08-01 18:30:00",3995,0.388,0.4,0.443,0.317,0.478,0.36,0.479,0.573
"2018-08-01 19:00:00",3996,0.394,0.407,0.45,0.325,0.483,0.368,0.485,0.588
"2018-08-01 19:30:00",3997,0.406,0.417,0.459,0.338,0.493,0.381,0.493,0.599
"2018-08-01 20:00:00",3998,0.424,0.434,0.472,0.355,0.512,0.397,0.499,0.607
"2018-08-01 20:30:00",3999,0.446,0.45,0.489,0.372,0.538,0.417,0.501,0.612
"2018-08-01 21:00:00",4000,0.458,0.459,0.499,0.381,0.555,0.428,0.507,0.616
"2018-08-01 21:30:00",4001,0.465,0.464,0.504,0.385,0.564,0.434,0.506,0.619
"2018-08-01 22:00:00",4002,0.467,0.465,0.505,0.386,0.567,0.436,0.506,0.622
"2018-08-01 22:30:00",4003,0.469,0.465,0.507,0.386,0.568,0.436,0.507,0.624
"2018-08-01 23:00:00",4004,0.47,0.466,0.508,0.387,0.571,0.438,0.509,0.626
"2018-08-01 23:30:00",4005,0.472,0.466,0.509,0.387,0.573,0.438,0.508,0.628
"2018-08-02 00:00:00",4006,0.474,0.467,0.51,0.387,0.575,0.44,0.51,0.631
"2018-08-02 00:30:00",4007,0.476,0.468,0.511,0.389,0.579,0.443,0.511,0.633
"2018-08-02 01:00:00",4008,0.478,0.469,0.512,0.391,0.583,0.447,0.511,0.634
"2018-08-02 01:30:00",4009,0.479,0.469,0.514,0.392,0.586,0.449,0.511,0.637
"2018-08-02 02:00:00",4010,0.48,0.47,0.514,0.393,0.587,0.45,0.507,0.638
"2018-08-02 02:30:00",4011,0.481,0.47,0.514,0.393,0.587,0.451,0.51,0.639
"2018-08-02 03:00:00",4012,0.481,0.469,0.514,0.395,0.588,0.452,0.511,0.64
"2018-08-02 03:30:00",4013,0.481,0.468,0.515,0.396,0.589,0.452,0.512,0.641
"2018-08-02 04:00:00",4014,0.479,0.466,0.514,0.396,0.587,0.453,0.513,0.642
"2018-08-02 04:30:00",4015,0.478,0.465,0.514,0.396,0.586,0.452,0.512,0.642
"2018-08-02 05:00:00",4016,0.477,0.463,0.513,0.396,0.585,0.452,0.512,0.643
"2018-08-02 05:30:00",4017,0.477,0.462,0.513,0.396,0.585,0.451,0.514,0.644
"2018-08-02 06:00:00",4018,0.476,0.461,0.513,0.395,0.583,0.451,0.514,0.644
"2018-08-02 06:30:00",4019,0.475,0.461,0.512,0.395,0.582,0.451,0.513,0.645
"2018-08-02 07:00:00",4020,0.476,0.461,0.513,0.395,0.584,0.452,0.514,0.645
"2018-08-02 07:30:00",4021,0.477,0.461,0.513,0.395,0.587,0.453,0.514,0.645
"2018-08-02 08:00:00",4022,0.478,0.461,0.512,0.394,0.588,0.453,0.514,0.646
"2018-08-02 08:30:00",4023,0.476,0.459,0.506,0.39,0.585,0.451,0.514,0.646
"2018-08-02 09:00:00",4024,0.47,0.453,0.495,0.382,0.573,0.443,0.514,0.645
"2018-08-02 09:30:00",4025,0.44,0.428,0.462,0.354,0.534,0.408,0.513,0.643
"2018-08-02 10:00:00",4026,0.422,0.413,0.447,0.337,0.519,0.387,0.512,0.638
"2018-08-02 10:30:00",4027,0.424,0.415,0.45,0.34,0.524,0.392,0.511,0.635
"2018-08-02 11:00:00",4028,0.41,0.406,0.44,0.329,0.51,0.379,0.508,0.629
"2018-08-02 11:30:00",4029,0.382,0.383,0.418,0.306,0.482,0.352,0.503,0.607
"2018-08-02 12:00:00",4030,0.374,0.377,0.414,0.297,0.474,0.347,0.495,0.578
"2018-08-02 12:30:00",4031,0.374,0.379,0.416,0.298,0.475,0.351,0.49,0.566
"2018-08-02 13:00:00",4032,0.362,0.37,0.407,0.287,0.464,0.339,0.477,0.546
"2018-08-02 13:30:00",4033,0.363,0.372,0.408,0.287,0.465,0.34,0.469,0.543
"2018-08-02 14:00:00",4034,0.366,0.375,0.411,0.289,0.467,0.342,0.466,0.542
"2018-08-02 14:30:00",4035,0.372,0.38,0.415,0.294,0.472,0.348,0.469,0.552
"2018-08-02 15:00:00",4036,0.371,0.38,0.414,0.293,0.47,0.348,0.472,0.559
"2018-08-02 15:30:00",4037,0.364,0.377,0.41,0.287,0.465,0.342,0.468,0.555
"2018-08-02 16:00:00",4038,0.389,0.394,0.428,0.31,0.489,0.367,0.477,0.571
"2018-08-02 16:30:00",4039,0.423,0.421,0.457,0.344,0.53,0.401,0.462,0.541
"2018-08-02 17:00:00",4040,0.456,0.438,0.49,0.374,0.572,0.426,0.437,0.458
"2018-08-02 17:30:00",4041,0.461,0.418,0.504,0.377,0.585,0.388,0.407,0.456
"2018-08-02 18:00:00",4042,0.465,0.421,0.508,0.38,0.579,0.391,0.431,0.491
"2018-08-02 18:30:00",4043,0.465,0.421,0.509,0.38,0.576,0.39,0.428,0.472
"2018-08-02 19:00:00",4044,0.461,0.411,0.501,0.379,0.573,0.386,0.416,0.494
"2018-08-02 19:30:00",4045,0.464,0.413,0.498,0.379,0.569,0.393,0.445,0.542
"2018-08-02 20:00:00",4046,0.466,0.42,0.497,0.379,0.571,0.404,0.464,0.56
"2018-08-02 20:30:00",4047,0.466,0.425,0.497,0.38,0.571,0.415,0.471,0.566
"2018-08-02 21:00:00",4048,0.466,0.429,0.495,0.381,0.569,0.423,0.476,0.571
"2018-08-02 21:30:00",4049,0.466,0.433,0.495,0.381,0.568,0.426,0.478,0.573
"2018-08-02 22:00:00",4050,0.465,0.434,0.496,0.382,0.568,0.428,0.478,0.575
"2018-08-02 22:30:00",4051,0.464,0.435,0.496,0.382,0.567,0.43,0.479,0.576
"2018-08-02 23:00:00",4052,0.463,0.436,0.496,0.383,0.567,0.432,0.477,0.577
"2018-08-02 23:30:00",4053,0.463,0.436,0.496,0.383,0.567,0.433,0.479,0.579
"2018-08-03 00:00:00",4054,0.463,0.436,0.497,0.383,0.566,0.433,0.48,0.579
"2018-08-03 00:30:00",4055,0.462,0.435,0.497,0.383,0.566,0.434,0.479,0.58
"2018-08-03 01:00:00",4056,0.461,0.435,0.497,0.384,0.565,0.435,0.478,0.581
"2018-08-03 01:30:00",4057,0.461,0.436,0.497,0.384,0.565,0.436,0.477,0.582
"2018-08-03 02:00:00",4058,0.462,0.437,0.498,0.385,0.565,0.436,0.478,0.583
"2018-08-03 02:30:00",4059,0.461,0.437,0.498,0.385,0.564,0.437,0.479,0.585
"2018-08-03 03:00:00",4060,0.461,0.437,0.499,0.385,0.564,0.437,0.477,0.587
"2018-08-03 03:30:00",4061,0.461,0.437,0.499,0.386,0.563,0.439,0.478,0.587
"2018-08-03 04:00:00",4062,0.46,0.436,0.499,0.386,0.563,0.439,0.479,0.587
"2018-08-03 04:30:00",4063,0.46,0.437,0.498,0.386,0.563,0.44,0.48,0.585
"2018-08-03 05:00:00",4064,0.46,0.436,0.499,0.386,0.564,0.44,0.48,0.586
"2018-08-03 05:30:00",4065,0.46,0.436,0.498,0.386,0.564,0.44,0.481,0.586
"2018-08-03 06:00:00",4066,0.459,0.435,0.498,0.386,0.563,0.44,0.481,0.586
"2018-08-03 06:30:00",4067,0.458,0.436,0.498,0.386,0.563,0.441,0.478,0.586
"2018-08-03 07:00:00",4068,0.458,0.437,0.496,0.387,0.562,0.441,0.479,0.586
"2018-08-03 07:30:00",4069,0.457,0.437,0.494,0.386,0.563,0.441,0.479,0.586
"2018-08-03 08:00:00",4070,0.459,0.439,0.492,0.386,0.566,0.442,0.478,0.587
"2018-08-03 08:30:00",4071,0.461,0.44,0.492,0.388,0.571,0.445,0.477,0.589
"2018-08-03 09:00:00",4072,0.462,0.443,0.494,0.389,0.575,0.447,0.475,0.588
"2018-08-03 09:30:00",4073,0.461,0.444,0.493,0.39,0.577,0.448,0.474,0.589
"2018-08-03 10:00:00",4074,0.436,0.432,0.471,0.378,0.551,0.427,0.473,0.589
"2018-08-03 10:30:00",4075,0.404,0.406,0.439,0.349,0.514,0.393,0.473,0.589
"2018-08-03 11:00:00",4076,0.372,0.374,0.407,0.305,0.471,0.353,0.47,0.585
"2018-08-03 11:30:00",4077,0.363,0.364,0.402,0.294,0.463,0.344,0.466,0.572
"2018-08-03 12:00:00",4078,0.355,0.357,0.398,0.287,0.456,0.337,0.461,0.552
"2018-08-03 12:30:00",4079,0.36,0.361,0.404,0.291,0.462,0.343,0.461,0.546
"2018-08-03 13:00:00",4080,0.356,0.357,0.402,0.287,0.457,0.338,0.454,0.529
"2018-08-03 13:30:00",4081,0.364,0.363,0.409,0.293,0.465,0.346,0.451,0.53
"2018-08-03 14:00:00",4082,0.364,0.363,0.41,0.294,0.465,0.346,0.445,0.529
"2018-08-03 14:30:00",4083,0.37,0.368,0.414,0.3,0.471,0.353,0.446,0.538
"2018-08-03 15:00:00",4084,0.389,0.384,0.428,0.321,0.494,0.374,0.45,0.551
"2018-08-03 15:30:00",4085,0.389,0.386,0.428,0.324,0.492,0.375,0.459,0.566
"2018-08-03 16:00:00",4086,0.388,0.385,0.424,0.319,0.49,0.371,0.46,0.569
"2018-08-03 16:30:00",4087,0.397,0.392,0.431,0.328,0.5,0.38,0.465,0.576
"2018-08-03 17:00:00",4088,0.417,0.408,0.448,0.348,0.523,0.4,0.469,0.586
"2018-08-03 17:30:00",4089,0.423,0.414,0.453,0.355,0.528,0.406,0.473,0.593
"2018-08-03 18:00:00",4090,0.396,0.39,0.431,0.329,0.494,0.376,0.475,0.594
"2018-08-03 18:30:00",4091,0.407,0.397,0.439,0.337,0.512,0.391,0.474,0.596
"2018-08-03 19:00:00",4092,0.433,0.419,0.465,0.363,0.545,0.42,0.475,0.602
"2018-08-03 19:30:00",4093,0.446,0.429,0.477,0.375,0.557,0.432,0.477,0.606
"2018-08-03 20:00:00",4094,0.454,0.435,0.481,0.381,0.564,0.438,0.479,0.608
"2018-08-03 20:30:00",4095,0.459,0.44,0.486,0.385,0.571,0.443,0.481,0.61
"2018-08-03 21:00:00",4096,0.463,0.443,0.488,0.387,0.573,0.445,0.482,0.611
"2018-08-03 21:30:00",4097,0.465,0.444,0.49,0.388,0.575,0.446,0.482,0.612
"2018-08-03 22:00:00",4098,0.466,0.444,0.491,0.388,0.574,0.447,0.483,0.614
"2018-08-03 22:30:00",4099,0.467,0.444,0.492,0.387,0.573,0.446,0.483,0.615
"2018-08-03 23:00:00",4100,0.468,0.445,0.492,0.388,0.575,0.448,0.483,0.617
"2018-08-03 23:30:00",4101,0.47,0.446,0.493,0.39,0.581,0.451,0.484,0.618
"2018-08-04 00:00:00",4102,0.47,0.445,0.493,0.391,0.583,0.453,0.485,0.619
"2018-08-04 00:30:00",4103,0.47,0.446,0.493,0.392,0.584,0.453,0.485,0.619
"2018-08-04 01:00:00",4104,0.47,0.445,0.493,0.392,0.584,0.453,0.486,0.62
"2018-08-04 01:30:00",4105,0.47,0.446,0.493,0.392,0.584,0.452,0.486,0.621
"2018-08-04 02:00:00",4106,0.47,0.445,0.493,0.391,0.582,0.451,0.487,0.621
"2018-08-04 02:30:00",4107,0.47,0.445,0.492,0.388,0.578,0.448,0.486,0.622
"2018-08-04 03:00:00",4108,0.47,0.444,0.493,0.387,0.577,0.448,0.486,0.622
"2018-08-04 03:30:00",4109,0.471,0.446,0.494,0.388,0.581,0.451,0.486,0.623
"2018-08-04 04:00:00",4110,0.472,0.446,0.495,0.39,0.584,0.453,0.488,0.624
"2018-08-04 04:30:00",4111,0.472,0.446,0.496,0.392,0.586,0.453,0.488,0.625
"2018-08-04 05:00:00",4112,0.472,0.448,0.496,0.393,0.586,0.453,0.488,0.626
"2018-08-04 05:30:00",4113,0.473,0.448,0.496,0.394,0.587,0.453,0.488,0.626
"2018-08-04 06:00:00",4114,0.472,0.449,0.496,0.395,0.587,0.453,0.489,0.627
"2018-08-04 06:30:00",4115,0.472,0.449,0.495,0.395,0.587,0.452,0.489,0.627
"2018-08-04 07:00:00",4116,0.472,0.449,0.495,0.395,0.586,0.451,0.487,0.627
"2018-08-04 07:30:00",4117,0.472,0.447,0.492,0.392,0.584,0.449,0.488,0.626
"2018-08-04 08:00:00",4118,0.472,0.445,0.484,0.387,0.575,0.445,0.489,0.626
"2018-08-04 08:30:00",4119,0.46,0.432,0.461,0.37,0.55,0.426,0.489,0.625
"2018-08-04 09:00:00",4120,0.445,0.417,0.442,0.352,0.532,0.406,0.491,0.624
"2018-08-04 09:30:00",4121,0.428,0.408,0.432,0.343,0.521,0.394,0.491,0.624
"2018-08-04 10:00:00",4122,0.398,0.387,0.412,0.32,0.495,0.367,0.492,0.62
"2018-08-04 10:30:00",4123,0.385,0.378,0.405,0.307,0.484,0.358,0.492,0.612
"2018-08-04 11:00:00",4124,0.375,0.372,0.401,0.3,0.476,0.351,0.491,0.599
"2018-08-04 11:30:00",4125,0.371,0.37,0.401,0.296,0.472,0.348,0.487,0.578
"2018-08-04 12:00:00",4126,0.365,0.367,0.399,0.291,0.467,0.344,0.48,0.55
"2018-08-04 12:30:00",4127,0.365,0.368,0.402,0.29,0.468,0.345,0.472,0.537
"2018-08-04 13:00:00",4128,0.365,0.368,0.403,0.289,0.467,0.344,0.466,0.532
"2018-08-04 13:30:00",4129,0.36,0.365,0.402,0.285,0.462,0.34,0.46,0.526
"2018-08-04 14:00:00",4130,0.362,0.367,0.407,0.285,0.463,0.341,0.456,0.525
"2018-08-04 14:30:00",4131,0.361,0.368,0.409,0.285,0.463,0.34,0.454,0.526
"2018-08-04 15:00:00",4132,0.357,0.371,0.411,0.282,0.459,0.337,0.452,0.526
"2018-08-04 15:30:00",4133,0.363,0.381,0.418,0.286,0.463,0.342,0.458,0.53
"2018-08-04 16:00:00",4134,0.367,0.387,0.422,0.292,0.466,0.346,0.471,0.535
"2018-08-04 16:30:00",4135,0.365,0.388,0.422,0.291,0.464,0.344,0.479,0.536
"2018-08-04 17:00:00",4136,0.367,0.391,0.425,0.293,0.464,0.344,0.484,0.536
"2018-08-04 17:30:00",4137,0.373,0.397,0.43,0.3,0.468,0.35,0.49,0.544
"2018-08-04 18:00:00",4138,0.378,0.402,0.433,0.307,0.472,0.355,0.496,0.556
"2018-08-04 18:30:00",4139,0.386,0.408,0.439,0.318,0.478,0.364,0.505,0.574
"2018-08-04 19:00:00",4140,0.396,0.416,0.446,0.331,0.487,0.375,0.513,0.592
"2018-08-04 19:30:00",4141,0.41,0.428,0.455,0.344,0.501,0.39,0.519,0.603
"2018-08-04 20:00:00",4142,0.432,0.447,0.47,0.366,0.531,0.415,0.527,0.611
"2018-08-04 20:30:00",4143,0.453,0.462,0.484,0.382,0.559,0.434,0.532,0.616
"2018-08-04 21:00:00",4144,0.465,0.47,0.49,0.389,0.575,0.442,0.532,0.62
"2018-08-04 21:30:00",4145,0.471,0.474,0.493,0.393,0.583,0.446,0.534,0.622
"2018-08-04 22:00:00",4146,0.474,0.475,0.496,0.395,0.586,0.448,0.535,0.626
"2018-08-04 22:30:00",4147,0.475,0.475,0.497,0.394,0.585,0.448,0.535,0.627
"2018-08-04 23:00:00",4148,0.475,0.475,0.497,0.394,0.584,0.448,0.536,0.628
"2018-08-04 23:30:00",4149,0.477,0.474,0.498,0.394,0.584,0.449,0.537,0.63
"2018-08-05 00:00:00",4150,0.478,0.474,0.499,0.395,0.585,0.45,0.538,0.631
"2018-08-05 00:30:00",4151,0.48,0.474,0.5,0.395,0.588,0.452,0.539,0.631
"2018-08-05 01:00:00",4152,0.481,0.473,0.5,0.396,0.589,0.452,0.541,0.631
"2018-08-05 01:30:00",4153,0.481,0.472,0.501,0.397,0.589,0.452,0.541,0.632
"2018-08-05 02:00:00",4154,0.481,0.47,0.501,0.398,0.59,0.451,0.541,0.632
"2018-08-05 02:30:00",4155,0.48,0.469,0.5,0.397,0.589,0.451,0.54,0.633
"2018-08-05 03:00:00",4156,0.479,0.468,0.5,0.397,0.588,0.45,0.539,0.634
"2018-08-05 03:30:00",4157,0.478,0.467,0.5,0.396,0.587,0.45,0.537,0.635
"2018-08-05 04:00:00",4158,0.477,0.466,0.5,0.395,0.585,0.45,0.536,0.635
"2018-08-05 04:30:00",4159,0.476,0.465,0.499,0.395,0.583,0.449,0.536,0.635
"2018-08-05 05:00:00",4160,0.475,0.464,0.498,0.394,0.582,0.448,0.535,0.635
"2018-08-05 05:30:00",4161,0.474,0.464,0.498,0.395,0.58,0.447,0.535,0.635
"2018-08-05 06:00:00",4162,0.474,0.463,0.497,0.394,0.58,0.447,0.534,0.635
"2018-08-05 06:30:00",4163,0.473,0.463,0.497,0.394,0.579,0.447,0.531,0.636
"2018-08-05 07:00:00",4164,0.473,0.463,0.497,0.395,0.579,0.447,0.533,0.635
"2018-08-05 07:30:00",4165,0.475,0.464,0.496,0.395,0.58,0.447,0.534,0.635
"2018-08-05 08:00:00",4166,0.471,0.465,0.496,0.396,0.583,0.448,0.531,0.634
"2018-08-05 08:30:00",4167,0.453,0.463,0.487,0.396,0.577,0.441,0.528,0.634
"2018-08-05 09:00:00",4168,0.427,0.444,0.46,0.384,0.543,0.413,0.525,0.632
"2018-08-05 09:30:00",4169,0.401,0.418,0.427,0.349,0.51,0.374,0.523,0.629
"2018-08-05 10:00:00",4170,0.381,0.397,0.409,0.319,0.486,0.351,0.519,0.623
"2018-08-05 10:30:00",4171,0.37,0.385,0.401,0.301,0.473,0.341,0.517,0.609
"2018-08-05 11:00:00",4172,0.363,0.379,0.398,0.293,0.467,0.335,0.512,0.585
"2018-08-05 11:30:00",4173,0.358,0.377,0.398,0.287,0.462,0.333,0.504,0.546
"2018-08-05 12:00:00",4174,0.357,0.377,0.399,0.284,0.459,0.333,0.487,0.518
"2018-08-05 12:30:00",4175,0.363,0.384,0.407,0.288,0.465,0.339,0.475,0.516
"2018-08-05 13:00:00",4176,0.359,0.384,0.406,0.284,0.458,0.333,0.468,0.511
"2018-08-05 13:30:00",4177,0.365,0.391,0.412,0.286,0.461,0.337,0.466,0.514
"2018-08-05 14:00:00",4178,0.363,0.392,0.412,0.284,0.458,0.334,0.47,0.516
"2018-08-05 14:30:00",4179,0.362,0.394,0.417,0.281,0.457,0.334,0.468,0.514
"2018-08-05 15:00:00",4180,0.363,0.396,0.42,0.282,0.458,0.334,0.472,0.517
"2018-08-05 15:30:00",4181,0.365,0.398,0.424,0.285,0.459,0.336,0.479,0.523
"2018-08-05 16:00:00",4182,0.367,0.4,0.429,0.288,0.461,0.338,0.486,0.527
"2018-08-05 16:30:00",4183,0.369,0.402,0.433,0.292,0.463,0.34,0.492,0.53
"2018-08-05 17:00:00",4184,0.374,0.406,0.438,0.297,0.467,0.344,0.498,0.536
"2018-08-05 17:30:00",4185,0.391,0.416,0.447,0.311,0.48,0.358,0.509,0.552
"2018-08-05 18:00:00",4186,0.41,0.427,0.46,0.332,0.496,0.376,0.523,0.574
"2018-08-05 18:30:00",4187,0.426,0.438,0.468,0.349,0.511,0.394,0.535,0.592
"2018-08-05 19:00:00",4188,0.433,0.446,0.473,0.358,0.518,0.4,0.541,0.605
"2018-08-05 19:30:00",4189,0.448,0.459,0.484,0.372,0.537,0.416,0.546,0.613
"2018-08-05 20:00:00",4190,0.46,0.468,0.491,0.381,0.553,0.426,0.55,0.618
"2018-08-05 20:30:00",4191,0.467,0.474,0.494,0.385,0.563,0.434,0.551,0.621
"2018-08-05 21:00:00",4192,0.472,0.477,0.497,0.388,0.57,0.438,0.553,0.624
"2018-08-05 21:30:00",4193,0.476,0.48,0.498,0.391,0.578,0.443,0.553,0.626
"2018-08-05 22:00:00",4194,0.479,0.481,0.506,0.393,0.581,0.445,0.554,0.627
"2018-08-05 22:30:00",4195,0.481,0.481,0.507,0.394,0.585,0.446,0.555,0.628
"2018-08-05 23:00:00",4196,0.482,0.481,0.506,0.394,0.585,0.446,0.555,0.63
"2018-08-05 23:30:00",4197,0.483,0.481,0.506,0.394,0.585,0.446,0.556,0.631
"2018-08-06 00:00:00",4198,0.484,0.481,0.507,0.394,0.586,0.447,0.556,0.632
"2018-08-06 00:30:00",4199,0.484,0.48,0.508,0.393,0.584,0.447,0.557,0.632
"2018-08-06 01:00:00",4200,0.484,0.478,0.509,0.392,0.579,0.443,0.561,0.634
"2018-08-06 01:30:00",4201,0.485,0.476,0.51,0.391,0.58,0.444,0.56,0.635
"2018-08-06 02:00:00",4202,0.485,0.476,0.51,0.392,0.582,0.445,0.561,0.636
"2018-08-06 02:30:00",4203,0.487,0.476,0.51,0.392,0.583,0.447,0.56,0.637
"2018-08-06 03:00:00",4204,0.487,0.476,0.51,0.392,0.585,0.448,0.561,0.637
"2018-08-06 03:30:00",4205,0.488,0.477,0.51,0.394,0.588,0.45,0.561,0.637
"2018-08-06 04:00:00",4206,0.489,0.477,0.509,0.396,0.59,0.452,0.561,0.638
"2018-08-06 04:30:00",4207,0.489,0.476,0.51,0.397,0.591,0.452,0.562,0.638
"2018-08-06 05:00:00",4208,0.489,0.475,0.51,0.398,0.591,0.453,0.56,0.638
"2018-08-06 05:30:00",4209,0.489,0.474,0.51,0.398,0.592,0.453,0.559,0.638
"2018-08-06 06:00:00",4210,0.489,0.474,0.509,0.397,0.591,0.453,0.558,0.638
"2018-08-06 06:30:00",4211,0.489,0.474,0.508,0.396,0.591,0.453,0.556,0.638
"2018-08-06 07:00:00",4212,0.487,0.473,0.506,0.395,0.587,0.451,0.553,0.638
"2018-08-06 07:30:00",4213,0.484,0.472,0.502,0.393,0.582,0.45,0.553,0.638
"2018-08-06 08:00:00",4214,0.461,0.461,0.483,0.383,0.562,0.436,0.552,0.637
"2018-08-06 08:30:00",4215,0.43,0.438,0.451,0.358,0.53,0.399,0.548,0.636
"2018-08-06 09:00:00",4216,0.418,0.427,0.439,0.344,0.521,0.383,0.545,0.634
"2018-08-06 09:30:00",4217,0.402,0.416,0.426,0.331,0.504,0.366,0.542,0.631
"2018-08-06 10:00:00",4218,0.393,0.406,0.417,0.319,0.494,0.355,0.537,0.621
"2018-08-06 10:30:00",4219,0.385,0.398,0.411,0.311,0.486,0.349,0.533,0.61
"2018-08-06 11:00:00",4220,0.38,0.394,0.407,0.304,0.48,0.343,0.53,0.593
"2018-08-06 11:30:00",4221,0.374,0.39,0.401,0.297,0.472,0.337,0.524,0.561
"2018-08-06 12:00:00",4222,0.371,0.388,0.4,0.293,0.469,0.335,0.511,0.533
"2018-08-06 12:30:00",4223,0.37,0.387,0.4,0.29,0.467,0.334,0.5,0.519
"2018-08-06 13:00:00",4224,0.372,0.39,0.402,0.291,0.468,0.337,0.491,0.519
"2018-08-06 13:30:00",4225,0.371,0.39,0.403,0.29,0.466,0.336,0.491,0.524
"2018-08-06 14:00:00",4226,0.372,0.391,0.403,0.288,0.466,0.336,0.486,0.522
"2018-08-06 14:30:00",4227,0.37,0.39,0.402,0.286,0.463,0.334,0.482,0.524
"2018-08-06 15:00:00",4228,0.369,0.39,0.404,0.284,0.461,0.334,0.48,0.526
"2018-08-06 15:30:00",4229,0.371,0.392,0.406,0.285,0.462,0.335,0.482,0.531
"2018-08-06 16:00:00",4230,0.374,0.395,0.41,0.287,0.463,0.338,0.489,0.533
"2018-08-06 16:30:00",4231,0.389,0.406,0.42,0.301,0.476,0.352,0.501,0.541
"2018-08-06 17:00:00",4232,0.414,0.426,0.438,0.327,0.498,0.378,0.517,0.568
"2018-08-06 17:30:00",4233,0.42,0.432,0.445,0.334,0.503,0.381,0.529,0.586
"2018-08-06 18:00:00",4234,0.41,0.425,0.439,0.328,0.493,0.372,0.535,0.595
"2018-08-06 18:30:00",4235,0.404,0.42,0.432,0.321,0.486,0.365,0.539,0.6
"2018-08-06 19:00:00",4236,0.416,0.429,0.44,0.333,0.498,0.378,0.543,0.607
"2018-08-06 19:30:00",4237,0.436,0.445,0.455,0.353,0.524,0.399,0.549,0.614
"2018-08-06 20:00:00",4238,0.453,0.459,0.468,0.369,0.543,0.417,0.552,0.618
"2018-08-06 20:30:00",4239,0.465,0.468,0.477,0.377,0.558,0.428,0.553,0.621
"2018-08-06 21:00:00",4240,0.471,0.472,0.482,0.382,0.565,0.434,0.555,0.623
"2018-08-06 21:30:00",4241,0.476,0.475,0.485,0.385,0.573,0.439,0.556,0.626
"2018-08-06 22:00:00",4242,0.479,0.476,0.487,0.388,0.579,0.443,0.556,0.627
"2018-08-06 22:30:00",4243,0.482,0.477,0.489,0.39,0.581,0.445,0.556,0.629
"2018-08-06 23:00:00",4244,0.484,0.476,0.49,0.391,0.584,0.447,0.556,0.63
"2018-08-06 23:30:00",4245,0.485,0.476,0.491,0.393,0.586,0.449,0.555,0.631
"2018-08-07 00:00:00",4246,0.486,0.474,0.494,0.394,0.586,0.45,0.556,0.632
"2018-08-07 00:30:00",4247,0.487,0.474,0.5,0.395,0.587,0.451,0.556,0.633
"2018-08-07 01:00:00",4248,0.487,0.474,0.501,0.395,0.587,0.452,0.555,0.634
"2018-08-07 01:30:00",4249,0.487,0.474,0.502,0.395,0.587,0.453,0.554,0.635
"2018-08-07 02:00:00",4250,0.488,0.474,0.503,0.395,0.588,0.454,0.554,0.634
"2018-08-07 02:30:00",4251,0.487,0.473,0.503,0.395,0.588,0.455,0.553,0.635
"2018-08-07 03:00:00",4252,0.486,0.472,0.503,0.396,0.586,0.457,0.552,0.636
"2018-08-07 03:30:00",4253,0.485,0.471,0.503,0.396,0.584,0.458,0.551,0.636
"2018-08-07 04:00:00",4254,0.484,0.47,0.504,0.397,0.583,0.458,0.55,0.636
"2018-08-07 04:30:00",4255,0.482,0.468,0.503,0.397,0.581,0.458,0.547,0.636
"2018-08-07 05:00:00",4256,0.482,0.468,0.503,0.396,0.581,0.459,0.544,0.636
"2018-08-07 05:30:00",4257,0.482,0.467,0.502,0.396,0.58,0.46,0.542,0.636
"2018-08-07 06:00:00",4258,0.481,0.467,0.501,0.395,0.58,0.459,0.54,0.636
"2018-08-07 06:30:00",4259,0.48,0.466,0.5,0.395,0.579,0.46,0.538,0.636
"2018-08-07 07:00:00",4260,0.479,0.466,0.5,0.395,0.578,0.46,0.537,0.636
"2018-08-07 07:30:00",4261,0.48,0.466,0.499,0.395,0.581,0.46,0.535,0.636
"2018-08-07 08:00:00",4262,0.479,0.468,0.5,0.396,0.585,0.461,0.533,0.636
"2018-08-07 08:30:00",4263,0.46,0.464,0.488,0.394,0.577,0.452,0.529,0.635
"2018-08-07 09:00:00",4264,0.43,0.443,0.456,0.372,0.54,0.418,0.528,0.633
"2018-08-07 09:30:00",4265,0.406,0.418,0.428,0.341,0.509,0.382,0.526,0.631
"2018-08-07 10:00:00",4266,0.392,0.404,0.416,0.323,0.493,0.366,0.526,0.626
"2018-08-07 10:30:00",4267,0.381,0.392,0.407,0.308,0.479,0.354,0.524,0.616
"2018-08-07 11:00:00",4268,0.375,0.386,0.404,0.3,0.472,0.349,0.521,0.595
"2018-08-07 11:30:00",4269,0.368,0.382,0.401,0.293,0.465,0.342,0.515,0.559
"2018-08-07 12:00:00",4270,0.368,0.382,0.402,0.291,0.464,0.342,0.504,0.528
"2018-08-07 12:30:00",4271,0.367,0.382,0.403,0.29,0.463,0.341,0.489,0.515
"2018-08-07 13:00:00",4272,0.366,0.382,0.404,0.287,0.46,0.339,0.476,0.513
"2018-08-07 13:30:00",4273,0.367,0.383,0.405,0.287,0.46,0.34,0.473,0.513
"2018-08-07 14:00:00",4274,0.368,0.386,0.408,0.286,0.461,0.341,0.473,0.517
"2018-08-07 14:30:00",4275,0.367,0.386,0.407,0.284,0.46,0.34,0.471,0.521
"2018-08-07 15:00:00",4276,0.37,0.389,0.41,0.286,0.462,0.342,0.471,0.527
"2018-08-07 15:30:00",4277,0.38,0.397,0.418,0.295,0.471,0.352,0.475,0.536
"2018-08-07 16:00:00",4278,0.401,0.415,0.434,0.319,0.493,0.377,0.489,0.559
"2018-08-07 16:30:00",4279,0.413,0.426,0.442,0.334,0.505,0.391,0.501,0.58
"2018-08-07 17:00:00",4280,0.426,0.437,0.452,0.347,0.52,0.407,0.511,0.596
"2018-08-07 17:30:00",4281,0.434,0.445,0.459,0.356,0.523,0.416,0.515,0.607
"2018-08-07 18:00:00",4282,0.441,0.448,0.462,0.359,0.531,0.42,0.52,0.614
"2018-08-07 18:30:00",4283,0.445,0.45,0.459,0.36,0.537,0.424,0.526,0.617
"2018-08-07 19:00:00",4284,0.451,0.454,0.462,0.366,0.546,0.43,0.527,0.62
"2018-08-07 19:30:00",4285,0.46,0.46,0.469,0.374,0.556,0.437,0.529,0.622
"2018-08-07 20:00:00",4286,0.462,0.461,0.473,0.377,0.552,0.437,0.525,0.623
"2018-08-07 20:30:00",4287,0.454,0.455,0.475,0.368,0.532,0.425,0.529,0.628
"2018-08-07 21:00:00",4288,0.459,0.457,0.478,0.368,0.54,0.429,0.533,0.63
"2018-08-07 21:30:00",4289,0.467,0.463,0.483,0.375,0.555,0.439,0.533,0.631
"2018-08-07 22:00:00",4290,0.475,0.466,0.487,0.383,0.568,0.446,0.533,0.632
"2018-08-07 22:30:00",4291,0.48,0.467,0.489,0.387,0.574,0.451,0.531,0.632
"2018-08-07 23:00:00",4292,0.482,0.468,0.491,0.39,0.578,0.453,0.533,0.632
"2018-08-07 23:30:00",4293,0.484,0.469,0.492,0.392,0.583,0.456,0.533,0.632
"2018-08-08 00:00:00",4294,0.486,0.47,0.492,0.395,0.586,0.457,0.535,0.632
"2018-08-08 00:30:00",4295,0.487,0.47,0.496,0.395,0.585,0.457,0.535,0.633
"2018-08-08 01:00:00",4296,0.488,0.471,0.504,0.396,0.587,0.458,0.537,0.633
"2018-08-08 01:30:00",4297,0.489,0.471,0.504,0.397,0.589,0.46,0.538,0.633
"2018-08-08 02:00:00",4298,0.49,0.471,0.505,0.398,0.59,0.46,0.538,0.634
"2018-08-08 02:30:00",4299,0.49,0.47,0.506,0.399,0.592,0.461,0.536,0.634
"2018-08-08 03:00:00",4300,0.49,0.469,0.506,0.4,0.591,0.461,0.536,0.634
"2018-08-08 03:30:00",4301,0.49,0.469,0.505,0.4,0.591,0.46,0.536,0.634
"2018-08-08 04:00:00",4302,0.489,0.468,0.505,0.4,0.591,0.46,0.534,0.634
"2018-08-08 04:30:00",4303,0.488,0.468,0.504,0.4,0.591,0.46,0.534,0.634
"2018-08-08 05:00:00",4304,0.488,0.468,0.504,0.4,0.59,0.46,0.532,0.634
"2018-08-08 05:30:00",4305,0.487,0.467,0.504,0.399,0.589,0.46,0.532,0.634
"2018-08-08 06:00:00",4306,0.486,0.466,0.502,0.399,0.588,0.459,0.531,0.634
"2018-08-08 06:30:00",4307,0.485,0.466,0.5,0.399,0.587,0.459,0.53,0.634
"2018-08-08 07:00:00",4308,0.484,0.466,0.499,0.399,0.585,0.459,0.529,0.634
"2018-08-08 07:30:00",4309,0.485,0.466,0.498,0.399,0.587,0.459,0.528,0.634
"2018-08-08 08:00:00",4310,0.474,0.466,0.491,0.398,0.583,0.455,0.527,0.634
"2018-08-08 08:30:00",4311,0.439,0.449,0.461,0.382,0.55,0.424,0.525,0.633
"2018-08-08 09:00:00",4312,0.408,0.422,0.428,0.349,0.514,0.383,0.524,0.631
"2018-08-08 09:30:00",4313,0.39,0.402,0.41,0.323,0.491,0.36,0.522,0.627
"2018-08-08 10:00:00",4314,0.379,0.39,0.402,0.31,0.48,0.349,0.52,0.618
"2018-08-08 10:30:00",4315,0.371,0.383,0.398,0.3,0.472,0.341,0.517,0.6
"2018-08-08 11:00:00",4316,0.365,0.38,0.397,0.293,0.465,0.337,0.51,0.573
"2018-08-08 11:30:00",4317,0.364,0.378,0.398,0.289,0.462,0.336,0.497,0.539
"2018-08-08 12:00:00",4318,0.364,0.378,0.4,0.286,0.461,0.336,0.483,0.519
"2018-08-08 12:30:00",4319,0.365,0.379,0.403,0.285,0.46,0.336,0.468,0.512
"2018-08-08 13:00:00",4320,0.361,0.378,0.402,0.282,0.455,0.333,0.458,0.506
"2018-08-08 13:30:00",4321,0.368,0.384,0.408,0.285,0.46,0.337,0.46,0.511
"2018-08-08 14:00:00",4322,0.362,0.387,0.406,0.279,0.454,0.332,0.458,0.507
"2018-08-08 14:30:00",4323,0.364,0.394,0.409,0.28,0.455,0.334,0.46,0.509
"2018-08-08 15:00:00",4324,0.367,0.398,0.413,0.283,0.457,0.336,0.467,0.514
"2018-08-08 15:30:00",4325,0.374,0.403,0.418,0.288,0.462,0.341,0.473,0.523
"2018-08-08 16:00:00",4326,0.369,0.4,0.414,0.285,0.457,0.336,0.475,0.522
"2018-08-08 16:30:00",4327,0.374,0.404,0.42,0.29,0.461,0.341,0.477,0.522
"2018-08-08 17:00:00",4328,0.393,0.416,0.433,0.306,0.476,0.358,0.491,0.54
"2018-08-08 17:30:00",4329,0.394,0.413,0.431,0.309,0.475,0.355,0.502,0.553
"2018-08-08 18:00:00",4330,0.264,0.278,0.287,0.211,0.317,0.238,0.508,0.562
"2018-08-08 18:30:00",4331,0.242,0.251,0.258,0.194,0.289,0.22,0.516,0.577
"2018-08-08 19:00:00",4332,0.251,0.259,0.265,0.203,0.297,0.231,0.522,0.593
"2018-08-08 19:30:00",4333,0.264,0.27,0.274,0.214,0.308,0.245,0.531,0.604
"2018-08-08 20:00:00",4334,0.271,0.276,0.279,0.221,0.315,0.252,0.537,0.612
"2018-08-08 20:30:00",4335,0.275,0.279,0.281,0.224,0.321,0.256,0.541,0.616
"2018-08-08 21:00:00",4336,0.278,0.281,0.282,0.226,0.328,0.258,0.542,0.62
"2018-08-08 21:30:00",4337,0.28,0.282,0.283,0.228,0.333,0.261,0.545,0.622
"2018-08-08 22:00:00",4338,0.282,0.282,0.283,0.229,0.334,0.262,0.545,0.623
"2018-08-08 22:30:00",4339,0.282,0.282,0.283,0.229,0.335,0.263,0.545,0.624
"2018-08-08 23:00:00",4340,0.282,0.281,0.282,0.229,0.335,0.263,0.545,0.625
"2018-08-08 23:30:00",4341,0.282,0.28,0.282,0.229,0.334,0.262,0.545,0.626
"2018-08-09 00:00:00",4342,0.282,0.278,0.282,0.228,0.335,0.261,0.546,0.626
"2018-08-09 00:30:00",4343,0.283,0.278,0.282,0.228,0.336,0.262,0.545,0.627
"2018-08-09 01:00:00",4344,0.284,0.279,0.282,0.229,0.34,0.265,0.544,0.627
"2018-08-09 01:30:00",4345,0.285,0.278,0.282,0.23,0.341,0.266,0.544,0.627
"2018-08-09 02:00:00",4346,0.286,0.278,0.282,0.23,0.342,0.266,0.544,0.627
"2018-08-09 02:30:00",4347,0.286,0.277,0.282,0.23,0.342,0.267,0.543,0.627
"2018-08-09 03:00:00",4348,0.286,0.276,0.282,0.231,0.342,0.267,0.542,0.628
"2018-08-09 03:30:00",4349,0.286,0.276,0.281,0.23,0.342,0.267,0.541,0.627
"2018-08-09 04:00:00",4350,0.285,0.275,0.281,0.231,0.341,0.267,0.539,0.627
"2018-08-09 04:30:00",4351,0.285,0.274,0.28,0.231,0.34,0.266,0.535,0.626
"2018-08-09 05:00:00",4352,0.283,0.273,0.279,0.229,0.336,0.264,0.53,0.625
"2018-08-09 05:30:00",4353,0.281,0.27,0.279,0.226,0.332,0.26,0.528,0.623
"2018-08-09 06:00:00",4354,0.279,0.268,0.277,0.223,0.327,0.256,0.524,0.621
"2018-08-09 06:30:00",4355,0.277,0.266,0.274,0.221,0.325,0.254,0.521,0.618
"2018-08-22 12:30:00",4356,0.31,0.311,0.327,0.257,0.352,0.31,0.364,0.355
"2018-08-22 13:00:00",4357,0.346,0.353,0.366,0.286,0.389,0.338,0.424,0.416
"2018-08-22 13:30:00",4358,0.36,0.367,0.378,0.297,0.404,0.353,0.437,0.424
"2018-08-22 14:00:00",4359,0.368,0.373,0.383,0.302,0.411,0.359,0.44,0.432
"2018-08-22 14:30:00",4360,0.389,0.388,0.398,0.32,0.434,0.38,0.441,0.442
"2018-08-22 15:00:00",4361,0.413,0.41,0.418,0.347,0.463,0.411,0.446,0.459
"2018-08-22 15:30:00",4362,0.406,0.405,0.409,0.34,0.45,0.402,0.452,0.468
"2018-08-22 16:00:00",4363,0.396,0.397,0.402,0.329,0.439,0.389,0.451,0.472
"2018-08-22 16:30:00",4364,0.386,0.388,0.395,0.316,0.429,0.376,0.452,0.472
"2018-08-22 17:00:00",4365,0.379,0.383,0.394,0.31,0.424,0.369,0.453,0.469
"2018-08-22 17:30:00",4366,0.378,0.385,0.396,0.312,0.424,0.369,0.454,0.468
"2018-08-22 18:00:00",4367,0.372,0.388,0.395,0.31,0.42,0.363,0.452,0.466
"2018-08-22 18:30:00",4368,0.379,0.399,0.405,0.325,0.43,0.375,0.449,0.47
"2018-08-22 19:00:00",4369,0.396,0.412,0.42,0.346,0.447,0.393,0.452,0.478
"2018-08-22 19:30:00",4370,0.4,0.417,0.426,0.352,0.45,0.4,0.454,0.485
"2018-08-22 20:00:00",4371,0.409,0.425,0.433,0.36,0.457,0.407,0.456,0.492
"2018-08-22 20:30:00",4372,0.412,0.427,0.436,0.361,0.456,0.405,0.458,0.496
"2018-08-22 21:00:00",4373,0.408,0.423,0.432,0.354,0.45,0.397,0.462,0.5
"2018-08-22 21:30:00",4374,0.409,0.424,0.432,0.354,0.452,0.399,0.464,0.503
"2018-08-22 22:00:00",4375,0.411,0.424,0.434,0.354,0.453,0.399,0.468,0.507
"2018-08-22 22:30:00",4376,0.416,0.426,0.436,0.357,0.458,0.403,0.474,0.509
"2018-08-22 23:00:00",4377,0.42,0.429,0.44,0.359,0.46,0.408,0.478,0.512
"2018-08-22 23:30:00",4378,0.423,0.432,0.442,0.363,0.465,0.414,0.481,0.515
"2018-08-23 00:00:00",4379,0.428,0.434,0.446,0.367,0.469,0.417,0.48,0.519
"2018-08-23 00:30:00",4380,0.43,0.436,0.447,0.369,0.472,0.419,0.487,0.52
"2018-08-23 01:00:00",4381,0.434,0.438,0.45,0.37,0.474,0.422,0.493,0.522
"2018-08-23 01:30:00",4382,0.436,0.438,0.452,0.37,0.475,0.423,0.495,0.525
"2018-08-23 02:00:00",4383,0.437,0.437,0.452,0.368,0.475,0.422,0.501,0.527
"2018-08-23 02:30:00",4384,0.441,0.439,0.454,0.37,0.48,0.425,0.505,0.529
"2018-08-23 03:00:00",4385,0.446,0.442,0.457,0.372,0.485,0.43,0.506,0.532
"2018-08-23 03:30:00",4386,0.449,0.443,0.459,0.373,0.487,0.432,0.509,0.533
"2018-08-23 04:00:00",4387,0.452,0.444,0.462,0.373,0.489,0.434,0.512,0.533
"2018-08-23 04:30:00",4388,0.455,0.445,0.462,0.374,0.492,0.436,0.513,0.535
"2018-08-23 05:00:00",4389,0.458,0.447,0.464,0.376,0.496,0.439,0.514,0.536
"2018-08-23 05:30:00",4390,0.461,0.449,0.466,0.377,0.499,0.441,0.516,0.536
"2018-08-23 06:00:00",4391,0.463,0.45,0.466,0.378,0.502,0.443,0.516,0.537
"2018-08-23 06:30:00",4392,0.465,0.451,0.468,0.379,0.505,0.446,0.519,0.536
"2018-08-23 07:00:00",4393,0.466,0.45,0.466,0.378,0.504,0.445,0.522,0.536
"2018-08-23 07:30:00",4394,0.461,0.445,0.455,0.373,0.5,0.44,0.524,0.536
"2018-08-23 08:00:00",4395,0.45,0.438,0.442,0.365,0.492,0.43,0.522,0.536
"2018-08-23 08:30:00",4396,0.429,0.422,0.424,0.349,0.476,0.408,0.521,0.534
"2018-08-23 09:00:00",4397,0.411,0.409,0.409,0.334,0.463,0.388,0.519,0.532
"2018-08-23 09:30:00",4398,0.399,0.401,0.401,0.324,0.454,0.375,0.517,0.528
"2018-08-23 10:00:00",4399,0.387,0.393,0.394,0.313,0.445,0.364,0.512,0.521
"2018-08-23 10:30:00",4400,0.379,0.387,0.389,0.305,0.439,0.357,0.509,0.51
"2018-08-23 11:00:00",4401,0.373,0.388,0.386,0.299,0.435,0.351,0.504,0.496
"2018-08-23 11:30:00",4402,0.371,0.391,0.387,0.294,0.433,0.349,0.498,0.474
"2018-08-23 12:00:00",4403,0.366,0.39,0.387,0.289,0.43,0.344,0.492,0.449
"2018-08-23 12:30:00",4404,0.362,0.392,0.387,0.287,0.427,0.342,0.486,0.433
"2018-08-23 13:00:00",4405,0.362,0.394,0.388,0.289,0.428,0.341,0.478,0.427
"2018-08-23 13:30:00",4406,0.361,0.396,0.391,0.292,0.427,0.342,0.471,0.424
"2018-08-23 14:00:00",4407,0.362,0.399,0.394,0.294,0.428,0.343,0.467,0.425
"2018-08-23 14:30:00",4408,0.363,0.402,0.396,0.297,0.429,0.343,0.462,0.425
"2018-08-23 15:00:00",4409,0.364,0.404,0.399,0.301,0.43,0.345,0.461,0.429
"2018-08-23 15:30:00",4410,0.366,0.407,0.401,0.303,0.431,0.345,0.46,0.433
"2018-08-23 16:00:00",4411,0.369,0.41,0.404,0.307,0.433,0.348,0.463,0.435
"2018-08-23 16:30:00",4412,0.372,0.413,0.406,0.311,0.434,0.35,0.468,0.439
"2018-08-23 17:00:00",4413,0.374,0.415,0.408,0.313,0.436,0.35,0.47,0.44
"2018-08-23 17:30:00",4414,0.379,0.42,0.412,0.319,0.441,0.356,0.474,0.445
"2018-08-23 18:00:00",4415,0.389,0.426,0.419,0.329,0.449,0.365,0.484,0.46
"2018-08-23 18:30:00",4416,0.4,0.435,0.427,0.341,0.458,0.377,0.496,0.479
"2018-08-23 19:00:00",4417,0.405,0.435,0.431,0.349,0.462,0.383,0.508,0.495
"2018-08-23 19:30:00",4418,0.415,0.442,0.442,0.358,0.472,0.396,0.516,0.506
"2018-08-23 20:00:00",4419,0.436,0.459,0.458,0.378,0.492,0.419,0.522,0.514
"2018-08-23 20:30:00",4420,0.452,0.472,0.471,0.391,0.506,0.437,0.525,0.52
"2018-08-23 21:00:00",4421,0.461,0.479,0.478,0.4,0.518,0.448,0.526,0.525
"2018-08-23 21:30:00",4422,0.467,0.484,0.48,0.402,0.527,0.458,0.529,0.527
"2018-08-23 22:00:00",4423,0.471,0.487,0.481,0.401,0.528,0.462,0.531,0.529
"2018-08-23 22:30:00",4424,0.473,0.488,0.479,0.397,0.524,0.458,0.53,0.532
"2018-08-23 23:00:00",4425,0.478,0.49,0.479,0.395,0.531,0.461,0.534,0.532
"2018-08-23 23:30:00",4426,0.48,0.492,0.48,0.395,0.534,0.465,0.534,0.534
"2018-08-24 00:00:00",4427,0.481,0.493,0.478,0.393,0.534,0.465,0.536,0.534
"2018-08-24 00:30:00",4428,0.482,0.494,0.478,0.394,0.54,0.466,0.539,0.535
"2018-08-24 01:00:00",4429,0.483,0.495,0.479,0.394,0.544,0.468,0.539,0.536
"2018-08-24 01:30:00",4430,0.484,0.495,0.479,0.394,0.544,0.468,0.539,0.537
"2018-08-24 02:00:00",4431,0.486,0.496,0.48,0.394,0.547,0.468,0.54,0.537
"2018-08-24 02:30:00",4432,0.486,0.497,0.481,0.394,0.55,0.469,0.54,0.537
"2018-08-24 03:00:00",4433,0.488,0.498,0.48,0.394,0.551,0.47,0.538,0.538
"2018-08-24 03:30:00",4434,0.489,0.498,0.481,0.394,0.554,0.471,0.539,0.538
"2018-08-24 04:00:00",4435,0.49,0.498,0.48,0.393,0.552,0.469,0.538,0.538
"2018-08-24 04:30:00",4436,0.49,0.497,0.479,0.391,0.549,0.466,0.539,0.538
"2018-08-24 05:00:00",4437,0.491,0.498,0.48,0.392,0.552,0.468,0.539,0.538
"2018-08-24 05:30:00",4438,0.491,0.498,0.48,0.393,0.557,0.47,0.54,0.538
"2018-08-24 06:00:00",4439,0.491,0.499,0.482,0.395,0.561,0.473,0.54,0.538
"2018-08-24 06:30:00",4440,0.492,0.499,0.482,0.396,0.562,0.474,0.54,0.539
"2018-08-24 07:00:00",4441,0.491,0.499,0.482,0.397,0.565,0.476,0.541,0.539
"2018-08-24 07:30:00",4442,0.49,0.498,0.482,0.397,0.563,0.476,0.541,0.539
"2018-08-24 08:00:00",4443,0.478,0.491,0.469,0.388,0.545,0.461,0.539,0.538
"2018-08-24 08:30:00",4444,0.451,0.472,0.441,0.371,0.52,0.43,0.538,0.537
"2018-08-24 09:00:00",4445,0.429,0.453,0.416,0.352,0.5,0.4,0.536,0.536
"2018-08-24 09:30:00",4446,0.414,0.44,0.404,0.338,0.488,0.384,0.533,0.533
"2018-08-24 10:00:00",4447,0.404,0.431,0.395,0.327,0.477,0.374,0.529,0.529
"2018-08-24 10:30:00",4448,0.393,0.422,0.388,0.314,0.468,0.364,0.526,0.523
"2018-08-24 11:00:00",4449,0.385,0.416,0.382,0.302,0.459,0.356,0.522,0.509
"2018-08-24 11:30:00",4450,0.381,0.417,0.378,0.298,0.455,0.352,0.516,0.481
"2018-08-24 12:00:00",4451,0.377,0.415,0.376,0.292,0.451,0.348,0.508,0.447
"2018-08-24 12:30:00",4452,0.374,0.413,0.376,0.286,0.448,0.344,0.493,0.426
"2018-08-24 13:00:00",4453,0.37,0.413,0.376,0.283,0.445,0.34,0.473,0.418
"2018-08-24 13:30:00",4454,0.367,0.411,0.377,0.284,0.443,0.338,0.462,0.416
"2018-08-24 14:00:00",4455,0.369,0.412,0.381,0.286,0.443,0.34,0.456,0.417
"2018-08-24 14:30:00",4456,0.369,0.413,0.385,0.288,0.444,0.341,0.453,0.419
"2018-08-24 15:00:00",4457,0.369,0.413,0.389,0.292,0.444,0.341,0.455,0.423
"2018-08-24 15:30:00",4458,0.371,0.415,0.394,0.295,0.445,0.344,0.456,0.428
"2018-08-24 16:00:00",4459,0.374,0.417,0.398,0.299,0.447,0.346,0.461,0.434
"2018-08-24 16:30:00",4460,0.377,0.42,0.401,0.304,0.449,0.349,0.462,0.437
"2018-08-24 17:00:00",4461,0.381,0.424,0.406,0.309,0.452,0.353,0.463,0.443
"2018-08-24 17:30:00",4462,0.385,0.428,0.41,0.315,0.455,0.356,0.47,0.452
"2018-08-24 18:00:00",4463,0.391,0.432,0.413,0.321,0.459,0.36,0.476,0.465
"2018-08-24 18:30:00",4464,0.396,0.437,0.418,0.329,0.463,0.365,0.483,0.481
"2018-08-24 19:00:00",4465,0.408,0.446,0.429,0.34,0.472,0.377,0.492,0.497
"2018-08-24 19:30:00",4466,0.43,0.464,0.447,0.365,0.491,0.399,0.506,0.509
"2018-08-24 20:00:00",4467,0.453,0.474,0.463,0.382,0.515,0.421,0.514,0.517
"2018-08-24 20:30:00",4468,0.469,0.483,0.475,0.394,0.533,0.441,0.518,0.524
"2018-08-24 21:00:00",4469,0.473,0.485,0.476,0.395,0.527,0.44,0.522,0.529
"2018-08-24 21:30:00",4470,0.479,0.49,0.479,0.397,0.536,0.447,0.525,0.533
"2018-08-24 22:00:00",4471,0.484,0.494,0.479,0.397,0.544,0.454,0.528,0.535
"2018-08-24 22:30:00",4472,0.488,0.496,0.478,0.397,0.549,0.458,0.528,0.537
"2018-08-24 23:00:00",4473,0.492,0.499,0.48,0.398,0.558,0.465,0.531,0.538
"2018-08-24 23:30:00",4474,0.494,0.501,0.48,0.397,0.559,0.467,0.533,0.54
"2018-08-25 00:00:00",4475,0.495,0.502,0.48,0.397,0.56,0.467,0.535,0.541
"2018-08-25 00:30:00",4476,0.497,0.503,0.48,0.396,0.562,0.469,0.534,0.542
"2018-08-25 01:00:00",4477,0.497,0.503,0.48,0.396,0.563,0.471,0.535,0.543
"2018-08-25 01:30:00",4478,0.498,0.504,0.48,0.396,0.566,0.473,0.536,0.543
"2018-08-25 02:00:00",4479,0.499,0.505,0.48,0.398,0.569,0.476,0.537,0.544
"2018-08-25 02:30:00",4480,0.5,0.505,0.48,0.399,0.572,0.479,0.538,0.544
"2018-08-25 03:00:00",4481,0.501,0.506,0.481,0.399,0.575,0.481,0.54,0.544
"2018-08-25 03:30:00",4482,0.5,0.506,0.482,0.401,0.576,0.482,0.542,0.544
"2018-08-25 04:00:00",4483,0.5,0.506,0.481,0.401,0.575,0.482,0.541,0.544
"2018-08-25 04:30:00",4484,0.501,0.506,0.482,0.402,0.576,0.483,0.543,0.544
"2018-08-25 05:00:00",4485,0.501,0.505,0.483,0.402,0.576,0.485,0.543,0.544
"2018-08-25 05:30:00",4486,0.499,0.504,0.483,0.402,0.575,0.485,0.543,0.544
"2018-08-25 06:00:00",4487,0.499,0.504,0.483,0.402,0.574,0.485,0.544,0.544
"2018-08-25 06:30:00",4488,0.498,0.504,0.483,0.402,0.572,0.485,0.544,0.544
"2018-08-25 07:00:00",4489,0.498,0.502,0.483,0.402,0.57,0.485,0.544,0.543
"2018-08-25 07:30:00",4490,0.498,0.501,0.483,0.403,0.568,0.486,0.544,0.543
"2018-08-25 08:00:00",4491,0.498,0.5,0.483,0.403,0.566,0.486,0.543,0.543
"2018-08-25 08:30:00",4492,0.488,0.498,0.472,0.401,0.555,0.475,0.542,0.542
"2018-08-25 09:00:00",4493,0.446,0.469,0.428,0.373,0.509,0.419,0.541,0.54
"2018-08-25 09:30:00",4494,0.42,0.444,0.402,0.341,0.48,0.386,0.539,0.537
"2018-08-25 10:00:00",4495,0.408,0.431,0.39,0.323,0.467,0.373,0.537,0.53
"2018-08-25 10:30:00",4496,0.4,0.424,0.385,0.313,0.46,0.366,0.536,0.519
"2018-08-25 11:00:00",4497,0.396,0.421,0.384,0.306,0.456,0.363,0.534,0.504
"2018-08-25 11:30:00",4498,0.398,0.421,0.382,0.305,0.455,0.362,0.528,0.481
"2018-08-25 12:00:00",4499,0.401,0.422,0.384,0.306,0.457,0.364,0.521,0.466
"2018-08-25 12:30:00",4500,0.404,0.424,0.386,0.307,0.46,0.367,0.513,0.459
"2018-08-25 13:00:00",4501,0.395,0.418,0.381,0.299,0.452,0.358,0.507,0.451
"2018-08-25 13:30:00",4502,0.391,0.417,0.38,0.293,0.447,0.352,0.502,0.443
"2018-08-25 14:00:00",4503,0.383,0.413,0.377,0.287,0.441,0.345,0.492,0.434
"2018-08-25 14:30:00",4504,0.382,0.416,0.38,0.289,0.443,0.346,0.481,0.43
"2018-08-25 15:00:00",4505,0.384,0.418,0.384,0.294,0.444,0.347,0.477,0.435
"2018-08-25 15:30:00",4506,0.385,0.42,0.387,0.297,0.445,0.349,0.475,0.439
"2018-08-25 16:00:00",4507,0.387,0.422,0.392,0.301,0.446,0.351,0.478,0.444
"2018-08-25 16:30:00",4508,0.388,0.424,0.397,0.303,0.447,0.353,0.482,0.447
"2018-08-25 17:00:00",4509,0.391,0.427,0.403,0.309,0.45,0.357,0.485,0.451
"2018-08-25 17:30:00",4510,0.399,0.434,0.409,0.318,0.455,0.363,0.491,0.46
"2018-08-25 18:00:00",4511,0.409,0.441,0.416,0.328,0.462,0.371,0.499,0.474
"2018-08-25 18:30:00",4512,0.416,0.448,0.422,0.338,0.466,0.377,0.506,0.492
"2018-08-25 19:00:00",4513,0.424,0.456,0.43,0.347,0.474,0.386,0.513,0.505
"2018-08-25 19:30:00",4514,0.434,0.463,0.439,0.357,0.481,0.395,0.519,0.516
"2018-08-25 20:00:00",4515,0.453,0.474,0.454,0.374,0.503,0.417,0.526,0.523
"2018-08-25 20:30:00",4516,0.471,0.483,0.468,0.387,0.522,0.437,0.53,0.528
"2018-08-25 21:00:00",4517,0.48,0.491,0.473,0.392,0.533,0.448,0.531,0.532
"2018-08-25 21:30:00",4518,0.488,0.497,0.476,0.394,0.542,0.459,0.534,0.535
"2018-08-25 22:00:00",4519,0.494,0.501,0.478,0.396,0.553,0.467,0.538,0.537
"2018-08-25 22:30:00",4520,0.496,0.503,0.478,0.396,0.552,0.469,0.54,0.539
"2018-08-25 23:00:00",4521,0.497,0.503,0.477,0.395,0.552,0.469,0.542,0.541
"2018-08-25 23:30:00",4522,0.497,0.504,0.477,0.395,0.552,0.469,0.556,0.542
"2018-08-26 00:00:00",4523,0.497,0.504,0.476,0.394,0.549,0.468,0.563,0.543
"2018-08-26 00:30:00",4524,0.498,0.505,0.476,0.393,0.55,0.468,0.563,0.544
"2018-08-26 01:00:00",4525,0.5,0.506,0.476,0.394,0.554,0.471,0.564,0.545
"2018-08-26 01:30:00",4526,0.501,0.508,0.478,0.396,0.56,0.475,0.565,0.546
"2018-08-26 02:00:00",4527,0.503,0.509,0.481,0.4,0.566,0.48,0.568,0.546
"2018-08-26 02:30:00",4528,0.504,0.51,0.482,0.401,0.568,0.482,0.567,0.547
"2018-08-26 03:00:00",4529,0.504,0.51,0.482,0.402,0.568,0.483,0.568,0.546
"2018-08-26 03:30:00",4530,0.504,0.51,0.482,0.402,0.567,0.484,0.568,0.547
"2018-08-26 04:00:00",4531,0.504,0.51,0.482,0.403,0.566,0.484,0.568,0.547
"2018-08-26 04:30:00",4532,0.503,0.51,0.483,0.403,0.564,0.485,0.568,0.547
"2018-08-26 05:00:00",4533,0.503,0.509,0.482,0.403,0.563,0.487,0.569,0.546
"2018-08-26 05:30:00",4534,0.502,0.508,0.481,0.404,0.563,0.486,0.569,0.546
"2018-08-26 06:00:00",4535,0.501,0.507,0.48,0.404,0.561,0.485,0.57,0.546
"2018-08-26 06:30:00",4536,0.5,0.506,0.479,0.403,0.558,0.484,0.569,0.545
"2018-08-26 07:00:00",4537,0.499,0.505,0.478,0.403,0.555,0.483,0.569,0.544
"2018-08-26 07:30:00",4538,0.499,0.504,0.477,0.403,0.554,0.482,0.569,0.544
"2018-08-26 08:00:00",4539,0.498,0.505,0.477,0.403,0.553,0.482,0.567,0.543
"2018-08-26 08:30:00",4540,0.481,0.499,0.466,0.398,0.536,0.466,0.565,0.542
"2018-08-26 09:00:00",4541,0.45,0.473,0.431,0.371,0.498,0.421,0.563,0.54
"2018-08-26 09:30:00",4542,0.422,0.445,0.402,0.339,0.469,0.385,0.563,0.536
"2018-08-26 10:00:00",4543,0.403,0.426,0.386,0.316,0.451,0.365,0.561,0.53
"2018-08-26 10:30:00",4544,0.396,0.422,0.381,0.308,0.446,0.36,0.559,0.519
"2018-08-26 11:00:00",4545,0.39,0.422,0.376,0.3,0.44,0.353,0.553,0.5
"2018-08-26 11:30:00",4546,0.388,0.422,0.374,0.296,0.438,0.351,0.547,0.471
"2018-08-26 12:00:00",4547,0.385,0.421,0.37,0.292,0.435,0.348,0.535,0.443
"2018-08-26 12:30:00",4548,0.386,0.422,0.371,0.289,0.435,0.348,0.523,0.429
"2018-08-26 13:00:00",4549,0.386,0.423,0.371,0.288,0.434,0.347,0.513,0.428
"2018-08-26 13:30:00",4550,0.384,0.422,0.372,0.289,0.432,0.345,0.506,0.427
"2018-08-26 14:00:00",4551,0.385,0.423,0.375,0.29,0.433,0.345,0.501,0.426
"2018-08-26 14:30:00",4552,0.385,0.423,0.377,0.291,0.433,0.346,0.497,0.429
"2018-08-26 15:00:00",4553,0.387,0.426,0.38,0.293,0.435,0.347,0.495,0.432
"2018-08-26 15:30:00",4554,0.391,0.429,0.384,0.296,0.437,0.349,0.498,0.437
"2018-08-26 16:00:00",4555,0.391,0.431,0.388,0.298,0.437,0.35,0.502,0.441
"2018-08-26 16:30:00",4556,0.393,0.434,0.392,0.302,0.439,0.351,0.506,0.444
"2018-08-26 17:00:00",4557,0.398,0.438,0.397,0.308,0.442,0.355,0.509,0.449
"2018-08-26 17:30:00",4558,0.403,0.443,0.403,0.315,0.446,0.361,0.514,0.459
"2018-08-26 18:00:00",4559,0.413,0.452,0.412,0.326,0.453,0.369,0.522,0.474
"2018-08-26 18:30:00",4560,0.426,0.463,0.422,0.339,0.462,0.381,0.533,0.491
"2018-08-26 19:00:00",4561,0.442,0.477,0.435,0.355,0.475,0.4,0.544,0.506
"2018-08-26 19:30:00",4562,0.46,0.493,0.447,0.371,0.491,0.418,0.551,0.517
"2018-08-26 20:00:00",4563,0.476,0.495,0.459,0.383,0.507,0.434,0.555,0.526
"2018-08-26 20:30:00",4564,0.485,0.499,0.464,0.389,0.522,0.446,0.557,0.53
"2018-08-26 21:00:00",4565,0.491,0.504,0.466,0.39,0.532,0.452,0.556,0.534
"2018-08-26 21:30:00",4566,0.496,0.507,0.47,0.392,0.54,0.459,0.557,0.536
"2018-08-26 22:00:00",4567,0.499,0.509,0.47,0.394,0.545,0.463,0.559,0.537
"2018-08-26 22:30:00",4568,0.502,0.511,0.47,0.394,0.549,0.466,0.561,0.538
"2018-08-26 23:00:00",4569,0.503,0.512,0.47,0.395,0.552,0.468,0.562,0.539
"2018-08-26 23:30:00",4570,0.505,0.513,0.471,0.396,0.554,0.47,0.563,0.54
"2018-08-27 00:00:00",4571,0.505,0.514,0.472,0.397,0.555,0.472,0.566,0.541
"2018-08-27 00:30:00",4572,0.506,0.514,0.472,0.398,0.557,0.473,0.567,0.541
"2018-08-27 01:00:00",4573,0.506,0.513,0.472,0.398,0.557,0.473,0.568,0.542
"2018-08-27 01:30:00",4574,0.506,0.513,0.472,0.398,0.556,0.473,0.569,0.542
"2018-08-27 02:00:00",4575,0.506,0.513,0.472,0.399,0.555,0.473,0.57,0.543
"2018-08-27 02:30:00",4576,0.506,0.512,0.473,0.399,0.555,0.474,0.57,0.543
"2018-08-27 03:00:00",4577,0.505,0.511,0.474,0.399,0.555,0.474,0.568,0.543
"2018-08-27 03:30:00",4578,0.505,0.51,0.474,0.399,0.555,0.475,0.568,0.544
"2018-08-27 04:00:00",4579,0.505,0.51,0.474,0.399,0.554,0.475,0.566,0.544
"2018-08-27 04:30:00",4580,0.505,0.509,0.474,0.399,0.553,0.474,0.563,0.544
"2018-08-27 05:00:00",4581,0.505,0.509,0.474,0.4,0.553,0.475,0.565,0.544
"2018-08-27 05:30:00",4582,0.504,0.507,0.474,0.4,0.552,0.476,0.567,0.543
"2018-08-27 06:00:00",4583,0.503,0.505,0.473,0.401,0.55,0.475,0.567,0.544
"2018-08-27 06:30:00",4584,0.502,0.504,0.473,0.401,0.548,0.475,0.567,0.543
"2018-08-27 07:00:00",4585,0.501,0.503,0.474,0.401,0.547,0.475,0.565,0.543
"2018-08-27 07:30:00",4586,0.502,0.502,0.474,0.401,0.546,0.475,0.565,0.543
"2018-08-27 08:00:00",4587,0.5,0.502,0.472,0.4,0.542,0.473,0.565,0.542
"2018-08-27 08:30:00",4588,0.483,0.496,0.455,0.391,0.522,0.454,0.566,0.541
"2018-08-27 09:00:00",4589,0.453,0.472,0.423,0.365,0.487,0.413,0.564,0.539
"2018-08-27 09:30:00",4590,0.429,0.448,0.401,0.342,0.464,0.385,0.562,0.534
"2018-08-27 10:00:00",4591,0.419,0.437,0.392,0.331,0.455,0.375,0.564,0.526
"2018-08-27 10:30:00",4592,0.409,0.428,0.383,0.319,0.447,0.366,0.564,0.513
"2018-08-27 11:00:00",4593,0.401,0.421,0.376,0.308,0.438,0.358,0.561,0.496
"2018-08-27 11:30:00",4594,0.401,0.426,0.376,0.305,0.437,0.358,0.554,0.474
"2018-08-27 12:00:00",4595,0.402,0.428,0.374,0.305,0.437,0.359,0.549,0.46
"2018-08-27 12:30:00",4596,0.399,0.427,0.372,0.3,0.434,0.355,0.542,0.447
"2018-08-27 13:00:00",4597,0.393,0.424,0.368,0.294,0.429,0.348,0.528,0.436
"2018-08-27 13:30:00",4598,0.398,0.429,0.371,0.296,0.433,0.353,0.523,0.44
"2018-08-27 14:00:00",4599,0.393,0.426,0.369,0.292,0.429,0.347,0.519,0.437
"2018-08-27 14:30:00",4600,0.395,0.427,0.372,0.294,0.429,0.349,0.517,0.437
"2018-08-27 15:00:00",4601,0.398,0.43,0.375,0.296,0.432,0.351,0.518,0.444
"2018-08-27 15:30:00",4602,0.401,0.433,0.379,0.3,0.435,0.353,0.52,0.449
"2018-08-27 16:00:00",4603,0.402,0.436,0.382,0.301,0.436,0.355,0.525,0.454
"2018-08-27 16:30:00",4604,0.404,0.439,0.386,0.304,0.438,0.357,0.529,0.458
"2018-08-27 17:00:00",4605,0.413,0.447,0.394,0.311,0.444,0.365,0.535,0.467
"2018-08-27 17:30:00",4606,0.418,0.452,0.398,0.317,0.448,0.37,0.54,0.477
"2018-08-27 18:00:00",4607,0.427,0.461,0.407,0.328,0.456,0.38,0.546,0.489
"2018-08-27 18:30:00",4608,0.444,0.475,0.42,0.343,0.469,0.396,0.552,0.503
"2018-08-27 19:00:00",4609,0.46,0.49,0.433,0.359,0.486,0.415,0.557,0.516
"2018-08-27 19:30:00",4610,0.478,0.497,0.448,0.374,0.509,0.436,0.563,0.525
"2018-08-27 20:00:00",4611,0.489,0.501,0.458,0.384,0.525,0.451,0.566,0.53
"2018-08-27 20:30:00",4612,0.494,0.505,0.462,0.388,0.532,0.456,0.567,0.534
"2018-08-27 21:00:00",4613,0.498,0.507,0.463,0.391,0.537,0.459,0.566,0.537
"2018-08-27 21:30:00",4614,0.501,0.509,0.466,0.394,0.543,0.463,0.566,0.538
"2018-08-27 22:00:00",4615,0.503,0.51,0.467,0.397,0.548,0.466,0.567,0.539
"2018-08-27 22:30:00",4616,0.504,0.511,0.468,0.398,0.549,0.468,0.568,0.54
"2018-08-27 23:00:00",4617,0.504,0.51,0.468,0.399,0.549,0.468,0.567,0.541
"2018-08-27 23:30:00",4618,0.504,0.511,0.468,0.399,0.548,0.469,0.569,0.541
"2018-08-28 00:00:00",4619,0.504,0.511,0.469,0.4,0.547,0.47,0.569,0.542
"2018-08-28 00:30:00",4620,0.505,0.511,0.47,0.399,0.546,0.47,0.57,0.542
"2018-08-28 01:00:00",4621,0.505,0.511,0.47,0.398,0.544,0.471,0.572,0.542
"2018-08-28 01:30:00",4622,0.505,0.511,0.47,0.398,0.542,0.471,0.572,0.543
"2018-08-28 02:00:00",4623,0.504,0.51,0.471,0.398,0.542,0.47,0.572,0.543
"2018-08-28 02:30:00",4624,0.504,0.51,0.471,0.397,0.541,0.47,0.572,0.543
"2018-08-28 03:00:00",4625,0.503,0.509,0.471,0.397,0.54,0.47,0.572,0.544
"2018-08-28 03:30:00",4626,0.502,0.508,0.471,0.396,0.538,0.468,0.572,0.544
"2018-08-28 04:00:00",4627,0.502,0.508,0.472,0.397,0.537,0.469,0.573,0.544
"2018-08-28 04:30:00",4628,0.502,0.507,0.472,0.397,0.537,0.471,0.574,0.544
"2018-08-28 05:00:00",4629,0.502,0.506,0.473,0.398,0.537,0.473,0.574,0.544
"2018-08-28 05:30:00",4630,0.501,0.504,0.472,0.399,0.535,0.473,0.575,0.545
"2018-08-28 06:00:00",4631,0.5,0.502,0.472,0.4,0.533,0.472,0.575,0.545
"2018-08-28 06:30:00",4632,0.499,0.5,0.472,0.399,0.531,0.47,0.576,0.545
"2018-08-28 07:00:00",4633,0.498,0.498,0.471,0.398,0.528,0.469,0.575,0.545
"2018-08-28 07:30:00",4634,0.498,0.497,0.471,0.398,0.527,0.469,0.576,0.544
"2018-08-28 08:00:00",4635,0.497,0.497,0.472,0.398,0.528,0.469,0.576,0.544
"2018-08-28 08:30:00",4636,0.484,0.497,0.465,0.398,0.522,0.462,0.575,0.543
"2018-08-28 09:00:00",4637,0.456,0.477,0.436,0.382,0.488,0.426,0.574,0.542
"2018-08-28 09:30:00",4638,0.432,0.451,0.408,0.354,0.46,0.391,0.57,0.54
"2018-08-28 10:00:00",4639,0.417,0.435,0.392,0.334,0.443,0.373,0.568,0.534
"2018-08-28 10:30:00",4640,0.405,0.425,0.383,0.319,0.432,0.362,0.562,0.526
"2018-08-28 11:00:00",4641,0.396,0.42,0.375,0.306,0.423,0.354,0.555,0.51
"2018-08-28 11:30:00",4642,0.39,0.419,0.37,0.297,0.416,0.347,0.55,0.478
"2018-08-28 12:00:00",4643,0.387,0.42,0.367,0.292,0.414,0.344,0.537,0.445
"2018-08-28 12:30:00",4644,0.385,0.421,0.365,0.29,0.413,0.343,0.522,0.432
"2018-08-28 13:00:00",4645,0.384,0.423,0.364,0.288,0.413,0.341,0.506,0.43
"2018-08-28 13:30:00",4646,0.389,0.426,0.367,0.291,0.418,0.345,0.501,0.431
"2018-08-28 14:00:00",4647,0.403,0.437,0.378,0.302,0.429,0.357,0.505,0.443
"2018-08-28 14:30:00",4648,0.41,0.445,0.386,0.309,0.435,0.364,0.515,0.458
"2018-08-28 15:00:00",4649,0.408,0.444,0.385,0.307,0.433,0.362,0.52,0.467
"2018-08-28 15:30:00",4650,0.399,0.438,0.379,0.297,0.426,0.353,0.518,0.463
"2018-08-28 16:00:00",4651,0.397,0.438,0.378,0.297,0.425,0.351,0.517,0.46
"2018-08-28 16:30:00",4652,0.398,0.439,0.379,0.298,0.426,0.352,0.516,0.461
"2018-08-28 17:00:00",4653,0.399,0.441,0.383,0.3,0.427,0.353,0.516,0.462
"2018-08-28 17:30:00",4654,0.411,0.451,0.392,0.313,0.437,0.364,0.52,0.471
"2018-08-28 18:00:00",4655,0.422,0.462,0.403,0.327,0.446,0.376,0.526,0.486
"2018-08-28 18:30:00",4656,0.436,0.474,0.414,0.34,0.456,0.389,0.535,0.504
"2018-08-28 19:00:00",4657,0.453,0.489,0.428,0.357,0.473,0.409,0.543,0.518
"2018-08-28 19:30:00",4658,0.473,0.508,0.444,0.375,0.497,0.431,0.548,0.529
"2018-08-28 20:00:00",4659,0.487,0.521,0.456,0.386,0.517,0.449,0.551,0.535
"2018-08-28 20:30:00",4660,0.495,0.513,0.462,0.392,0.53,0.457,0.554,0.539
"2018-08-28 21:00:00",4661,0.501,0.512,0.465,0.396,0.539,0.463,0.555,0.541
"2018-08-28 21:30:00",4662,0.503,0.512,0.466,0.398,0.541,0.465,0.556,0.543
"2018-08-28 22:00:00",4663,0.504,0.511,0.466,0.399,0.541,0.466,0.557,0.544
"2018-08-28 22:30:00",4664,0.504,0.51,0.466,0.399,0.54,0.466,0.557,0.545
"2018-08-28 23:00:00",4665,0.505,0.51,0.467,0.399,0.538,0.466,0.557,0.546
"2018-08-28 23:30:00",4666,0.505,0.51,0.468,0.399,0.537,0.467,0.558,0.547
"2018-08-29 00:00:00",4667,0.506,0.511,0.469,0.399,0.537,0.468,0.559,0.548
"2018-08-29 00:30:00",4668,0.506,0.51,0.47,0.398,0.535,0.468,0.559,0.548
"2018-08-29 01:00:00",4669,0.505,0.51,0.471,0.397,0.532,0.468,0.559,0.549
"2018-08-29 01:30:00",4670,0.505,0.509,0.471,0.396,0.53,0.466,0.559,0.549
"2018-08-29 02:00:00",4671,0.506,0.509,0.472,0.396,0.532,0.468,0.56,0.55
"2018-08-29 02:30:00",4672,0.506,0.508,0.473,0.397,0.534,0.47,0.559,0.55
"2018-08-29 03:00:00",4673,0.505,0.507,0.473,0.398,0.535,0.472,0.56,0.551
"2018-08-29 03:30:00",4674,0.505,0.506,0.473,0.399,0.535,0.473,0.559,0.551
"2018-08-29 04:00:00",4675,0.505,0.504,0.473,0.4,0.535,0.473,0.557,0.551
"2018-08-29 04:30:00",4676,0.504,0.503,0.473,0.4,0.533,0.473,0.557,0.551
"2018-08-29 05:00:00",4677,0.503,0.502,0.473,0.4,0.533,0.473,0.556,0.552
"2018-08-29 05:30:00",4678,0.503,0.502,0.473,0.4,0.532,0.474,0.556,0.552
"2018-08-29 06:00:00",4679,0.502,0.5,0.473,0.4,0.532,0.475,0.555,0.551
"2018-08-29 06:30:00",4680,0.501,0.499,0.473,0.4,0.532,0.473,0.552,0.551
"2018-08-29 07:00:00",4681,0.5,0.498,0.472,0.4,0.53,0.473,0.55,0.551
"2018-08-29 07:30:00",4682,0.5,0.497,0.473,0.4,0.53,0.473,0.547,0.55
"2018-08-29 08:00:00",4683,0.497,0.497,0.472,0.4,0.527,0.47,0.545,0.549
"2018-08-29 08:30:00",4684,0.476,0.485,0.454,0.388,0.501,0.447,0.542,0.548
"2018-08-29 09:00:00",4685,0.446,0.458,0.42,0.36,0.465,0.403,0.537,0.546
"2018-08-29 09:30:00",4686,0.425,0.438,0.401,0.337,0.443,0.378,0.535,0.542
"2018-08-29 10:00:00",4687,0.415,0.429,0.392,0.325,0.434,0.368,0.533,0.535
"2018-08-29 10:30:00",4688,0.406,0.423,0.384,0.316,0.426,0.36,0.531,0.525
"2018-08-29 11:00:00",4689,0.399,0.423,0.378,0.305,0.418,0.353,0.525,0.506
"2018-08-29 11:30:00",4690,0.396,0.424,0.377,0.3,0.414,0.351,0.52,0.479
"2018-08-29 12:00:00",4691,0.39,0.421,0.373,0.294,0.409,0.345,0.507,0.452
"2018-08-29 12:30:00",4692,0.386,0.42,0.371,0.29,0.406,0.342,0.491,0.436
"2018-08-29 13:00:00",4693,0.385,0.421,0.371,0.289,0.405,0.34,0.476,0.433
"2018-08-29 13:30:00",4694,0.385,0.422,0.374,0.287,0.406,0.34,0.467,0.432
"2018-08-29 14:00:00",4695,0.39,0.426,0.379,0.29,0.41,0.343,0.466,0.437
"2018-08-29 14:30:00",4696,0.402,0.436,0.39,0.301,0.419,0.355,0.479,0.45
"2018-08-29 15:00:00",4697,0.4,0.434,0.389,0.3,0.417,0.352,0.49,0.459
"2018-08-29 15:30:00",4698,0.4,0.436,0.392,0.302,0.418,0.353,0.498,0.468
"2018-08-29 16:00:00",4699,0.398,0.436,0.392,0.301,0.416,0.351,0.502,0.469
"2018-08-29 16:30:00",4700,0.398,0.437,0.393,0.304,0.417,0.351,0.505,0.472
"2018-08-29 17:00:00",4701,0.401,0.441,0.398,0.31,0.419,0.354,0.507,0.477
"2018-08-29 17:30:00",4702,0.416,0.453,0.408,0.324,0.431,0.367,0.512,0.487
"2018-08-29 18:00:00",4703,0.429,0.464,0.42,0.338,0.44,0.382,0.523,0.509
"2018-08-29 18:30:00",4704,0.433,0.469,0.425,0.342,0.443,0.386,0.53,0.523
"2018-08-29 19:00:00",4705,0.441,0.479,0.433,0.354,0.451,0.395,0.537,0.535
"2018-08-29 19:30:00",4706,0.461,0.496,0.448,0.372,0.471,0.417,0.542,0.543
"2018-08-29 20:00:00",4707,0.479,0.514,0.461,0.387,0.495,0.438,0.546,0.549
"2018-08-29 20:30:00",4708,0.492,0.526,0.47,0.395,0.515,0.454,0.549,0.553
"2018-08-29 21:00:00",4709,0.497,0.531,0.472,0.395,0.52,0.46,0.551,0.556
"2018-08-29 21:30:00",4710,0.501,0.534,0.473,0.396,0.524,0.463,0.552,0.558
"2018-08-29 22:00:00",4711,0.503,0.534,0.472,0.396,0.526,0.465,0.554,0.559
"2018-08-29 22:30:00",4712,0.504,0.517,0.471,0.395,0.525,0.464,0.554,0.561
"2018-08-29 23:00:00",4713,0.505,0.511,0.47,0.395,0.525,0.464,0.555,0.562
"2018-08-29 23:30:00",4714,0.505,0.508,0.47,0.393,0.521,0.461,0.555,0.563
"2018-08-30 00:00:00",4715,0.504,0.505,0.469,0.391,0.516,0.458,0.555,0.564
"2018-08-30 00:30:00",4716,0.503,0.502,0.468,0.388,0.512,0.454,0.555,0.564
"2018-08-30 01:00:00",4717,0.502,0.5,0.466,0.386,0.51,0.451,0.555,0.565
"2018-08-30 01:30:00",4718,0.501,0.499,0.467,0.385,0.51,0.451,0.552,0.565
"2018-08-30 02:00:00",4719,0.501,0.498,0.467,0.385,0.509,0.45,0.552,0.565
"2018-08-30 02:30:00",4720,0.502,0.498,0.467,0.385,0.511,0.451,0.553,0.565
"2018-08-30 03:00:00",4721,0.504,0.5,0.468,0.387,0.518,0.455,0.554,0.566
"2018-08-30 03:30:00",4722,0.505,0.501,0.47,0.39,0.523,0.46,0.554,0.567
"2018-08-30 04:00:00",4723,0.506,0.502,0.471,0.391,0.526,0.462,0.555,0.567
"2018-08-30 04:30:00",4724,0.506,0.502,0.472,0.392,0.527,0.464,0.554,0.567
"2018-08-30 05:00:00",4725,0.506,0.502,0.473,0.393,0.529,0.466,0.555,0.568
"2018-08-30 05:30:00",4726,0.506,0.502,0.473,0.394,0.53,0.468,0.555,0.568
"2018-08-30 06:00:00",4727,0.507,0.502,0.474,0.395,0.529,0.467,0.552,0.569
"2018-08-30 06:30:00",4728,0.507,0.502,0.475,0.396,0.531,0.469,0.552,0.569
"2018-08-30 07:00:00",4729,0.507,0.502,0.475,0.397,0.532,0.47,0.552,0.569
"2018-08-30 07:30:00",4730,0.505,0.501,0.475,0.397,0.529,0.47,0.552,0.569
"2018-08-30 08:00:00",4731,0.494,0.494,0.464,0.392,0.513,0.46,0.552,0.568
"2018-08-30 08:30:00",4732,0.456,0.462,0.426,0.36,0.467,0.409,0.551,0.564
"2018-08-30 09:00:00",4733,0.426,0.433,0.399,0.329,0.441,0.37,0.549,0.558
"2018-08-30 09:30:00",4734,0.413,0.424,0.39,0.318,0.432,0.36,0.545,0.55
"2018-08-30 10:00:00",4735,0.403,0.423,0.383,0.308,0.425,0.351,0.538,0.536
"2018-08-30 10:30:00",4736,0.4,0.425,0.38,0.303,0.422,0.348,0.53,0.52
"2018-08-30 11:00:00",4737,0.397,0.424,0.378,0.298,0.419,0.347,0.521,0.505
"2018-08-30 11:30:00",4738,0.39,0.419,0.376,0.292,0.415,0.341,0.506,0.477
"2018-08-30 12:00:00",4739,0.389,0.42,0.376,0.292,0.415,0.341,0.494,0.458
"2018-08-30 12:30:00",4740,0.388,0.419,0.376,0.293,0.414,0.339,0.483,0.448
"2018-08-30 13:00:00",4741,0.389,0.42,0.378,0.294,0.415,0.339,0.476,0.446
"2018-08-30 13:30:00",4742,0.389,0.421,0.38,0.295,0.415,0.339,0.476,0.446
"2018-08-30 14:00:00",4743,0.391,0.423,0.383,0.299,0.417,0.341,0.479,0.449
"2018-08-30 14:30:00",4744,0.395,0.427,0.387,0.302,0.419,0.343,0.481,0.454
"2018-08-30 15:00:00",4745,0.396,0.429,0.389,0.304,0.42,0.344,0.485,0.461
"2018-08-30 15:30:00",4746,0.396,0.431,0.39,0.306,0.42,0.344,0.487,0.466
"2018-08-30 16:00:00",4747,0.398,0.433,0.393,0.309,0.424,0.346,0.491,0.472
"2018-08-30 16:30:00",4748,0.399,0.437,0.396,0.312,0.427,0.348,0.494,0.476
"2018-08-30 17:00:00",4749,0.401,0.44,0.399,0.316,0.43,0.351,0.498,0.483
"2018-08-30 17:30:00",4750,0.406,0.445,0.404,0.321,0.435,0.355,0.501,0.492
"2018-08-30 18:00:00",4751,0.414,0.452,0.412,0.327,0.438,0.363,0.506,0.507
"2018-08-30 18:30:00",4752,0.43,0.464,0.426,0.34,0.449,0.377,0.514,0.524
"2018-08-30 19:00:00",4753,0.456,0.489,0.447,0.368,0.47,0.403,0.529,0.542
"2018-08-30 19:30:00",4754,0.471,0.502,0.459,0.382,0.482,0.416,0.541,0.554
"2018-08-30 20:00:00",4755,0.486,0.504,0.47,0.393,0.498,0.432,0.548,0.563
"2018-08-30 20:30:00",4756,0.495,0.502,0.476,0.399,0.509,0.444,0.553,0.569
"2018-08-30 21:00:00",4757,0.499,0.505,0.478,0.401,0.516,0.449,0.557,0.572
"2018-08-30 21:30:00",4758,0.503,0.507,0.479,0.402,0.523,0.454,0.557,0.575
"2018-08-30 22:00:00",4759,0.506,0.509,0.48,0.402,0.526,0.457,0.558,0.577
"2018-08-30 22:30:00",4760,0.508,0.51,0.48,0.401,0.531,0.461,0.559,0.578
"2018-08-30 23:00:00",4761,0.509,0.511,0.479,0.401,0.531,0.461,0.559,0.579
"2018-08-30 23:30:00",4762,0.51,0.511,0.477,0.4,0.532,0.463,0.561,0.58
"2018-08-31 00:00:00",4763,0.511,0.511,0.476,0.399,0.532,0.463,0.558,0.58
"2018-08-31 00:30:00",4764,0.511,0.51,0.475,0.398,0.529,0.462,0.559,0.58
"2018-08-31 01:00:00",4765,0.511,0.51,0.474,0.396,0.527,0.46,0.561,0.58
"2018-08-31 01:30:00",4766,0.512,0.509,0.473,0.395,0.529,0.46,0.562,0.581
"2018-08-31 02:00:00",4767,0.511,0.508,0.472,0.394,0.525,0.458,0.56,0.581
"2018-08-31 02:30:00",4768,0.512,0.507,0.473,0.396,0.534,0.461,0.56,0.581
"2018-08-31 03:00:00",4769,0.513,0.508,0.474,0.401,0.54,0.466,0.561,0.582
"2018-08-31 03:30:00",4770,0.511,0.505,0.475,0.402,0.538,0.465,0.563,0.581
"2018-08-31 04:00:00",4771,0.509,0.502,0.474,0.402,0.533,0.463,0.564,0.582
"2018-08-31 04:30:00",4772,0.507,0.5,0.472,0.401,0.53,0.461,0.564,0.582
"2018-08-31 05:00:00",4773,0.507,0.498,0.471,0.401,0.528,0.461,0.564,0.582
"2018-08-31 05:30:00",4774,0.506,0.497,0.471,0.4,0.526,0.461,0.564,0.582
"2018-08-31 06:00:00",4775,0.505,0.497,0.47,0.401,0.524,0.462,0.564,0.582
"2018-08-31 06:30:00",4776,0.504,0.495,0.47,0.4,0.521,0.461,0.564,0.582
"2018-08-31 07:00:00",4777,0.502,0.493,0.469,0.399,0.517,0.46,0.564,0.582
"2018-08-31 07:30:00",4778,0.501,0.491,0.469,0.399,0.514,0.459,0.563,0.582
"2018-08-31 08:00:00",4779,0.502,0.49,0.469,0.399,0.514,0.46,0.563,0.581
"2018-08-31 08:30:00",4780,0.494,0.493,0.468,0.4,0.519,0.461,0.562,0.581
"2018-08-31 09:00:00",4781,0.488,0.494,0.462,0.401,0.514,0.456,0.562,0.58
"2018-08-31 09:30:00",4782,0.466,0.476,0.436,0.389,0.482,0.426,0.562,0.578
"2018-08-31 10:00:00",4783,0.44,0.447,0.409,0.357,0.45,0.39,0.56,0.576
"2018-08-31 10:30:00",4784,0.429,0.432,0.398,0.335,0.437,0.375,0.557,0.574
"2018-08-31 11:00:00",4785,0.418,0.422,0.389,0.319,0.425,0.363,0.556,0.57
"2018-08-31 11:30:00",4786,0.408,0.419,0.382,0.306,0.416,0.352,0.552,0.557
"2018-08-31 12:00:00",4787,0.411,0.424,0.385,0.304,0.418,0.353,0.548,0.532
