"TOA5","CR1000-CONTROL","CR1000","86633","CR1000.Std.31.03","CPU:Sapflow_SERC.CR1","8974","Table1"
"TIMESTAMP","RECORD","DiffVolt_Avg(1)","DiffVolt_Avg(2)","DiffVolt_Avg(3)","DiffVolt_Avg(4)","DiffVolt_Avg(5)","DiffVolt_Avg(6)","DiffVolt_Avg(7)","DiffVolt_Avg(8)"
"TS","RN","mV","mV","mV","mV","mV","mV","mV","mV"
"","","Avg","Avg","Avg","Avg","Avg","Avg","Avg","Avg"
"2018-09-13 11:30:00",5388,0.335,0.416,0.398,0.431,0.436,0.399,0.583,0.466
"2018-09-13 12:00:00",5389,0.332,0.411,0.394,0.427,0.429,0.394,0.579,0.466
"2018-09-13 12:30:00",5390,0.343,0.419,0.4,0.438,0.437,0.4,0.579,0.469
"2018-09-13 13:00:00",5391,0.327,0.407,0.394,0.421,0.425,0.388,0.577,0.47
"2018-09-13 13:30:00",5392,0.303,0.385,0.375,0.393,0.396,0.364,0.566,0.465
"2018-09-13 14:00:00",5393,0.301,0.384,0.373,0.392,0.392,0.364,0.559,0.463
"2018-09-13 14:30:00",5394,0.301,0.383,0.372,0.391,0.392,0.363,0.552,0.46
"2018-09-13 15:00:00",5395,0.296,0.378,0.37,0.384,0.385,0.358,0.549,0.461
"2018-09-13 15:30:00",5396,0.295,0.378,0.368,0.385,0.384,0.357,0.54,0.456
"2018-09-13 16:00:00",5397,0.294,0.377,0.367,0.385,0.383,0.357,0.536,0.455
"2018-09-13 16:30:00",5398,0.299,0.381,0.372,0.39,0.389,0.362,0.536,0.455
"2018-09-13 17:00:00",5399,0.31,0.391,0.381,0.403,0.403,0.374,0.541,0.461
"2018-09-13 17:30:00",5400,0.314,0.397,0.385,0.41,0.411,0.38,0.546,0.464
"2018-09-13 18:00:00",5401,0.316,0.398,0.387,0.413,0.414,0.383,0.55,0.468
"2018-09-13 18:30:00",5402,0.311,0.395,0.385,0.409,0.411,0.38,0.551,0.47
"2018-09-13 19:00:00",5403,0.315,0.398,0.387,0.414,0.416,0.384,0.553,0.472
"2018-09-13 19:30:00",5404,0.323,0.406,0.393,0.426,0.426,0.394,0.557,0.475
"2018-09-13 20:00:00",5405,0.322,0.409,0.394,0.431,0.43,0.397,0.561,0.479
"2018-09-13 20:30:00",5406,0.325,0.412,0.396,0.437,0.434,0.4,0.566,0.481
"2018-09-13 21:00:00",5407,0.327,0.415,0.397,0.441,0.438,0.404,0.57,0.482
"2018-09-13 21:30:00",5408,0.33,0.418,0.399,0.448,0.442,0.408,0.571,0.482
"2018-09-13 22:00:00",5409,0.332,0.421,0.4,0.454,0.445,0.411,0.573,0.483
"2018-09-13 22:30:00",5410,0.341,0.428,0.405,0.464,0.451,0.418,0.574,0.484
"2018-09-13 23:00:00",5411,0.354,0.438,0.412,0.477,0.462,0.427,0.575,0.484
"2018-09-13 23:30:00",5412,0.359,0.443,0.416,0.485,0.468,0.432,0.577,0.486
"2018-09-14 00:00:00",5413,0.362,0.446,0.418,0.489,0.47,0.435,0.579,0.487
"2018-09-14 00:30:00",5414,0.361,0.447,0.418,0.491,0.471,0.436,0.58,0.487
"2018-09-14 01:00:00",5415,0.362,0.448,0.419,0.492,0.472,0.437,0.582,0.49
"2018-09-14 01:30:00",5416,0.361,0.448,0.417,0.493,0.47,0.437,0.581,0.489
"2018-09-14 02:00:00",5417,0.362,0.448,0.416,0.495,0.47,0.438,0.581,0.49
"2018-09-14 02:30:00",5418,0.368,0.452,0.418,0.498,0.471,0.44,0.581,0.49
"2018-09-14 03:00:00",5419,0.37,0.453,0.418,0.499,0.472,0.441,0.581,0.489
"2018-09-14 03:30:00",5420,0.374,0.456,0.42,0.501,0.473,0.443,0.58,0.489
"2018-09-14 04:00:00",5421,0.378,0.459,0.422,0.503,0.472,0.444,0.581,0.49
"2018-09-14 04:30:00",5422,0.387,0.464,0.426,0.506,0.474,0.447,0.582,0.491
"2018-09-14 05:00:00",5423,0.394,0.467,0.426,0.508,0.475,0.448,0.582,0.49
"2018-09-14 05:30:00",5424,0.396,0.47,0.429,0.509,0.474,0.449,0.584,0.493
"2018-09-14 06:00:00",5425,0.393,0.469,0.429,0.509,0.472,0.448,0.585,0.494
"2018-09-14 06:30:00",5426,0.391,0.468,0.428,0.509,0.469,0.448,0.584,0.495
"2018-09-14 07:00:00",5427,0.395,0.47,0.428,0.51,0.469,0.449,0.583,0.493
"2018-09-14 07:30:00",5428,0.397,0.471,0.43,0.511,0.469,0.449,0.583,0.494
"2018-09-14 08:00:00",5429,0.401,0.472,0.43,0.511,0.469,0.449,0.582,0.492
"2018-09-14 08:30:00",5430,0.403,0.473,0.431,0.511,0.469,0.448,0.582,0.492
"2018-09-14 09:00:00",5431,0.405,0.473,0.432,0.511,0.469,0.448,0.582,0.492
"2018-09-14 09:30:00",5432,0.406,0.473,0.431,0.511,0.469,0.447,0.58,0.491
"2018-09-14 10:00:00",5433,0.404,0.472,0.431,0.51,0.468,0.446,0.581,0.491
"2018-09-14 10:30:00",5434,0.398,0.468,0.428,0.508,0.465,0.442,0.579,0.49
"2018-09-14 11:00:00",5435,0.389,0.463,0.424,0.502,0.461,0.438,0.579,0.49
"2018-09-14 11:30:00",5436,0.398,0.467,0.428,0.506,0.463,0.441,0.58,0.492
"2018-09-14 12:00:00",5437,0.405,0.47,0.431,0.509,0.466,0.444,0.581,0.492
"2018-09-14 12:30:00",5438,0.407,0.471,0.432,0.509,0.466,0.443,0.581,0.491
"2018-09-14 13:00:00",5439,0.406,0.469,0.432,0.507,0.466,0.441,0.581,0.49
"2018-09-14 13:30:00",5440,0.4,0.465,0.429,0.504,0.464,0.437,0.58,0.489
"2018-09-14 14:00:00",5441,0.406,0.469,0.431,0.507,0.467,0.44,0.58,0.487
"2018-09-14 14:30:00",5442,0.404,0.466,0.431,0.504,0.466,0.436,0.58,0.486
"2018-09-14 15:00:00",5443,0.384,0.453,0.427,0.491,0.462,0.427,0.581,0.487
"2018-09-14 15:30:00",5444,0.341,0.424,0.409,0.453,0.439,0.404,0.582,0.489
"2018-09-14 16:00:00",5445,0.31,0.395,0.385,0.417,0.396,0.372,0.578,0.489
"2018-09-14 16:30:00",5446,0.296,0.381,0.371,0.4,0.371,0.355,0.568,0.487
"2018-09-14 17:00:00",5447,0.291,0.375,0.369,0.391,0.366,0.349,0.559,0.487
"2018-09-14 17:30:00",5448,0.295,0.379,0.371,0.396,0.377,0.357,0.546,0.484
"2018-09-14 18:00:00",5449,0.307,0.39,0.379,0.41,0.394,0.371,0.54,0.484
"2018-09-14 18:30:00",5450,0.321,0.404,0.389,0.428,0.413,0.386,0.543,0.486
"2018-09-14 19:00:00",5451,0.328,0.412,0.395,0.438,0.424,0.394,0.548,0.487
"2018-09-14 19:30:00",5452,0.327,0.412,0.395,0.44,0.427,0.396,0.553,0.49
"2018-09-14 20:00:00",5453,0.344,0.426,0.403,0.46,0.44,0.409,0.559,0.491
"2018-09-14 20:30:00",5454,0.342,0.428,0.404,0.464,0.447,0.413,0.564,0.493
"2018-09-14 21:00:00",5455,0.34,0.428,0.405,0.462,0.449,0.413,0.57,0.495
"2018-09-14 21:30:00",5456,0.342,0.43,0.407,0.465,0.452,0.415,0.574,0.497
"2018-09-14 22:00:00",5457,0.343,0.431,0.407,0.469,0.455,0.419,0.576,0.497
"2018-09-14 22:30:00",5458,0.347,0.435,0.411,0.474,0.458,0.421,0.58,0.498
"2018-09-14 23:00:00",5459,0.352,0.439,0.415,0.481,0.463,0.425,0.582,0.499
"2018-09-14 23:30:00",5460,0.365,0.448,0.42,0.492,0.47,0.433,0.583,0.499
"2018-09-15 00:00:00",5461,0.382,0.459,0.428,0.504,0.479,0.441,0.583,0.498
"2018-09-15 00:30:00",5462,0.396,0.468,0.435,0.512,0.485,0.447,0.584,0.498
"2018-09-15 01:00:00",5463,0.403,0.472,0.437,0.514,0.486,0.449,0.584,0.497
"2018-09-15 01:30:00",5464,0.404,0.473,0.436,0.513,0.485,0.45,0.584,0.496
"2018-09-15 02:00:00",5465,0.4,0.473,0.436,0.515,0.484,0.451,0.585,0.497
"2018-09-15 02:30:00",5466,0.399,0.474,0.436,0.516,0.482,0.452,0.586,0.499
"2018-09-15 03:00:00",5467,0.402,0.476,0.436,0.517,0.481,0.453,0.585,0.498
"2018-09-15 03:30:00",5468,0.4,0.475,0.435,0.518,0.477,0.453,0.585,0.498
"2018-09-15 04:00:00",5469,0.394,0.473,0.435,0.518,0.475,0.453,0.588,0.5
"2018-09-15 04:30:00",5470,0.392,0.472,0.434,0.518,0.473,0.452,0.588,0.5
"2018-09-15 05:00:00",5471,0.393,0.472,0.433,0.519,0.472,0.452,0.587,0.5
"2018-09-15 05:30:00",5472,0.399,0.473,0.438,0.521,0.472,0.45,0.594,0.504
"2018-09-15 06:00:00",5473,0.403,0.475,0.439,0.522,0.472,0.451,0.595,0.506
"2018-09-15 06:30:00",5474,0.401,0.475,0.438,0.522,0.473,0.453,0.595,0.505
"2018-09-15 07:00:00",5475,0.397,0.474,0.435,0.521,0.472,0.452,0.593,0.503
"2018-09-15 07:30:00",5476,0.382,0.466,0.429,0.515,0.465,0.448,0.59,0.501
"2018-09-15 08:00:00",5477,0.368,0.455,0.422,0.502,0.457,0.44,0.591,0.502
"2018-09-15 08:30:00",5478,0.357,0.444,0.416,0.487,0.447,0.429,0.592,0.504
"2018-09-15 09:00:00",5479,0.349,0.435,0.41,0.474,0.439,0.419,0.59,0.503
"2018-09-15 09:30:00",5480,0.34,0.425,0.404,0.459,0.428,0.406,0.591,0.505
"2018-09-15 10:00:00",5481,0.329,0.415,0.397,0.444,0.414,0.395,0.588,0.505
"2018-09-15 10:30:00",5482,0.309,0.396,0.381,0.418,0.384,0.374,0.576,0.498
"2018-09-15 11:00:00",5483,0.288,0.373,0.366,0.385,0.354,0.347,0.558,0.491
"2018-09-15 11:30:00",5484,0.282,0.365,0.36,0.377,0.349,0.338,0.535,0.479
"2018-09-15 12:00:00",5485,0.28,0.364,0.358,0.377,0.355,0.336,0.518,0.467
"2018-09-15 12:30:00",5486,0.28,0.365,0.359,0.379,0.359,0.336,0.513,0.456
"2018-09-15 13:00:00",5487,0.27,0.355,0.349,0.367,0.349,0.322,0.503,0.441
"2018-09-15 13:30:00",5488,0.269,0.354,0.349,0.368,0.352,0.323,0.495,0.431
"2018-09-15 14:00:00",5489,0.273,0.359,0.355,0.374,0.362,0.33,0.496,0.431
"2018-09-15 14:30:00",5490,0.271,0.357,0.354,0.372,0.363,0.328,0.494,0.43
"2018-09-15 15:00:00",5491,0.278,0.366,0.363,0.382,0.375,0.339,0.5,0.435
"2018-09-15 15:30:00",5492,0.281,0.369,0.365,0.385,0.38,0.343,0.504,0.44
"2018-09-15 16:00:00",5493,0.28,0.367,0.364,0.385,0.38,0.341,0.505,0.441
"2018-09-15 16:30:00",5494,0.281,0.369,0.364,0.388,0.383,0.342,0.506,0.444
"2018-09-15 17:00:00",5495,0.288,0.376,0.372,0.395,0.394,0.351,0.517,0.455
"2018-09-15 17:30:00",5496,0.295,0.383,0.378,0.406,0.404,0.361,0.523,0.464
"2018-09-15 18:00:00",5497,0.299,0.387,0.384,0.412,0.41,0.365,0.536,0.474
"2018-09-15 18:30:00",5498,0.307,0.394,0.39,0.423,0.422,0.376,0.547,0.483
"2018-09-15 19:00:00",5499,0.315,0.404,0.395,0.436,0.436,0.387,0.56,0.492
"2018-09-15 19:30:00",5500,0.334,0.42,0.406,0.458,0.456,0.405,0.573,0.499
"2018-09-15 20:00:00",5501,0.342,0.431,0.414,0.474,0.469,0.415,0.587,0.506
"2018-09-15 20:30:00",5502,0.34,0.433,0.412,0.477,0.465,0.418,0.593,0.509
"2018-09-15 21:00:00",5503,0.342,0.433,0.412,0.48,0.462,0.421,0.599,0.512
"2018-09-15 21:30:00",5504,0.343,0.434,0.412,0.484,0.464,0.423,0.605,0.515
"2018-09-15 22:00:00",5505,0.356,0.443,0.418,0.497,0.471,0.431,0.607,0.516
"2018-09-15 22:30:00",5506,0.364,0.451,0.426,0.507,0.477,0.437,0.609,0.518
"2018-09-15 23:00:00",5507,0.379,0.461,0.433,0.517,0.483,0.444,0.611,0.522
"2018-09-15 23:30:00",5508,0.39,0.47,0.442,0.525,0.489,0.45,0.616,0.522
"2018-09-16 00:00:00",5509,0.393,0.474,0.445,0.528,0.491,0.453,0.617,0.522
"2018-09-16 00:30:00",5510,0.403,0.478,0.448,0.53,0.491,0.457,0.618,0.522
"2018-09-16 01:00:00",5511,0.399,0.478,0.449,0.53,0.491,0.458,0.618,0.522
"2018-09-16 01:30:00",5512,0.382,0.474,0.444,0.527,0.489,0.457,0.619,0.521
"2018-09-16 02:00:00",5513,0.371,0.469,0.438,0.524,0.485,0.454,0.619,0.523
"2018-09-16 02:30:00",5514,0.383,0.473,0.441,0.529,0.483,0.453,0.619,0.523
"2018-09-16 03:00:00",5515,0.394,0.476,0.446,0.532,0.485,0.455,0.619,0.523
"2018-09-16 03:30:00",5516,0.396,0.477,0.447,0.531,0.486,0.456,0.619,0.522
"2018-09-16 04:00:00",5517,0.397,0.477,0.444,0.53,0.485,0.455,0.61,0.517
"2018-09-16 04:30:00",5518,0.403,0.478,0.444,0.531,0.486,0.455,0.608,0.515
"2018-09-16 05:00:00",5519,0.409,0.48,0.445,0.532,0.486,0.454,0.605,0.512
"2018-09-16 05:30:00",5520,0.414,0.481,0.445,0.531,0.486,0.453,0.606,0.513
"2018-09-16 06:00:00",5521,0.416,0.481,0.444,0.529,0.486,0.452,0.603,0.51
"2018-09-16 06:30:00",5522,0.416,0.48,0.444,0.526,0.485,0.45,0.602,0.508
"2018-09-16 07:00:00",5523,0.416,0.479,0.445,0.524,0.483,0.448,0.605,0.509
"2018-09-16 07:30:00",5524,0.415,0.478,0.443,0.522,0.479,0.445,0.602,0.507
"2018-09-16 08:00:00",5525,0.414,0.478,0.442,0.521,0.478,0.445,0.602,0.507
"2018-09-16 08:30:00",5526,0.413,0.477,0.442,0.519,0.475,0.444,0.603,0.508
"2018-09-16 09:00:00",5527,0.412,0.476,0.439,0.512,0.474,0.444,0.6,0.505
"2018-09-16 09:30:00",5528,0.411,0.475,0.438,0.498,0.473,0.443,0.598,0.503
"2018-09-16 10:00:00",5529,0.412,0.475,0.44,0.497,0.474,0.443,0.598,0.503
"2018-09-16 10:30:00",5530,0.411,0.474,0.44,0.499,0.473,0.444,0.597,0.502
"2018-09-16 11:00:00",5531,0.399,0.468,0.438,0.493,0.472,0.44,0.597,0.502
"2018-09-16 11:30:00",5532,0.364,0.447,0.426,0.467,0.461,0.424,0.593,0.5
"2018-09-16 12:00:00",5533,0.308,0.396,0.391,0.398,0.401,0.37,0.59,0.502
"2018-09-16 12:30:00",5534,0.285,0.369,0.364,0.367,0.355,0.337,0.578,0.496
"2018-09-16 13:00:00",5535,0.277,0.362,0.355,0.359,0.345,0.327,0.552,0.482
"2018-09-16 13:30:00",5536,0.275,0.359,0.354,0.358,0.349,0.323,0.528,0.467
"2018-09-16 14:00:00",5537,0.272,0.358,0.353,0.358,0.353,0.323,0.513,0.454
"2018-09-16 14:30:00",5538,0.272,0.358,0.354,0.358,0.355,0.323,0.506,0.446
"2018-09-16 15:00:00",5539,0.274,0.361,0.357,0.362,0.362,0.327,0.504,0.443
"2018-09-16 15:30:00",5540,0.275,0.361,0.358,0.362,0.365,0.328,0.504,0.444
"2018-09-16 16:00:00",5541,0.273,0.359,0.356,0.362,0.365,0.325,0.5,0.441
"2018-09-16 16:30:00",5542,0.271,0.356,0.352,0.361,0.363,0.323,0.496,0.44
"2018-09-16 17:00:00",5543,0.273,0.359,0.356,0.365,0.367,0.327,0.5,0.441
"2018-09-16 17:30:00",5544,0.277,0.364,0.361,0.37,0.375,0.333,0.504,0.444
"2018-09-16 18:00:00",5545,0.285,0.374,0.37,0.381,0.389,0.346,0.511,0.452
"2018-09-16 18:30:00",5546,0.29,0.379,0.377,0.389,0.394,0.351,0.524,0.465
"2018-09-16 19:00:00",5547,0.304,0.395,0.392,0.408,0.416,0.371,0.544,0.48
"2018-09-16 19:30:00",5548,0.32,0.411,0.405,0.431,0.443,0.39,0.562,0.492
"2018-09-16 20:00:00",5549,0.338,0.428,0.419,0.455,0.464,0.407,0.578,0.501
"2018-09-16 20:30:00",5550,0.35,0.439,0.428,0.473,0.479,0.417,0.591,0.507
"2018-09-16 21:00:00",5551,0.344,0.44,0.426,0.471,0.482,0.419,0.599,0.51
"2018-09-16 21:30:00",5552,0.347,0.442,0.426,0.475,0.484,0.422,0.604,0.512
"2018-09-16 22:00:00",5553,0.349,0.444,0.425,0.481,0.488,0.424,0.605,0.512
"2018-09-16 22:30:00",5554,0.343,0.44,0.422,0.478,0.485,0.421,0.607,0.513
"2018-09-16 23:00:00",5555,0.341,0.439,0.421,0.478,0.484,0.421,0.609,0.514
"2018-09-16 23:30:00",5556,0.348,0.442,0.423,0.484,0.487,0.425,0.61,0.515
"2018-09-17 00:00:00",5557,0.367,0.453,0.433,0.498,0.497,0.435,0.614,0.516
"2018-09-17 00:30:00",5558,0.38,0.461,0.441,0.508,0.489,0.442,0.616,0.518
"2018-09-17 01:00:00",5559,0.391,0.469,0.447,0.513,0.486,0.448,0.618,0.518
"2018-09-17 01:30:00",5560,0.399,0.473,0.451,0.516,0.487,0.451,0.618,0.518
"2018-09-17 02:00:00",5561,0.404,0.476,0.452,0.517,0.487,0.453,0.619,0.518
"2018-09-17 02:30:00",5562,0.406,0.478,0.451,0.518,0.486,0.454,0.614,0.517
"2018-09-17 03:00:00",5563,0.404,0.477,0.449,0.518,0.482,0.453,0.61,0.516
"2018-09-17 03:30:00",5564,0.4,0.476,0.448,0.518,0.479,0.452,0.608,0.514
"2018-09-17 04:00:00",5565,0.397,0.475,0.449,0.518,0.476,0.451,0.611,0.515
"2018-09-17 04:30:00",5566,0.398,0.475,0.449,0.519,0.475,0.451,0.614,0.515
"2018-09-17 05:00:00",5567,0.4,0.476,0.45,0.519,0.474,0.451,0.614,0.515
"2018-09-17 05:30:00",5568,0.403,0.476,0.45,0.519,0.474,0.451,0.611,0.514
"2018-09-17 06:00:00",5569,0.404,0.477,0.452,0.519,0.473,0.451,0.614,0.514
"2018-09-17 06:30:00",5570,0.405,0.477,0.452,0.519,0.473,0.45,0.615,0.514
"2018-09-17 07:00:00",5571,0.406,0.477,0.451,0.518,0.474,0.45,0.616,0.514
"2018-09-17 07:30:00",5572,0.406,0.477,0.452,0.518,0.474,0.45,0.617,0.514
"2018-09-17 08:00:00",5573,0.396,0.474,0.45,0.515,0.472,0.447,0.617,0.514
"2018-09-17 08:30:00",5574,0.38,0.464,0.443,0.506,0.466,0.44,0.616,0.514
"2018-09-17 09:00:00",5575,0.361,0.449,0.432,0.487,0.454,0.426,0.614,0.513
"2018-09-17 09:30:00",5576,0.34,0.428,0.417,0.46,0.435,0.406,0.611,0.512
"2018-09-17 10:00:00",5577,0.329,0.416,0.404,0.442,0.42,0.392,0.602,0.507
"2018-09-17 10:30:00",5578,0.321,0.407,0.398,0.43,0.409,0.383,0.598,0.506
"2018-09-17 11:00:00",5579,0.321,0.406,0.396,0.429,0.407,0.381,0.591,0.504
"2018-09-17 11:30:00",5580,0.318,0.405,0.394,0.426,0.406,0.378,0.583,0.501
"2018-09-17 12:00:00",5581,0.309,0.397,0.388,0.416,0.397,0.369,0.574,0.496
"2018-09-17 12:30:00",5582,0.31,0.397,0.385,0.416,0.396,0.368,0.565,0.49
"2018-09-17 13:00:00",5583,0.338,0.42,0.401,0.444,0.423,0.392,0.564,0.491
"2018-09-17 13:30:00",5584,0.321,0.409,0.397,0.432,0.414,0.378,0.569,0.493
"2018-09-17 14:00:00",5585,0.359,0.434,0.412,0.464,0.437,0.404,0.574,0.497
"2018-09-17 14:30:00",5586,0.374,0.448,0.426,0.484,0.451,0.415,0.583,0.499
"2018-09-17 15:00:00",5587,0.353,0.437,0.42,0.471,0.443,0.404,0.587,0.5
"2018-09-17 15:30:00",5588,0.37,0.449,0.426,0.482,0.453,0.416,0.592,0.502
"2018-09-17 16:00:00",5589,0.385,0.46,0.434,0.497,0.461,0.426,0.596,0.503
"2018-09-17 16:30:00",5590,0.397,0.468,0.438,0.507,0.467,0.433,0.595,0.503
"2018-09-17 17:00:00",5591,0.396,0.468,0.441,0.51,0.468,0.434,0.599,0.503
"2018-09-17 17:30:00",5592,0.398,0.47,0.442,0.511,0.469,0.435,0.602,0.503
"2018-09-17 18:00:00",5593,0.401,0.471,0.444,0.513,0.47,0.437,0.604,0.504
"2018-09-17 18:30:00",5594,0.402,0.473,0.446,0.514,0.472,0.438,0.604,0.504
"2018-09-17 19:00:00",5595,0.402,0.473,0.448,0.514,0.472,0.439,0.607,0.505
"2018-09-17 19:30:00",5596,0.397,0.472,0.448,0.514,0.473,0.438,0.608,0.505
"2018-09-17 20:00:00",5597,0.388,0.469,0.444,0.512,0.474,0.437,0.605,0.503
"2018-09-17 20:30:00",5598,0.378,0.466,0.443,0.51,0.475,0.436,0.604,0.503
"2018-09-17 21:00:00",5599,0.371,0.463,0.441,0.508,0.474,0.435,0.603,0.501
"2018-09-17 21:30:00",5600,0.372,0.462,0.441,0.508,0.474,0.435,0.605,0.502
"2018-09-17 22:00:00",5601,0.376,0.463,0.442,0.509,0.475,0.436,0.603,0.501
"2018-09-17 22:30:00",5602,0.382,0.465,0.444,0.511,0.477,0.439,0.606,0.503
"2018-09-17 23:00:00",5603,0.384,0.467,0.448,0.513,0.478,0.439,0.611,0.506
"2018-09-17 23:30:00",5604,0.383,0.467,0.448,0.514,0.479,0.439,0.612,0.507
"2018-09-18 00:00:00",5605,0.376,0.464,0.447,0.512,0.478,0.437,0.612,0.508
"2018-09-18 00:30:00",5606,0.371,0.461,0.445,0.511,0.477,0.435,0.613,0.509
"2018-09-18 01:00:00",5607,0.362,0.456,0.441,0.507,0.472,0.43,0.612,0.509
"2018-09-18 01:30:00",5608,0.356,0.452,0.435,0.503,0.468,0.426,0.611,0.509
"2018-09-18 02:00:00",5609,0.354,0.449,0.433,0.499,0.465,0.424,0.612,0.509
"2018-09-18 02:30:00",5610,0.35,0.447,0.43,0.495,0.463,0.422,0.614,0.51
"2018-09-18 03:00:00",5611,0.37,0.455,0.436,0.501,0.468,0.429,0.615,0.512
"2018-09-18 03:30:00",5612,0.396,0.469,0.449,0.515,0.478,0.441,0.617,0.513
"2018-09-18 04:00:00",5613,0.404,0.474,0.453,0.519,0.48,0.445,0.619,0.513
"2018-09-18 04:30:00",5614,0.408,0.475,0.454,0.52,0.478,0.446,0.62,0.513
"2018-09-18 05:00:00",5615,0.41,0.476,0.454,0.519,0.477,0.447,0.619,0.514
"2018-09-18 05:30:00",5616,0.411,0.477,0.454,0.518,0.476,0.447,0.62,0.514
"2018-09-18 06:00:00",5617,0.411,0.477,0.453,0.518,0.476,0.448,0.621,0.514
"2018-09-18 06:30:00",5618,0.411,0.478,0.453,0.518,0.475,0.448,0.62,0.514
"2018-09-18 07:00:00",5619,0.411,0.478,0.454,0.519,0.475,0.448,0.621,0.515
"2018-09-18 07:30:00",5620,0.41,0.478,0.453,0.519,0.475,0.448,0.621,0.514
"2018-09-18 08:00:00",5621,0.407,0.478,0.454,0.52,0.475,0.447,0.621,0.514
"2018-09-18 08:30:00",5622,0.4,0.476,0.454,0.518,0.475,0.444,0.621,0.514
"2018-09-18 09:00:00",5623,0.372,0.463,0.449,0.5,0.469,0.43,0.62,0.513
"2018-09-18 09:30:00",5624,0.356,0.449,0.442,0.488,0.459,0.416,0.619,0.513
"2018-09-18 10:00:00",5625,0.329,0.422,0.423,0.452,0.432,0.391,0.618,0.513
"2018-09-18 10:30:00",5626,0.308,0.394,0.4,0.414,0.399,0.366,0.612,0.512
"2018-09-18 11:00:00",5627,0.284,0.37,0.373,0.383,0.364,0.34,0.595,0.504
"2018-09-18 11:30:00",5628,0.279,0.365,0.363,0.377,0.361,0.334,0.569,0.491
"2018-09-18 12:00:00",5629,0.284,0.37,0.369,0.383,0.37,0.342,0.543,0.482
"2018-09-18 12:30:00",5630,0.283,0.369,0.37,0.384,0.371,0.34,0.532,0.473
"2018-09-18 13:00:00",5631,0.275,0.36,0.36,0.373,0.363,0.328,0.518,0.456
"2018-09-18 13:30:00",5632,0.281,0.366,0.367,0.382,0.372,0.336,0.515,0.453
"2018-09-18 14:00:00",5633,0.279,0.366,0.366,0.381,0.374,0.334,0.513,0.449
"2018-09-18 14:30:00",5634,0.303,0.388,0.386,0.41,0.404,0.363,0.525,0.461
"2018-09-18 15:00:00",5635,0.35,0.426,0.411,0.458,0.448,0.402,0.546,0.477
"2018-09-18 15:30:00",5636,0.392,0.459,0.437,0.502,0.476,0.432,0.572,0.492
"2018-09-18 16:00:00",5637,0.401,0.468,0.446,0.515,0.481,0.439,0.588,0.501
"2018-09-18 16:30:00",5638,0.388,0.463,0.446,0.511,0.476,0.437,0.6,0.508
"2018-09-18 17:00:00",5639,0.362,0.45,0.438,0.497,0.465,0.428,0.606,0.511
"2018-09-18 17:30:00",5640,0.345,0.437,0.428,0.48,0.452,0.414,0.607,0.514
"2018-09-18 18:00:00",5641,0.32,0.412,0.407,0.45,0.421,0.383,0.607,0.514
"2018-09-18 18:30:00",5642,0.314,0.404,0.399,0.438,0.412,0.376,0.605,0.513
"2018-09-18 19:00:00",5643,0.317,0.407,0.403,0.441,0.412,0.378,0.604,0.513
"2018-09-18 19:30:00",5644,0.329,0.419,0.412,0.457,0.428,0.392,0.607,0.514
"2018-09-18 20:00:00",5645,0.328,0.423,0.412,0.463,0.443,0.397,0.609,0.516
"2018-09-18 20:30:00",5646,0.325,0.419,0.406,0.46,0.444,0.396,0.61,0.517
"2018-09-18 21:00:00",5647,0.325,0.421,0.406,0.462,0.446,0.398,0.61,0.517
"2018-09-18 21:30:00",5648,0.323,0.421,0.405,0.46,0.446,0.398,0.611,0.518
"2018-09-18 22:00:00",5649,0.326,0.422,0.405,0.463,0.448,0.4,0.613,0.518
"2018-09-18 22:30:00",5650,0.332,0.429,0.408,0.47,0.453,0.405,0.614,0.518
"2018-09-18 23:00:00",5651,0.331,0.429,0.41,0.472,0.456,0.406,0.615,0.518
"2018-09-18 23:30:00",5652,0.329,0.429,0.408,0.471,0.457,0.406,0.616,0.519
"2018-09-19 00:00:00",5653,0.333,0.431,0.41,0.475,0.459,0.408,0.616,0.519
"2018-09-19 00:30:00",5654,0.339,0.436,0.414,0.482,0.463,0.413,0.617,0.519
"2018-09-19 01:00:00",5655,0.342,0.44,0.416,0.487,0.459,0.417,0.617,0.519
"2018-09-19 01:30:00",5656,0.342,0.441,0.416,0.487,0.456,0.418,0.618,0.519
"2018-09-19 02:00:00",5657,0.345,0.443,0.419,0.491,0.458,0.42,0.618,0.519
"2018-09-19 02:30:00",5658,0.344,0.444,0.418,0.492,0.459,0.42,0.618,0.518
"2018-09-19 03:00:00",5659,0.347,0.446,0.421,0.494,0.46,0.421,0.618,0.519
"2018-09-19 03:30:00",5660,0.352,0.449,0.423,0.498,0.46,0.424,0.619,0.518
"2018-09-19 04:00:00",5661,0.354,0.452,0.425,0.501,0.461,0.427,0.618,0.519
"2018-09-19 04:30:00",5662,0.356,0.455,0.425,0.502,0.459,0.429,0.618,0.518
"2018-09-19 05:00:00",5663,0.358,0.457,0.424,0.504,0.458,0.429,0.618,0.517
"2018-09-19 05:30:00",5664,0.364,0.461,0.427,0.508,0.459,0.434,0.618,0.517
"2018-09-19 06:00:00",5665,0.371,0.466,0.43,0.512,0.459,0.438,0.619,0.516
"2018-09-19 06:30:00",5666,0.375,0.469,0.433,0.515,0.458,0.441,0.62,0.515
"2018-09-19 07:00:00",5667,0.379,0.472,0.435,0.517,0.458,0.443,0.621,0.516
"2018-09-19 07:30:00",5668,0.377,0.471,0.434,0.516,0.455,0.442,0.621,0.516
"2018-09-19 08:00:00",5669,0.36,0.459,0.43,0.502,0.445,0.433,0.621,0.515
"2018-09-19 08:30:00",5670,0.339,0.435,0.422,0.472,0.43,0.416,0.619,0.516
"2018-09-19 09:00:00",5671,0.313,0.406,0.403,0.435,0.401,0.387,0.616,0.514
"2018-09-19 09:30:00",5672,0.296,0.387,0.385,0.41,0.377,0.364,0.605,0.509
"2018-09-19 10:00:00",5673,0.284,0.373,0.37,0.391,0.358,0.346,0.583,0.498
"2018-09-19 10:30:00",5674,0.28,0.367,0.366,0.381,0.35,0.339,0.559,0.487
"2018-09-19 11:00:00",5675,0.275,0.362,0.359,0.376,0.349,0.331,0.531,0.47
"2018-09-19 11:30:00",5676,0.273,0.359,0.356,0.373,0.35,0.327,0.509,0.453
"2018-09-19 12:00:00",5677,0.27,0.356,0.352,0.369,0.348,0.323,0.495,0.436
"2018-09-19 12:30:00",5678,0.27,0.357,0.354,0.372,0.354,0.324,0.492,0.429
"2018-09-19 13:00:00",5679,0.266,0.352,0.348,0.367,0.352,0.319,0.485,0.418
"2018-09-19 13:30:00",5680,0.266,0.352,0.348,0.368,0.354,0.318,0.481,0.414
"2018-09-19 14:00:00",5681,0.265,0.352,0.349,0.369,0.357,0.319,0.48,0.413
"2018-09-19 14:30:00",5682,0.266,0.354,0.352,0.37,0.36,0.321,0.479,0.412
"2018-09-19 15:00:00",5683,0.265,0.353,0.351,0.369,0.363,0.321,0.479,0.41
"2018-09-19 15:30:00",5684,0.267,0.355,0.35,0.371,0.368,0.323,0.478,0.412
"2018-09-19 16:00:00",5685,0.269,0.357,0.354,0.374,0.373,0.325,0.481,0.418
"2018-09-19 16:30:00",5686,0.271,0.362,0.36,0.378,0.379,0.328,0.488,0.426
"2018-09-19 17:00:00",5687,0.277,0.367,0.368,0.387,0.387,0.335,0.502,0.436
"2018-09-19 17:30:00",5688,0.284,0.375,0.377,0.398,0.398,0.345,0.522,0.449
"2018-09-19 18:00:00",5689,0.292,0.384,0.385,0.409,0.409,0.355,0.538,0.463
"2018-09-19 18:30:00",5690,0.305,0.399,0.398,0.427,0.426,0.369,0.556,0.478
"2018-09-19 19:00:00",5691,0.318,0.41,0.407,0.442,0.442,0.383,0.571,0.49
"2018-09-19 19:30:00",5692,0.344,0.434,0.426,0.475,0.472,0.407,0.585,0.499
"2018-09-19 20:00:00",5693,0.359,0.45,0.437,0.497,0.49,0.42,0.597,0.506
"2018-09-19 20:30:00",5694,0.37,0.459,0.443,0.507,0.494,0.43,0.605,0.511
"2018-09-19 21:00:00",5695,0.384,0.467,0.449,0.52,0.497,0.439,0.61,0.513
"2018-09-19 21:30:00",5696,0.385,0.47,0.452,0.524,0.493,0.441,0.614,0.516
"2018-09-19 22:00:00",5697,0.395,0.475,0.454,0.529,0.496,0.448,0.618,0.517
"2018-09-19 22:30:00",5698,0.395,0.476,0.455,0.531,0.494,0.448,0.62,0.518
"2018-09-19 23:00:00",5699,0.393,0.476,0.454,0.53,0.492,0.448,0.622,0.519
"2018-09-19 23:30:00",5700,0.392,0.476,0.452,0.532,0.49,0.449,0.623,0.519
"2018-09-20 00:00:00",5701,0.381,0.473,0.448,0.53,0.485,0.447,0.624,0.519
"2018-09-20 00:30:00",5702,0.382,0.472,0.447,0.53,0.483,0.447,0.625,0.519
"2018-09-20 01:00:00",5703,0.384,0.472,0.447,0.532,0.481,0.449,0.625,0.52
"2018-09-20 01:30:00",5704,0.384,0.472,0.447,0.532,0.479,0.451,0.626,0.52
"2018-09-20 02:00:00",5705,0.388,0.473,0.448,0.533,0.478,0.453,0.626,0.52
"2018-09-20 02:30:00",5706,0.394,0.476,0.449,0.535,0.478,0.455,0.627,0.52
"2018-09-20 03:00:00",5707,0.406,0.479,0.452,0.536,0.479,0.457,0.627,0.521
"2018-09-20 03:30:00",5708,0.414,0.481,0.454,0.536,0.479,0.458,0.627,0.52
"2018-09-20 04:00:00",5709,0.418,0.481,0.452,0.536,0.479,0.458,0.627,0.52
"2018-09-20 04:30:00",5710,0.421,0.482,0.453,0.535,0.478,0.458,0.627,0.521
"2018-09-20 05:00:00",5711,0.422,0.482,0.453,0.533,0.477,0.457,0.628,0.521
"2018-09-20 05:30:00",5712,0.423,0.481,0.453,0.531,0.476,0.456,0.628,0.521
"2018-09-20 06:00:00",5713,0.423,0.481,0.454,0.53,0.475,0.455,0.628,0.521
"2018-09-20 06:30:00",5714,0.421,0.48,0.454,0.529,0.474,0.455,0.628,0.52
"2018-09-20 07:00:00",5715,0.416,0.478,0.455,0.529,0.474,0.454,0.628,0.52
"2018-09-20 07:30:00",5716,0.41,0.477,0.455,0.529,0.473,0.454,0.627,0.519
"2018-09-20 08:00:00",5717,0.406,0.474,0.455,0.527,0.472,0.453,0.627,0.518
"2018-09-20 08:30:00",5718,0.38,0.462,0.448,0.51,0.465,0.443,0.625,0.518
"2018-09-20 09:00:00",5719,0.345,0.434,0.431,0.474,0.444,0.421,0.623,0.517
"2018-09-20 09:30:00",5720,0.322,0.408,0.409,0.442,0.414,0.395,0.618,0.515
"2018-09-20 10:00:00",5721,0.319,0.404,0.401,0.435,0.4,0.385,0.615,0.514
"2018-09-20 10:30:00",5722,0.325,0.408,0.404,0.441,0.403,0.389,0.61,0.513
"2018-09-20 11:00:00",5723,0.318,0.403,0.397,0.432,0.397,0.383,0.601,0.51
"2018-09-20 11:30:00",5724,0.326,0.41,0.402,0.441,0.405,0.389,0.595,0.509
"2018-09-20 12:00:00",5725,0.305,0.39,0.386,0.412,0.383,0.367,0.583,0.504
"2018-09-20 12:30:00",5726,0.295,0.379,0.376,0.401,0.368,0.355,0.561,0.495
"2018-09-20 13:00:00",5727,0.284,0.367,0.365,0.387,0.353,0.337,0.545,0.48
"2018-09-20 13:30:00",5728,0.28,0.364,0.36,0.385,0.35,0.332,0.528,0.464
"2018-09-20 14:00:00",5729,0.283,0.369,0.366,0.391,0.356,0.337,0.523,0.46
"2018-09-20 14:30:00",5730,0.283,0.37,0.368,0.392,0.361,0.338,0.525,0.461
"2018-09-20 15:00:00",5731,0.279,0.365,0.366,0.388,0.364,0.333,0.524,0.46
"2018-09-20 15:30:00",5732,0.278,0.363,0.364,0.385,0.366,0.331,0.522,0.458
"2018-09-20 16:00:00",5733,0.28,0.365,0.364,0.389,0.372,0.334,0.518,0.459
"2018-09-20 16:30:00",5734,0.285,0.37,0.371,0.397,0.383,0.34,0.524,0.463
"2018-09-20 17:00:00",5735,0.297,0.383,0.383,0.413,0.401,0.354,0.539,0.472
"2018-09-20 17:30:00",5736,0.301,0.388,0.387,0.421,0.408,0.359,0.552,0.48
"2018-09-20 18:00:00",5737,0.308,0.394,0.393,0.429,0.415,0.365,0.562,0.488
"2018-09-20 18:30:00",5738,0.321,0.408,0.405,0.446,0.433,0.38,0.571,0.495
"2018-09-20 19:00:00",5739,0.332,0.42,0.414,0.462,0.451,0.396,0.582,0.501
"2018-09-20 19:30:00",5740,0.342,0.431,0.42,0.477,0.466,0.409,0.592,0.506
"2018-09-20 20:00:00",5741,0.341,0.435,0.42,0.479,0.47,0.413,0.599,0.509
"2018-09-20 20:30:00",5742,0.331,0.429,0.413,0.468,0.466,0.411,0.603,0.51
"2018-09-20 21:00:00",5743,0.323,0.422,0.406,0.459,0.458,0.405,0.606,0.511
"2018-09-20 21:30:00",5744,0.324,0.423,0.405,0.46,0.458,0.406,0.607,0.51
"2018-09-20 22:00:00",5745,0.329,0.426,0.407,0.466,0.462,0.41,0.606,0.511
"2018-09-20 22:30:00",5746,0.331,0.43,0.409,0.47,0.465,0.413,0.609,0.512
"2018-09-20 23:00:00",5747,0.334,0.432,0.411,0.474,0.467,0.415,0.609,0.513
"2018-09-20 23:30:00",5748,0.338,0.436,0.413,0.48,0.472,0.419,0.612,0.514
"2018-09-21 00:00:00",5749,0.342,0.439,0.415,0.484,0.471,0.421,0.613,0.514
"2018-09-21 00:30:00",5750,0.351,0.445,0.421,0.493,0.468,0.427,0.616,0.516
"2018-09-21 01:00:00",5751,0.358,0.451,0.426,0.5,0.474,0.432,0.617,0.517
"2018-09-21 01:30:00",5752,0.356,0.45,0.427,0.5,0.474,0.432,0.618,0.517
"2018-09-21 02:00:00",5753,0.355,0.45,0.427,0.5,0.47,0.432,0.619,0.516
"2018-09-21 02:30:00",5754,0.355,0.45,0.426,0.5,0.467,0.433,0.619,0.516
"2018-09-21 03:00:00",5755,0.358,0.451,0.428,0.502,0.466,0.433,0.619,0.517
"2018-09-21 03:30:00",5756,0.359,0.452,0.429,0.503,0.464,0.433,0.619,0.516
"2018-09-21 04:00:00",5757,0.361,0.453,0.431,0.505,0.463,0.434,0.619,0.517
"2018-09-21 04:30:00",5758,0.368,0.456,0.434,0.509,0.463,0.437,0.618,0.518
"2018-09-21 05:00:00",5759,0.376,0.46,0.436,0.514,0.463,0.441,0.618,0.519
"2018-09-21 05:30:00",5760,0.381,0.463,0.438,0.519,0.464,0.443,0.618,0.519
"2018-09-21 06:00:00",5761,0.386,0.467,0.44,0.521,0.464,0.445,0.619,0.52
"2018-09-21 06:30:00",5762,0.39,0.47,0.443,0.523,0.465,0.447,0.619,0.52
"2018-09-21 07:00:00",5763,0.395,0.473,0.445,0.525,0.467,0.449,0.619,0.52
"2018-09-21 07:30:00",5764,0.396,0.474,0.446,0.526,0.467,0.449,0.62,0.521
"2018-09-21 08:00:00",5765,0.399,0.475,0.448,0.527,0.468,0.449,0.621,0.52
"2018-09-21 08:30:00",5766,0.395,0.473,0.446,0.522,0.466,0.447,0.62,0.521
"2018-09-21 09:00:00",5767,0.362,0.452,0.434,0.488,0.45,0.429,0.618,0.52
"2018-09-21 09:30:00",5768,0.328,0.42,0.41,0.449,0.417,0.398,0.614,0.517
"2018-09-21 10:00:00",5769,0.319,0.409,0.397,0.438,0.398,0.384,0.608,0.513
"2018-09-21 10:30:00",5770,0.323,0.412,0.397,0.443,0.4,0.387,0.601,0.51
"2018-09-21 11:00:00",5771,0.357,0.436,0.409,0.473,0.424,0.413,0.598,0.511
"2018-09-21 11:30:00",5772,0.395,0.464,0.433,0.508,0.451,0.437,0.602,0.515
"2018-09-21 12:00:00",5773,0.41,0.475,0.443,0.521,0.461,0.445,0.61,0.517
"2018-09-21 12:30:00",5774,0.41,0.475,0.445,0.521,0.462,0.446,0.616,0.518
"2018-09-21 13:00:00",5775,0.394,0.468,0.442,0.51,0.457,0.439,0.618,0.518
"2018-09-21 13:30:00",5776,0.361,0.449,0.429,0.479,0.44,0.42,0.621,0.518
"2018-09-21 14:00:00",5777,0.334,0.428,0.413,0.453,0.416,0.4,0.622,0.517
"2018-09-21 14:30:00",5778,0.316,0.409,0.397,0.435,0.394,0.382,0.621,0.515
"2018-09-21 15:00:00",5779,0.316,0.408,0.396,0.437,0.395,0.381,0.62,0.514
"2018-09-21 15:30:00",5780,0.314,0.408,0.397,0.434,0.394,0.378,0.618,0.515
"2018-09-21 16:00:00",5781,0.309,0.402,0.392,0.426,0.39,0.372,0.614,0.513
"2018-09-21 16:30:00",5782,0.314,0.405,0.393,0.43,0.394,0.376,0.607,0.511
"2018-09-21 17:00:00",5783,0.322,0.411,0.4,0.438,0.403,0.385,0.602,0.512
"2018-09-21 17:30:00",5784,0.33,0.418,0.406,0.448,0.413,0.391,0.598,0.512
"2018-09-21 18:00:00",5785,0.325,0.415,0.403,0.447,0.408,0.384,0.596,0.512
"2018-09-21 18:30:00",5786,0.328,0.419,0.405,0.452,0.413,0.389,0.597,0.51
"2018-09-21 19:00:00",5787,0.345,0.433,0.417,0.472,0.431,0.405,0.6,0.512
"2018-09-21 19:30:00",5788,0.359,0.446,0.428,0.492,0.446,0.417,0.605,0.513
"2018-09-21 20:00:00",5789,0.353,0.448,0.428,0.493,0.448,0.417,0.61,0.513
"2018-09-21 20:30:00",5790,0.348,0.448,0.426,0.491,0.447,0.417,0.613,0.513
"2018-09-21 21:00:00",5791,0.346,0.447,0.423,0.486,0.445,0.418,0.614,0.513
"2018-09-21 21:30:00",5792,0.354,0.451,0.428,0.493,0.449,0.425,0.617,0.514
"2018-09-21 22:00:00",5793,0.372,0.462,0.437,0.508,0.456,0.434,0.619,0.516
"2018-09-21 22:30:00",5794,0.384,0.469,0.444,0.518,0.461,0.441,0.621,0.516
"2018-09-21 23:00:00",5795,0.393,0.473,0.449,0.524,0.464,0.444,0.621,0.517
"2018-09-21 23:30:00",5796,0.395,0.476,0.452,0.526,0.466,0.446,0.622,0.517
"2018-09-22 00:00:00",5797,0.379,0.473,0.448,0.52,0.463,0.443,0.623,0.517
"2018-09-22 00:30:00",5798,0.366,0.469,0.445,0.515,0.461,0.441,0.622,0.517
"2018-09-22 01:00:00",5799,0.351,0.461,0.438,0.506,0.454,0.435,0.621,0.516
"2018-09-22 01:30:00",5800,0.343,0.45,0.429,0.497,0.447,0.429,0.619,0.516
"2018-09-22 02:00:00",5801,0.336,0.442,0.422,0.489,0.44,0.423,0.616,0.515
"2018-09-22 02:30:00",5802,0.336,0.439,0.421,0.485,0.437,0.421,0.615,0.516
"2018-09-22 03:00:00",5803,0.339,0.441,0.422,0.485,0.438,0.421,0.615,0.516
"2018-09-22 03:30:00",5804,0.343,0.443,0.423,0.488,0.438,0.423,0.615,0.516
"2018-09-22 04:00:00",5805,0.352,0.448,0.427,0.493,0.441,0.428,0.615,0.516
"2018-09-22 04:30:00",5806,0.36,0.452,0.43,0.499,0.445,0.432,0.617,0.516
"2018-09-22 05:00:00",5807,0.369,0.458,0.435,0.506,0.449,0.436,0.618,0.516
"2018-09-22 05:30:00",5808,0.373,0.46,0.435,0.509,0.451,0.438,0.617,0.516
"2018-09-22 06:00:00",5809,0.372,0.46,0.436,0.508,0.451,0.439,0.617,0.517
"2018-09-22 06:30:00",5810,0.38,0.464,0.439,0.512,0.452,0.442,0.619,0.518
"2018-09-22 07:00:00",5811,0.386,0.467,0.44,0.516,0.454,0.444,0.62,0.517
"2018-09-22 07:30:00",5812,0.392,0.471,0.442,0.52,0.457,0.446,0.62,0.516
"2018-09-22 08:00:00",5813,0.388,0.469,0.442,0.518,0.456,0.444,0.618,0.515
"2018-09-22 08:30:00",5814,0.386,0.467,0.442,0.514,0.455,0.443,0.619,0.516
"2018-09-22 09:00:00",5815,0.379,0.462,0.44,0.504,0.451,0.439,0.619,0.516
"2018-09-22 09:30:00",5816,0.357,0.444,0.43,0.476,0.436,0.423,0.616,0.516
"2018-09-22 10:00:00",5817,0.316,0.409,0.4,0.43,0.399,0.387,0.602,0.51
"2018-09-22 10:30:00",5818,0.29,0.382,0.372,0.401,0.36,0.353,0.584,0.502
"2018-09-22 11:00:00",5819,0.284,0.374,0.363,0.391,0.35,0.343,0.554,0.489
"2018-09-22 11:30:00",5820,0.276,0.362,0.353,0.375,0.343,0.329,0.512,0.467
"2018-09-22 12:00:00",5821,0.275,0.363,0.351,0.379,0.344,0.329,0.49,0.44
"2018-09-22 12:30:00",5822,0.275,0.363,0.353,0.379,0.353,0.329,0.489,0.43
"2018-09-22 13:00:00",5823,0.283,0.372,0.361,0.391,0.367,0.342,0.493,0.432
"2018-09-22 13:30:00",5824,0.284,0.374,0.36,0.393,0.37,0.344,0.499,0.438
"2018-09-22 14:00:00",5825,0.283,0.372,0.36,0.391,0.369,0.341,0.501,0.44
"2018-09-22 14:30:00",5826,0.279,0.368,0.356,0.385,0.366,0.335,0.498,0.438
"2018-09-22 15:00:00",5827,0.276,0.365,0.353,0.382,0.364,0.33,0.495,0.434
"2018-09-22 15:30:00",5828,0.278,0.367,0.355,0.385,0.369,0.333,0.494,0.435
"2018-09-22 16:00:00",5829,0.279,0.367,0.356,0.385,0.371,0.334,0.494,0.435
"2018-09-22 16:30:00",5830,0.278,0.365,0.354,0.384,0.37,0.332,0.493,0.434
"2018-09-22 17:00:00",5831,0.285,0.375,0.365,0.394,0.383,0.344,0.507,0.445
"2018-09-22 17:30:00",5832,0.291,0.382,0.373,0.402,0.394,0.353,0.523,0.458
"2018-09-22 18:00:00",5833,0.295,0.388,0.377,0.408,0.402,0.361,0.535,0.47
"2018-09-22 18:30:00",5834,0.302,0.396,0.381,0.416,0.412,0.372,0.546,0.48
"2018-09-22 19:00:00",5835,0.306,0.402,0.385,0.422,0.419,0.378,0.564,0.489
"2018-09-22 19:30:00",5836,0.313,0.41,0.391,0.432,0.43,0.388,0.577,0.497
"2018-09-22 20:00:00",5837,0.314,0.413,0.392,0.434,0.433,0.393,0.584,0.501
"2018-09-22 20:30:00",5838,0.317,0.416,0.394,0.439,0.438,0.397,0.592,0.504
"2018-09-22 21:00:00",5839,0.318,0.418,0.396,0.443,0.44,0.399,0.6,0.507
"2018-09-22 21:30:00",5840,0.322,0.422,0.4,0.449,0.446,0.404,0.606,0.51
"2018-09-22 22:00:00",5841,0.326,0.426,0.403,0.454,0.451,0.409,0.61,0.512
"2018-09-22 22:30:00",5842,0.329,0.43,0.407,0.459,0.457,0.413,0.613,0.514
"2018-09-22 23:00:00",5843,0.33,0.431,0.41,0.46,0.458,0.418,0.616,0.517
"2018-09-22 23:30:00",5844,0.339,0.436,0.414,0.47,0.465,0.425,0.619,0.52
"2018-09-23 00:00:00",5845,0.354,0.448,0.424,0.49,0.464,0.435,0.622,0.522
"2018-09-23 00:30:00",5846,0.352,0.451,0.427,0.491,0.468,0.438,0.624,0.523
"2018-09-23 01:00:00",5847,0.352,0.451,0.428,0.493,0.466,0.438,0.626,0.524
"2018-09-23 01:30:00",5848,0.346,0.446,0.421,0.486,0.46,0.436,0.626,0.524
"2018-09-23 02:00:00",5849,0.363,0.454,0.429,0.5,0.464,0.443,0.627,0.524
"2018-09-23 02:30:00",5850,0.388,0.468,0.439,0.517,0.476,0.453,0.628,0.524
"2018-09-23 03:00:00",5851,0.406,0.478,0.447,0.529,0.483,0.459,0.626,0.524
"2018-09-23 03:30:00",5852,0.418,0.484,0.451,0.536,0.487,0.463,0.623,0.525
"2018-09-23 04:00:00",5853,0.424,0.489,0.449,0.539,0.488,0.463,0.619,0.523
"2018-09-23 04:30:00",5854,0.425,0.489,0.45,0.536,0.486,0.46,0.621,0.523
"2018-09-23 05:00:00",5855,0.425,0.488,0.451,0.534,0.483,0.459,0.62,0.522
"2018-09-23 05:30:00",5856,0.424,0.487,0.449,0.532,0.48,0.457,0.619,0.497
"2018-09-23 06:00:00",5857,0.423,0.486,0.447,0.53,0.475,0.453,0.619,0.44
"2018-09-23 06:30:00",5858,0.421,0.485,0.447,0.528,0.472,0.451,0.619,0.403
"2018-09-23 07:00:00",5859,0.42,0.484,0.445,0.526,0.471,0.45,0.616,0.386
"2018-09-23 07:30:00",5860,0.419,0.483,0.444,0.523,0.47,0.45,0.613,0.399
"2018-09-23 08:00:00",5861,0.418,0.482,0.444,0.521,0.469,0.448,0.614,0.42
"2018-09-23 08:30:00",5862,0.417,0.481,0.443,0.519,0.467,0.445,0.611,0.421
"2018-09-23 09:00:00",5863,0.416,0.481,0.446,0.517,0.467,0.445,0.609,0.41
"2018-09-23 09:30:00",5864,0.414,0.479,0.445,0.516,0.466,0.443,0.608,0.416
"2018-09-23 10:00:00",5865,0.413,0.479,0.441,0.515,0.462,0.441,0.604,0.38
"2018-09-23 10:30:00",5866,0.412,0.478,0.442,0.515,0.461,0.437,0.605,0.383
"2018-09-23 11:00:00",5867,0.41,0.478,0.44,0.513,0.458,0.436,0.602,0.382
"2018-09-23 11:30:00",5868,0.409,0.477,0.44,0.512,0.457,0.436,0.602,0.38
"2018-09-23 12:00:00",5869,0.407,0.477,0.438,0.509,0.456,0.436,0.595,0.379
"2018-09-23 12:30:00",5870,0.402,0.476,0.436,0.51,0.455,0.437,0.591,0.394
"2018-09-23 13:00:00",5871,0.4,0.477,0.438,0.51,0.454,0.438,0.589,0.393
"2018-09-23 13:30:00",5872,0.402,0.477,0.439,0.51,0.455,0.439,0.588,0.374
"2018-09-23 14:00:00",5873,0.401,0.475,0.439,0.508,0.454,0.437,0.587,0.376
"2018-09-23 14:30:00",5874,0.399,0.472,0.437,0.506,0.453,0.435,0.586,0.38
"2018-09-23 15:00:00",5875,0.397,0.469,0.431,0.506,0.453,0.434,0.585,0.392
"2018-09-23 15:30:00",5876,0.395,0.467,0.431,0.507,0.453,0.435,0.587,0.41
"2018-09-23 16:00:00",5877,0.393,0.466,0.431,0.507,0.453,0.436,0.588,0.418
"2018-09-23 16:30:00",5878,0.392,0.468,0.43,0.507,0.453,0.436,0.585,0.422
"2018-09-23 17:00:00",5879,0.391,0.468,0.428,0.506,0.452,0.436,0.584,0.423
"2018-09-23 17:30:00",5880,0.394,0.469,0.43,0.506,0.452,0.436,0.584,0.422
"2018-09-23 18:00:00",5881,0.397,0.47,0.432,0.508,0.451,0.436,0.588,0.428
"2018-09-23 18:30:00",5882,0.396,0.469,0.433,0.509,0.449,0.432,0.594,0.431
"2018-09-23 19:00:00",5883,0.395,0.469,0.433,0.507,0.447,0.43,0.595,0.408
"2018-09-23 19:30:00",5884,0.393,0.469,0.432,0.504,0.446,0.431,0.589,0.377
"2018-09-23 20:00:00",5885,0.391,0.466,0.431,0.502,0.446,0.43,0.586,0.379
"2018-09-23 20:30:00",5886,0.389,0.462,0.429,0.501,0.444,0.426,0.588,0.376
"2018-09-23 21:00:00",5887,0.388,0.459,0.425,0.486,0.443,0.425,0.588,0.372
"2018-09-23 21:30:00",5888,0.387,0.454,0.423,0.463,0.443,0.424,0.588,0.377
"2018-09-23 22:00:00",5889,0.387,0.435,0.42,0.459,0.443,0.424,0.582,0.371
"2018-09-23 22:30:00",5890,0.385,0.401,0.42,0.456,0.442,0.423,0.582,0.383
"2018-09-23 23:00:00",5891,0.385,0.398,0.422,0.457,0.441,0.422,0.584,0.376
"2018-09-23 23:30:00",5892,0.385,0.395,0.423,0.452,0.441,0.42,0.588,0.383
"2018-09-24 00:00:00",5893,0.385,0.403,0.421,0.436,0.441,0.419,0.585,0.383
"2018-09-24 00:30:00",5894,0.384,0.404,0.422,0.433,0.44,0.419,0.583,0.385
"2018-09-24 01:00:00",5895,0.384,0.403,0.419,0.427,0.439,0.416,0.578,0.392
"2018-09-24 01:30:00",5896,0.383,0.403,0.421,0.426,0.439,0.415,0.581,0.389
"2018-09-24 02:00:00",5897,0.382,0.397,0.423,0.438,0.44,0.414,0.584,0.373
"2018-09-24 02:30:00",5898,0.381,0.377,0.423,0.438,0.439,0.412,0.587,0.374
"2018-09-24 03:00:00",5899,0.381,0.36,0.423,0.435,0.438,0.412,0.588,0.377
"2018-09-24 03:30:00",5900,0.381,0.359,0.419,0.433,0.438,0.411,0.581,0.377
"2018-09-24 04:00:00",5901,0.38,0.363,0.418,0.437,0.437,0.412,0.577,0.381
"2018-09-24 04:30:00",5902,0.381,0.352,0.417,0.443,0.437,0.412,0.576,0.385
"2018-09-24 05:00:00",5903,0.381,0.348,0.417,0.446,0.437,0.412,0.575,0.395
"2018-09-24 05:30:00",5904,0.381,0.348,0.416,0.45,0.436,0.411,0.574,0.404
"2018-09-24 06:00:00",5905,0.381,0.351,0.417,0.451,0.436,0.411,0.575,0.391
"2018-09-24 06:30:00",5906,0.38,0.351,0.416,0.451,0.436,0.412,0.574,0.396
"2018-09-24 07:00:00",5907,0.38,0.356,0.417,0.45,0.436,0.412,0.576,0.401
"2018-09-24 07:30:00",5908,0.38,0.357,0.418,0.45,0.437,0.412,0.576,0.389
"2018-09-24 08:00:00",5909,0.38,0.365,0.418,0.449,0.437,0.412,0.577,0.389
"2018-09-24 08:30:00",5910,0.379,0.369,0.416,0.448,0.435,0.411,0.575,0.384
"2018-09-24 09:00:00",5911,0.379,0.362,0.415,0.448,0.433,0.41,0.574,0.378
"2018-09-24 09:30:00",5912,0.379,0.354,0.415,0.447,0.433,0.409,0.574,0.376
"2018-09-24 10:00:00",5913,0.378,0.383,0.417,0.445,0.434,0.409,0.575,0.387
"2018-09-24 10:30:00",5914,0.378,0.394,0.415,0.445,0.434,0.409,0.574,0.386
"2018-09-24 11:00:00",5915,0.378,0.396,0.417,0.446,0.434,0.409,0.573,0.395
"2018-09-24 11:30:00",5916,0.378,0.397,0.418,0.446,0.435,0.409,0.573,0.392
"2018-09-24 12:00:00",5917,0.379,0.396,0.418,0.446,0.434,0.41,0.572,0.381
"2018-09-24 12:30:00",5918,0.379,0.395,0.42,0.445,0.436,0.411,0.573,0.39
"2018-09-24 13:00:00",5919,0.381,0.397,0.419,0.448,0.436,0.412,0.571,0.398
"2018-09-24 13:30:00",5920,0.371,0.397,0.419,0.449,0.436,0.407,0.571,0.408
"2018-09-24 14:00:00",5921,0.346,0.39,0.413,0.436,0.428,0.386,0.573,0.419
"2018-09-24 14:30:00",5922,0.342,0.389,0.406,0.429,0.422,0.38,0.573,0.426
"2018-09-24 15:00:00",5923,0.362,0.399,0.408,0.439,0.43,0.393,0.573,0.428
"2018-09-24 15:30:00",5924,0.358,0.399,0.408,0.434,0.431,0.392,0.574,0.431
"2018-09-24 16:00:00",5925,0.342,0.391,0.396,0.41,0.42,0.38,0.575,0.432
"2018-09-24 16:30:00",5926,0.369,0.401,0.405,0.425,0.432,0.398,0.575,0.432
"2018-09-24 17:00:00",5927,0.395,0.414,0.422,0.455,0.445,0.419,0.577,0.434
"2018-09-24 17:30:00",5928,0.398,0.417,0.429,0.462,0.446,0.424,0.576,0.391
"2018-09-24 18:00:00",5929,0.392,0.411,0.429,0.461,0.446,0.425,0.576,0.385
"2018-09-24 18:30:00",5930,0.392,0.409,0.427,0.457,0.445,0.425,0.574,0.388
"2018-09-24 19:00:00",5931,0.389,0.369,0.423,0.446,0.443,0.422,0.569,0.367
"2018-09-24 19:30:00",5932,0.387,0.36,0.422,0.435,0.442,0.419,0.571,0.368
"2018-09-24 20:00:00",5933,0.384,0.372,0.424,0.433,0.442,0.416,0.573,0.37
"2018-09-24 20:30:00",5934,0.374,0.362,0.421,0.431,0.441,0.413,0.57,0.364
"2018-09-24 21:00:00",5935,0.373,0.377,0.42,0.431,0.439,0.41,0.571,0.377
"2018-09-24 21:30:00",5936,0.375,0.396,0.421,0.431,0.439,0.411,0.572,0.396
"2018-09-24 22:00:00",5937,0.379,0.402,0.422,0.433,0.439,0.412,0.573,0.408
"2018-09-24 22:30:00",5938,0.383,0.405,0.424,0.434,0.439,0.412,0.576,0.417
"2018-09-24 23:00:00",5939,0.388,0.408,0.426,0.437,0.439,0.413,0.577,0.418
"2018-09-24 23:30:00",5940,0.39,0.41,0.428,0.441,0.441,0.416,0.577,0.421
"2018-09-25 00:00:00",5941,0.386,0.412,0.429,0.447,0.443,0.417,0.578,0.425
"2018-09-25 00:30:00",5942,0.377,0.412,0.428,0.45,0.444,0.415,0.58,0.428
"2018-09-25 01:00:00",5943,0.375,0.412,0.427,0.451,0.446,0.417,0.581,0.432
"2018-09-25 01:30:00",5944,0.384,0.414,0.432,0.454,0.45,0.423,0.588,0.438
"2018-09-25 02:00:00",5945,0.393,0.416,0.435,0.458,0.451,0.426,0.592,0.44
"2018-09-25 02:30:00",5946,0.4,0.418,0.433,0.46,0.451,0.427,0.591,0.438
"2018-09-25 03:00:00",5947,0.402,0.418,0.43,0.46,0.45,0.425,0.591,0.436
"2018-09-25 03:30:00",5948,0.389,0.373,0.428,0.448,0.447,0.414,0.581,0.364
"2018-09-25 04:00:00",5949,0.379,0.354,0.425,0.433,0.444,0.392,0.581,0.364
"2018-09-25 04:30:00",5950,0.375,0.377,0.424,0.428,0.442,0.391,0.583,0.38
"2018-09-25 05:00:00",5951,0.374,0.392,0.424,0.425,0.441,0.394,0.585,0.377
"2018-09-25 05:30:00",5952,0.374,0.397,0.429,0.425,0.441,0.397,0.589,0.394
"2018-09-25 06:00:00",5953,0.377,0.398,0.428,0.427,0.441,0.398,0.591,0.412
"2018-09-25 06:30:00",5954,0.382,0.401,0.427,0.416,0.44,0.402,0.588,0.422
"2018-09-25 07:00:00",5955,0.385,0.402,0.43,0.417,0.44,0.405,0.589,0.428
"2018-09-25 07:30:00",5956,0.387,0.404,0.433,0.418,0.44,0.406,0.591,0.434
"2018-09-25 08:00:00",5957,0.389,0.406,0.432,0.421,0.44,0.409,0.592,0.435
"2018-09-25 08:30:00",5958,0.392,0.408,0.433,0.424,0.441,0.411,0.592,0.434
"2018-09-25 09:00:00",5959,0.394,0.41,0.435,0.428,0.442,0.413,0.592,0.435
"2018-09-25 09:30:00",5960,0.394,0.411,0.437,0.431,0.444,0.415,0.591,0.436
"2018-09-25 10:00:00",5961,0.392,0.412,0.437,0.433,0.445,0.415,0.591,0.437
"2018-09-25 10:30:00",5962,0.383,0.409,0.436,0.428,0.444,0.412,0.591,0.436
"2018-09-25 11:00:00",5963,0.368,0.402,0.429,0.407,0.439,0.406,0.589,0.434
"2018-09-25 11:30:00",5964,0.324,0.366,0.41,0.346,0.417,0.372,0.584,0.43
"2018-09-25 12:00:00",5965,0.299,0.336,0.39,0.326,0.384,0.339,0.58,0.43
"2018-09-25 12:30:00",5966,0.284,0.323,0.369,0.313,0.352,0.323,0.574,0.427
"2018-09-25 13:00:00",5967,0.277,0.316,0.357,0.307,0.339,0.316,0.565,0.42
"2018-09-25 13:30:00",5968,0.283,0.324,0.362,0.318,0.352,0.326,0.564,0.422
"2018-09-25 14:00:00",5969,0.279,0.32,0.358,0.317,0.354,0.322,0.564,0.425
"2018-09-25 14:30:00",5970,0.279,0.32,0.355,0.318,0.358,0.322,0.56,0.422
"2018-09-25 15:00:00",5971,0.288,0.33,0.364,0.33,0.376,0.334,0.564,0.427
"2018-09-25 15:30:00",5972,0.295,0.335,0.371,0.337,0.386,0.341,0.565,0.435
"2018-09-25 16:00:00",5973,0.296,0.336,0.372,0.339,0.39,0.343,0.557,0.436
"2018-09-25 16:30:00",5974,0.304,0.343,0.373,0.349,0.401,0.351,0.548,0.434
"2018-09-25 17:00:00",5975,0.313,0.352,0.381,0.359,0.411,0.36,0.545,0.435
"2018-09-25 17:30:00",5976,0.319,0.357,0.388,0.367,0.419,0.366,0.551,0.439
"2018-09-25 18:00:00",5977,0.332,0.368,0.398,0.383,0.433,0.377,0.56,0.442
"2018-09-25 18:30:00",5978,0.345,0.379,0.409,0.4,0.447,0.388,0.569,0.444
"2018-09-25 19:00:00",5979,0.358,0.389,0.417,0.415,0.459,0.399,0.576,0.447
"2018-09-25 19:30:00",5980,0.375,0.401,0.426,0.431,0.472,0.411,0.583,0.45
"2018-09-25 20:00:00",5981,0.388,0.408,0.433,0.445,0.48,0.418,0.588,0.452
"2018-09-25 20:30:00",5982,0.397,0.412,0.437,0.453,0.481,0.422,0.591,0.452
"2018-09-25 21:00:00",5983,0.402,0.415,0.437,0.457,0.483,0.425,0.593,0.451
"2018-09-25 21:30:00",5984,0.402,0.416,0.437,0.458,0.483,0.425,0.595,0.451
"2018-09-25 22:00:00",5985,0.401,0.417,0.435,0.458,0.483,0.426,0.596,0.449
"2018-09-25 22:30:00",5986,0.402,0.421,0.438,0.459,0.484,0.427,0.599,0.45
"2018-09-25 23:00:00",5987,0.406,0.423,0.439,0.461,0.485,0.428,0.6,0.451
"2018-09-25 23:30:00",5988,0.408,0.425,0.439,0.461,0.482,0.427,0.6,0.452
"2018-09-26 00:00:00",5989,0.409,0.427,0.436,0.461,0.48,0.427,0.601,0.451
"2018-09-26 00:30:00",5990,0.408,0.429,0.438,0.461,0.478,0.425,0.602,0.452
"2018-09-26 01:00:00",5991,0.408,0.432,0.438,0.461,0.475,0.425,0.604,0.452
"2018-09-26 01:30:00",5992,0.408,0.434,0.439,0.462,0.469,0.43,0.605,0.453
"2018-09-26 02:00:00",5993,0.409,0.435,0.439,0.462,0.465,0.431,0.605,0.454
"2018-09-26 02:30:00",5994,0.409,0.436,0.439,0.462,0.464,0.43,0.605,0.453
"2018-09-26 03:00:00",5995,0.409,0.436,0.44,0.462,0.462,0.428,0.605,0.453
"2018-09-26 03:30:00",5996,0.409,0.437,0.439,0.462,0.462,0.427,0.606,0.453
"2018-09-26 04:00:00",5997,0.409,0.438,0.44,0.463,0.461,0.426,0.606,0.453
"2018-09-26 04:30:00",5998,0.409,0.438,0.44,0.463,0.459,0.425,0.606,0.453
"2018-09-26 05:00:00",5999,0.408,0.438,0.441,0.463,0.459,0.424,0.606,0.453
"2018-09-26 05:30:00",6000,0.407,0.438,0.44,0.462,0.457,0.423,0.606,0.453
"2018-09-26 06:00:00",6001,0.407,0.438,0.442,0.462,0.456,0.421,0.606,0.452
"2018-09-26 06:30:00",6002,0.407,0.439,0.443,0.461,0.455,0.421,0.606,0.453
"2018-09-26 07:00:00",6003,0.407,0.44,0.444,0.462,0.455,0.421,0.607,0.453
"2018-09-26 07:30:00",6004,0.408,0.441,0.446,0.463,0.454,0.421,0.606,0.453
"2018-09-26 08:00:00",6005,0.407,0.441,0.447,0.464,0.454,0.422,0.606,0.452
"2018-09-26 08:30:00",6006,0.401,0.441,0.446,0.462,0.453,0.42,0.605,0.451
"2018-09-26 09:00:00",6007,0.379,0.432,0.441,0.441,0.448,0.411,0.604,0.451
"2018-09-26 09:30:00",6008,0.348,0.415,0.433,0.41,0.438,0.393,0.601,0.451
"2018-09-26 10:00:00",6009,0.317,0.383,0.411,0.371,0.406,0.363,0.596,0.449
"2018-09-26 10:30:00",6010,0.306,0.366,0.394,0.355,0.381,0.346,0.589,0.449
"2018-09-26 11:00:00",6011,0.294,0.358,0.384,0.338,0.366,0.333,0.571,0.445
"2018-09-26 11:30:00",6012,0.287,0.352,0.373,0.335,0.346,0.322,0.546,0.438
"2018-09-26 12:00:00",6013,0.282,0.347,0.368,0.33,0.337,0.314,0.528,0.43
"2018-09-26 12:30:00",6014,0.28,0.346,0.365,0.329,0.335,0.312,0.517,0.417
"2018-09-26 13:00:00",6015,0.275,0.342,0.361,0.324,0.337,0.306,0.511,0.406
"2018-09-26 13:30:00",6016,0.279,0.348,0.364,0.33,0.351,0.313,0.51,0.402
"2018-09-26 14:00:00",6017,0.277,0.348,0.365,0.331,0.354,0.311,0.512,0.405
"2018-09-26 14:30:00",6018,0.275,0.347,0.363,0.33,0.355,0.309,0.512,0.405
"2018-09-26 15:00:00",6019,0.274,0.347,0.362,0.328,0.356,0.308,0.512,0.404
"2018-09-26 15:30:00",6020,0.277,0.35,0.364,0.33,0.36,0.311,0.513,0.404
"2018-09-26 16:00:00",6021,0.284,0.357,0.37,0.338,0.369,0.317,0.519,0.41
"2018-09-26 16:30:00",6022,0.292,0.365,0.377,0.348,0.379,0.325,0.526,0.417
"2018-09-26 17:00:00",6023,0.293,0.367,0.378,0.352,0.381,0.325,0.535,0.422
"2018-09-26 17:30:00",6024,0.306,0.38,0.387,0.366,0.396,0.338,0.545,0.427
"2018-09-26 18:00:00",6025,0.33,0.405,0.406,0.392,0.425,0.364,0.556,0.437
"2018-09-26 18:30:00",6026,0.348,0.424,0.422,0.414,0.447,0.381,0.569,0.445
"2018-09-26 19:00:00",6027,0.365,0.437,0.431,0.431,0.461,0.395,0.578,0.45
"2018-09-26 19:30:00",6028,0.379,0.447,0.439,0.445,0.467,0.406,0.586,0.453
"2018-09-26 20:00:00",6029,0.375,0.449,0.432,0.446,0.463,0.406,0.585,0.417
"2018-09-26 20:30:00",6030,0.377,0.448,0.438,0.452,0.467,0.395,0.587,0.357
"2018-09-26 21:00:00",6031,0.38,0.441,0.443,0.445,0.471,0.396,0.595,0.374
"2018-09-26 21:30:00",6032,0.378,0.404,0.442,0.441,0.47,0.399,0.597,0.383
"2018-09-26 22:00:00",6033,0.378,0.396,0.442,0.437,0.467,0.399,0.601,0.415
"2018-09-26 22:30:00",6034,0.381,0.388,0.437,0.437,0.463,0.398,0.603,0.432
"2018-09-26 23:00:00",6035,0.383,0.397,0.433,0.438,0.459,0.399,0.603,0.44
"2018-09-26 23:30:00",6036,0.386,0.4,0.432,0.441,0.457,0.401,0.605,0.445
"2018-09-27 00:00:00",6037,0.389,0.402,0.431,0.443,0.453,0.403,0.605,0.448
"2018-09-27 00:30:00",6038,0.392,0.403,0.431,0.445,0.449,0.401,0.607,0.45
"2018-09-27 01:00:00",6039,0.394,0.405,0.43,0.448,0.447,0.403,0.606,0.452
"2018-09-27 01:30:00",6040,0.395,0.406,0.428,0.451,0.446,0.404,0.607,0.453
"2018-09-27 02:00:00",6041,0.394,0.407,0.428,0.454,0.445,0.407,0.608,0.455
"2018-09-27 02:30:00",6042,0.385,0.407,0.422,0.457,0.443,0.413,0.607,0.454
"2018-09-27 03:00:00",6043,0.369,0.405,0.419,0.458,0.439,0.412,0.609,0.456
"2018-09-27 03:30:00",6044,0.364,0.404,0.419,0.456,0.436,0.411,0.611,0.458
"2018-09-27 04:00:00",6045,0.362,0.401,0.415,0.454,0.433,0.407,0.612,0.459
"2018-09-27 04:30:00",6046,0.35,0.396,0.408,0.447,0.428,0.399,0.611,0.457
"2018-09-27 05:00:00",6047,0.344,0.39,0.402,0.44,0.422,0.393,0.612,0.459
"2018-09-27 05:30:00",6048,0.343,0.388,0.397,0.436,0.418,0.387,0.609,0.455
"2018-09-27 06:00:00",6049,0.333,0.382,0.392,0.424,0.411,0.379,0.61,0.456
"2018-09-27 06:30:00",6050,0.327,0.377,0.388,0.413,0.404,0.373,0.612,0.458
"2018-09-27 07:00:00",6051,0.32,0.375,0.385,0.402,0.395,0.365,0.61,0.456
"2018-09-27 07:30:00",6052,0.315,0.375,0.381,0.391,0.388,0.358,0.607,0.454
"2018-09-27 08:00:00",6053,0.311,0.374,0.378,0.384,0.382,0.354,0.603,0.453
"2018-09-27 08:30:00",6054,0.309,0.373,0.377,0.38,0.377,0.35,0.601,0.454
"2018-09-27 09:00:00",6055,0.312,0.378,0.379,0.383,0.381,0.354,0.594,0.452
"2018-09-27 09:30:00",6056,0.31,0.377,0.377,0.378,0.379,0.353,0.584,0.45
"2018-09-27 10:00:00",6057,0.295,0.363,0.365,0.358,0.359,0.339,0.57,0.442
"2018-09-27 10:30:00",6058,0.296,0.362,0.364,0.358,0.356,0.337,0.56,0.442
"2018-09-27 11:00:00",6059,0.296,0.363,0.366,0.36,0.359,0.339,0.552,0.44
"2018-09-27 11:30:00",6060,0.297,0.364,0.367,0.358,0.36,0.342,0.548,0.439
"2018-09-27 12:00:00",6061,0.296,0.364,0.366,0.358,0.36,0.34,0.547,0.44
"2018-09-27 12:30:00",6062,0.296,0.364,0.367,0.357,0.359,0.34,0.549,0.443
"2018-09-27 13:00:00",6063,0.296,0.363,0.367,0.356,0.358,0.34,0.55,0.446
"2018-09-27 13:30:00",6064,0.295,0.364,0.366,0.356,0.359,0.339,0.549,0.445
"2018-09-27 14:00:00",6065,0.293,0.363,0.366,0.353,0.36,0.34,0.55,0.448
"2018-09-27 14:30:00",6066,0.292,0.361,0.364,0.351,0.356,0.337,0.549,0.45
"2018-09-27 15:00:00",6067,0.29,0.361,0.362,0.349,0.354,0.337,0.543,0.448
"2018-09-27 15:30:00",6068,0.292,0.362,0.361,0.351,0.354,0.337,0.539,0.445
"2018-09-27 16:00:00",6069,0.294,0.366,0.365,0.355,0.359,0.339,0.541,0.448
"2018-09-27 16:30:00",6070,0.305,0.377,0.372,0.366,0.369,0.349,0.547,0.453
"2018-09-27 17:00:00",6071,0.315,0.388,0.38,0.379,0.381,0.36,0.556,0.458
"2018-09-27 17:30:00",6072,0.333,0.402,0.39,0.396,0.394,0.373,0.567,0.463
"2018-09-27 18:00:00",6073,0.363,0.42,0.402,0.424,0.41,0.39,0.576,0.466
"2018-09-27 18:30:00",6074,0.379,0.429,0.408,0.439,0.416,0.399,0.58,0.466
"2018-09-27 19:00:00",6075,0.386,0.433,0.412,0.446,0.418,0.402,0.59,0.468
"2018-09-27 19:30:00",6076,0.387,0.434,0.415,0.447,0.417,0.402,0.598,0.473
"2018-09-27 20:00:00",6077,0.386,0.434,0.415,0.446,0.415,0.401,0.605,0.476
"2018-09-27 20:30:00",6078,0.383,0.433,0.412,0.444,0.411,0.4,0.605,0.475
"2018-09-27 21:00:00",6079,0.381,0.432,0.41,0.441,0.408,0.399,0.604,0.473
"2018-09-27 21:30:00",6080,0.38,0.431,0.407,0.439,0.404,0.4,0.598,0.47
"2018-09-27 22:00:00",6081,0.379,0.43,0.406,0.436,0.402,0.399,0.596,0.469
"2018-09-27 22:30:00",6082,0.378,0.429,0.402,0.433,0.401,0.399,0.593,0.466
"2018-09-27 23:00:00",6083,0.378,0.429,0.403,0.433,0.401,0.399,0.593,0.468
"2018-09-27 23:30:00",6084,0.377,0.428,0.403,0.432,0.401,0.399,0.594,0.472
"2018-09-28 00:00:00",6085,0.375,0.427,0.402,0.432,0.4,0.398,0.596,0.473
"2018-09-28 00:30:00",6086,0.375,0.427,0.401,0.431,0.4,0.397,0.597,0.474
"2018-09-28 01:00:00",6087,0.377,0.426,0.401,0.431,0.399,0.395,0.599,0.476
"2018-09-28 01:30:00",6088,0.376,0.424,0.398,0.428,0.397,0.391,0.604,0.478
"2018-09-28 02:00:00",6089,0.371,0.421,0.393,0.424,0.394,0.388,0.604,0.426
"2018-09-28 02:30:00",6090,0.367,0.419,0.392,0.421,0.392,0.386,0.603,0.426
"2018-09-28 03:00:00",6091,0.359,0.417,0.389,0.418,0.39,0.385,0.599,0.383
"2018-09-28 03:30:00",6092,0.342,0.408,0.388,0.409,0.389,0.382,0.596,0.365
"2018-09-28 04:00:00",6093,0.338,0.35,0.385,0.401,0.386,0.378,0.597,0.379
"2018-09-28 04:30:00",6094,0.333,0.344,0.376,0.396,0.383,0.372,0.598,0.382
"2018-09-28 05:00:00",6095,0.331,0.347,0.375,0.393,0.381,0.366,0.601,0.403
"2018-09-28 05:30:00",6096,0.328,0.349,0.374,0.391,0.381,0.361,0.602,0.425
"2018-09-28 06:00:00",6097,0.327,0.35,0.372,0.39,0.379,0.359,0.602,0.435
"2018-09-28 06:30:00",6098,0.328,0.349,0.37,0.389,0.377,0.359,0.604,0.444
"2018-09-28 07:00:00",6099,0.332,0.35,0.369,0.388,0.376,0.359,0.604,0.447
"2018-09-28 07:30:00",6100,0.337,0.352,0.369,0.39,0.375,0.362,0.605,0.451
"2018-09-28 08:00:00",6101,0.339,0.353,0.37,0.393,0.374,0.364,0.606,0.454
"2018-09-28 08:30:00",6102,0.338,0.352,0.369,0.394,0.373,0.363,0.608,0.456
"2018-09-28 09:00:00",6103,0.329,0.348,0.366,0.393,0.369,0.358,0.607,0.457
"2018-09-28 09:30:00",6104,0.311,0.338,0.356,0.375,0.359,0.345,0.606,0.458
"2018-09-28 10:00:00",6105,0.295,0.33,0.345,0.361,0.352,0.336,0.604,0.457
"2018-09-28 10:30:00",6106,0.274,0.313,0.327,0.335,0.332,0.318,0.601,0.456
"2018-09-28 11:00:00",6107,0.253,0.291,0.309,0.303,0.304,0.294,0.595,0.454
"2018-09-28 11:30:00",6108,0.241,0.278,0.297,0.289,0.287,0.279,0.587,0.452
"2018-09-28 12:00:00",6109,0.232,0.268,0.285,0.279,0.278,0.267,0.572,0.447
"2018-09-28 12:30:00",6110,0.223,0.259,0.275,0.269,0.266,0.255,0.551,0.44
"2018-09-28 13:00:00",6111,0.21,0.244,0.262,0.253,0.249,0.236,0.527,0.427
"2018-09-28 13:30:00",6112,0.201,0.233,0.251,0.243,0.243,0.226,0.514,0.417
"2018-09-28 14:00:00",6113,0.187,0.219,0.236,0.227,0.233,0.21,0.51,0.412
"2018-09-28 14:30:00",6114,0.171,0.201,0.218,0.208,0.215,0.192,0.505,0.407
"2018-09-28 15:00:00",6115,0.154,0.184,0.198,0.187,0.196,0.173,0.504,0.402
"2018-10-02 10:00:00",6116,0.277,0.311,0.329,0.302,0.323,0.299,0.462,0.368
