TOA5,CR1000-FRESH2,CR1000,86614,CR1000.Std.31.03,CPU:Sapflow_SERC.CR1,28068,Table1,,
TIMESTAMP,RECORD,DiffVolt_Avg(1),DiffVolt_Avg(2),DiffVolt_Avg(3),DiffVolt_Avg(4),DiffVolt_Avg(5),DiffVolt_Avg(6),DiffVolt_Avg(7),DiffVolt_Avg(8)
TS,RN,mV,mV,mV,mV,mV,mV,mV,mV
,,Avg,Avg,Avg,Avg,Avg,Avg,Avg,Avg
5/9/2018 10:30,0,0.431,0.46,0.301,0.435,0.479,0.485,NAN,NAN
5/10/2018 13:30,1,0.398,0.443,0.329,0.404,0.441,0.465,0.489,0.457
5/10/2018 14:00,2,0.413,0.472,0.324,0.419,0.46,0.477,0.46,0.473
5/10/2018 14:30,3,0.411,0.474,0.299,0.417,0.464,0.482,0.482,0.466
5/10/2018 15:00,4,0.419,0.487,0.307,0.427,0.475,0.492,0.526,0.474
5/10/2018 15:30,5,0.424,0.5,0.305,0.433,0.482,0.494,0.527,0.477
5/10/2018 16:00,6,0.437,0.518,0.339,0.446,0.493,0.504,0.532,0.484
5/10/2018 16:30,7,0.455,0.536,0.37,0.462,0.508,0.518,0.535,0.493
5/10/2018 17:00,8,0.483,0.556,0.425,0.487,0.532,0.544,0.555,0.522
5/10/2018 17:30,9,0.504,0.571,0.452,0.504,0.548,0.56,0.562,0.537
5/10/2018 18:00,10,0.529,0.586,0.496,0.522,0.567,0.579,0.575,0.56
5/10/2018 18:30,11,0.551,0.597,0.517,0.539,0.583,0.596,0.583,0.579
5/10/2018 19:00,12,0.562,0.608,0.55,0.551,0.593,0.607,0.589,0.591
5/10/2018 19:30,13,0.565,0.612,0.56,0.554,0.596,0.61,0.594,0.598
5/10/2018 20:00,14,0.573,0.614,0.572,0.556,0.598,0.611,0.595,0.604
5/10/2018 20:30,15,0.58,0.617,0.568,0.56,0.605,0.617,0.599,0.608
5/10/2018 21:00,16,0.584,0.621,0.592,0.565,0.611,0.623,0.598,0.609
5/10/2018 21:30,17,0.587,0.624,0.61,0.568,0.615,0.627,0.6,0.611
5/10/2018 22:00,18,0.59,0.626,0.622,0.57,0.617,0.63,0.602,0.612
5/10/2018 22:30,19,0.592,0.627,0.631,0.572,0.619,0.631,0.604,0.613
5/10/2018 23:00,20,0.594,0.629,0.637,0.573,0.621,0.633,0.605,0.615
5/10/2018 23:30,21,0.595,0.629,0.644,0.573,0.622,0.634,0.606,0.616
5/11/2018 0:00,22,0.596,0.629,0.649,0.574,0.622,0.635,0.608,0.617
5/11/2018 0:30,23,0.597,0.63,0.653,0.574,0.623,0.636,0.609,0.618
5/11/2018 1:00,24,0.598,0.63,0.658,0.574,0.623,0.636,0.611,0.619
5/11/2018 1:30,25,0.598,0.63,0.667,0.574,0.624,0.636,0.613,0.62
5/11/2018 2:00,26,0.599,0.629,0.669,0.575,0.624,0.636,0.613,0.62
5/11/2018 2:30,27,0.6,0.63,0.674,0.575,0.624,0.637,0.616,0.621
5/11/2018 3:00,28,0.6,0.63,0.674,0.575,0.625,0.638,0.616,0.622
5/11/2018 3:30,29,0.6,0.63,0.671,0.576,0.625,0.638,0.617,0.622
5/11/2018 4:00,30,0.601,0.63,0.68,0.576,0.625,0.638,0.617,0.622
5/11/2018 4:30,31,0.601,0.63,0.688,0.576,0.625,0.638,0.617,0.622
5/11/2018 5:00,32,0.601,0.629,0.691,0.576,0.625,0.638,0.618,0.623
5/11/2018 5:30,33,0.602,0.629,0.691,0.576,0.625,0.639,0.619,0.624
5/11/2018 6:00,34,0.603,0.629,0.692,0.576,0.625,0.639,0.619,0.624
5/11/2018 6:30,35,0.603,0.629,0.694,0.576,0.626,0.639,0.62,0.624
5/11/2018 7:00,36,0.601,0.629,0.678,0.576,0.626,0.638,0.62,0.624
5/11/2018 7:30,37,0.584,0.627,0.641,0.573,0.624,0.633,0.62,0.622
5/11/2018 8:00,38,0.55,0.617,0.57,0.558,0.609,0.612,0.619,0.618
5/11/2018 8:30,39,0.515,0.595,0.499,0.525,0.58,0.572,0.617,0.614
5/11/2018 9:00,40,0.493,0.574,0.456,0.5,0.558,0.545,0.612,0.607
5/11/2018 9:30,41,0.482,0.566,0.429,0.486,0.548,0.533,0.607,0.592
5/11/2018 10:00,42,0.474,0.557,0.414,0.475,0.539,0.524,0.599,0.566
5/11/2018 10:30,43,0.469,0.55,0.389,0.467,0.531,0.516,0.588,0.536
5/11/2018 11:00,44,0.465,0.546,0.377,0.461,0.525,0.512,0.573,0.507
5/11/2018 11:30,45,0.463,0.543,0.357,0.457,0.52,0.507,0.559,0.481
5/11/2018 12:00,46,0.461,0.542,0.336,0.455,0.518,0.503,0.546,0.463
5/11/2018 12:30,47,0.465,0.55,0.36,0.463,0.524,0.51,0.542,0.47
5/11/2018 13:00,48,0.462,0.543,0.337,0.456,0.518,0.505,0.534,0.459
5/11/2018 13:30,49,0.46,0.541,0.328,0.454,0.516,0.503,0.53,0.456
5/11/2018 14:00,50,0.46,0.542,0.32,0.453,0.516,0.503,0.528,0.457
5/11/2018 14:30,51,0.461,0.541,0.314,0.454,0.516,0.503,0.526,0.461
5/11/2018 15:00,52,0.463,0.542,0.319,0.454,0.517,0.504,0.525,0.468
5/11/2018 15:30,53,0.464,0.542,0.311,0.454,0.517,0.503,0.526,0.471
5/11/2018 16:00,54,0.467,0.544,0.323,0.457,0.519,0.505,0.53,0.472
5/11/2018 16:30,55,0.473,0.548,0.329,0.463,0.523,0.509,0.537,0.473
5/11/2018 17:00,56,0.48,0.554,0.35,0.47,0.527,0.519,0.544,0.479
5/11/2018 17:30,57,0.492,0.563,0.379,0.483,0.536,0.531,0.549,0.491
5/11/2018 18:00,58,0.499,0.564,0.386,0.487,0.54,0.534,0.552,0.5
5/11/2018 18:30,59,0.517,0.574,0.426,0.498,0.552,0.548,0.561,0.523
5/11/2018 19:00,60,0.539,0.588,0.459,0.52,0.572,0.569,0.571,0.545
5/11/2018 19:30,61,0.557,0.599,0.496,0.536,0.586,0.585,0.582,0.567
5/11/2018 20:00,62,0.581,0.615,0.555,0.554,0.605,0.607,0.594,0.585
5/11/2018 20:30,63,0.597,0.625,0.59,0.566,0.619,0.622,0.601,0.598
5/11/2018 21:00,64,0.606,0.63,0.615,0.573,0.627,0.63,0.606,0.606
5/11/2018 21:30,65,0.61,0.633,0.632,0.576,0.631,0.634,0.61,0.611
5/11/2018 22:00,66,0.613,0.635,0.644,0.578,0.634,0.637,0.614,0.616
5/11/2018 22:30,67,0.615,0.636,0.655,0.579,0.636,0.639,0.616,0.619
5/11/2018 23:00,68,0.617,0.637,0.663,0.581,0.637,0.641,0.618,0.623
5/11/2018 23:30,69,0.618,0.637,0.671,0.582,0.638,0.642,0.619,0.625
5/12/2018 0:00,70,0.619,0.638,0.67,0.583,0.639,0.643,0.621,0.625
5/12/2018 0:30,71,0.619,0.639,0.673,0.584,0.64,0.644,0.621,0.627
5/12/2018 1:00,72,0.619,0.64,0.67,0.584,0.641,0.645,0.623,0.628
5/12/2018 1:30,73,0.62,0.64,0.671,0.585,0.641,0.645,0.623,0.629
5/12/2018 2:00,74,0.619,0.64,0.665,0.586,0.642,0.644,0.623,0.629
5/12/2018 2:30,75,0.619,0.641,0.671,0.585,0.642,0.645,0.624,0.629
5/12/2018 3:00,76,0.619,0.641,0.673,0.585,0.642,0.645,0.624,0.629
5/12/2018 3:30,77,0.619,0.641,0.671,0.586,0.642,0.645,0.623,0.629
5/12/2018 4:00,78,0.619,0.642,0.667,0.587,0.642,0.645,0.623,0.629
5/12/2018 4:30,79,0.619,0.642,0.665,0.586,0.641,0.645,0.623,0.628
5/12/2018 5:00,80,0.619,0.642,0.67,0.586,0.642,0.645,0.623,0.629
5/12/2018 5:30,81,0.618,0.639,0.669,0.585,0.642,0.643,0.622,0.628
5/12/2018 6:00,82,0.618,0.639,0.676,0.585,0.642,0.643,0.622,0.628
5/12/2018 6:30,83,0.618,0.64,0.679,0.585,0.642,0.644,0.623,0.629
5/12/2018 7:00,84,0.616,0.633,0.674,0.586,0.643,0.637,0.624,0.627
5/12/2018 7:30,85,0.606,0.625,0.644,0.583,0.643,0.63,0.624,0.621
5/12/2018 8:00,86,0.582,0.617,0.582,0.571,0.635,0.614,0.622,0.617
5/12/2018 8:30,87,0.558,0.604,0.535,0.55,0.619,0.591,0.621,0.613
5/12/2018 9:00,88,0.532,0.587,0.501,0.527,0.596,0.563,0.62,0.607
5/12/2018 9:30,89,0.523,0.577,0.488,0.512,0.581,0.551,0.618,0.595
5/12/2018 10:00,90,0.523,0.577,0.49,0.509,0.579,0.551,0.615,0.58
5/12/2018 10:30,91,0.509,0.569,0.461,0.5,0.568,0.54,0.61,0.565
5/12/2018 11:00,92,0.495,0.561,0.437,0.487,0.553,0.526,0.606,0.543
5/12/2018 11:30,93,0.486,0.555,0.416,0.476,0.543,0.518,0.595,0.512
5/12/2018 12:00,94,0.488,0.557,0.411,0.473,0.542,0.521,0.579,0.49
5/12/2018 12:30,95,0.491,0.559,0.41,0.476,0.545,0.523,0.57,0.485
5/12/2018 13:00,96,0.49,0.556,0.405,0.474,0.543,0.518,0.562,0.484
5/12/2018 13:30,97,0.482,0.549,0.381,0.466,0.535,0.51,0.554,0.477
5/12/2018 14:00,98,0.487,0.552,0.389,0.467,0.538,0.516,0.547,0.478
5/12/2018 14:30,99,0.483,0.549,0.378,0.464,0.534,0.512,0.543,0.48
5/12/2018 15:00,100,0.479,0.548,0.364,0.461,0.531,0.509,0.54,0.485
5/12/2018 15:30,101,0.48,0.549,0.359,0.462,0.532,0.51,0.538,0.489
5/12/2018 16:00,102,0.482,0.552,0.357,0.463,0.533,0.513,0.542,0.493
5/12/2018 16:30,103,0.483,0.555,0.355,0.467,0.534,0.517,0.547,0.492
5/12/2018 17:00,104,0.482,0.556,0.351,0.468,0.534,0.517,0.549,0.489
5/12/2018 17:30,105,0.493,0.564,0.398,0.48,0.542,0.531,0.556,0.502
5/12/2018 18:00,106,0.512,0.577,0.422,0.497,0.557,0.546,0.565,0.523
5/12/2018 18:30,107,0.524,0.584,0.451,0.506,0.564,0.556,0.572,0.543
5/12/2018 19:00,108,0.548,0.598,0.493,0.524,0.583,0.576,0.58,0.564
5/12/2018 19:30,109,0.576,0.614,0.537,0.547,0.606,0.601,0.589,0.582
5/12/2018 20:00,110,0.596,0.627,0.573,0.564,0.625,0.619,0.598,0.596
5/12/2018 20:30,111,0.607,0.633,0.577,0.573,0.635,0.629,0.604,0.604
5/12/2018 21:00,112,0.604,0.623,0.561,0.57,0.631,0.619,0.604,0.598
5/12/2018 21:30,113,0.606,0.617,0.596,0.57,0.626,0.609,0.524,0.51
5/12/2018 22:00,114,0.606,0.54,0.534,0.567,0.617,0.602,0.489,0.518
5/12/2018 22:30,115,0.61,0.511,0.548,0.557,0.627,0.612,0.527,0.556
5/12/2018 23:00,116,0.612,0.512,0.557,0.567,0.633,0.617,0.546,0.574
5/12/2018 23:30,117,0.614,0.516,0.563,0.572,0.634,0.622,0.549,0.579
5/13/2018 0:00,118,0.616,0.518,0.576,0.573,0.635,0.624,0.551,0.581
5/13/2018 0:30,119,0.616,0.52,0.581,0.574,0.636,0.626,0.554,0.585
5/13/2018 1:00,120,0.617,0.526,0.585,0.575,0.636,0.63,0.555,0.589
5/13/2018 1:30,121,0.618,0.528,0.591,0.575,0.636,0.63,0.558,0.591
5/13/2018 2:00,122,0.618,0.529,0.598,0.576,0.636,0.63,0.56,0.591
5/13/2018 2:30,123,0.617,0.524,0.594,0.578,0.637,0.626,0.561,0.594
5/13/2018 3:00,124,0.615,0.519,0.593,0.576,0.636,0.619,0.558,0.589
5/13/2018 3:30,125,0.614,0.518,0.595,0.576,0.635,0.618,0.556,0.586
5/13/2018 4:00,126,0.613,0.517,0.599,0.576,0.636,0.618,0.555,0.581
5/13/2018 4:30,127,0.614,0.518,0.601,0.577,0.636,0.619,0.555,0.579
5/13/2018 5:00,128,0.615,0.52,0.604,0.577,0.637,0.62,0.555,0.583
5/13/2018 5:30,129,0.616,0.523,0.61,0.578,0.637,0.62,0.556,0.587
5/13/2018 6:00,130,0.617,0.527,0.609,0.577,0.637,0.625,0.53,0.558
5/13/2018 6:30,131,0.617,0.517,0.609,0.578,0.638,0.618,0.484,0.524
5/13/2018 7:00,132,0.617,0.493,0.591,0.578,0.638,0.605,0.491,0.528
5/13/2018 7:30,133,0.616,0.489,0.557,0.531,0.639,0.603,0.502,0.546
5/13/2018 8:00,134,0.616,0.493,0.552,0.494,0.639,0.608,0.527,0.567
5/13/2018 8:30,135,0.617,0.499,0.55,0.501,0.64,0.611,0.54,0.578
5/13/2018 9:00,136,0.617,0.502,0.547,0.489,0.642,0.613,0.545,0.581
5/13/2018 9:30,137,0.617,0.507,0.55,0.478,0.642,0.617,0.547,0.583
5/13/2018 10:00,138,0.619,0.51,0.557,0.489,0.643,0.619,0.548,0.584
5/13/2018 10:30,139,0.616,0.505,0.565,0.492,0.643,0.612,0.547,0.573
5/13/2018 11:00,140,0.615,0.503,0.566,0.492,0.643,0.611,0.543,0.568
5/13/2018 11:30,141,0.618,0.509,0.574,0.477,0.643,0.62,0.54,0.558
5/13/2018 12:00,142,0.619,0.513,0.576,0.475,0.644,0.622,0.545,0.561
5/13/2018 12:30,143,0.618,0.515,0.572,0.486,0.644,0.621,0.546,0.571
5/13/2018 13:00,144,0.619,0.517,0.575,0.491,0.645,0.623,0.546,0.576
5/13/2018 13:30,145,0.619,0.517,0.581,0.494,0.646,0.622,0.545,0.576
5/13/2018 14:00,146,0.618,0.513,0.597,0.496,0.646,0.618,0.543,0.572
5/13/2018 14:30,147,0.619,0.513,0.602,0.499,0.646,0.62,0.543,0.575
5/13/2018 15:00,148,0.619,0.514,0.6,0.501,0.645,0.621,0.542,0.576
5/13/2018 15:30,149,0.62,0.515,0.599,0.502,0.645,0.622,0.543,0.577
5/13/2018 16:00,150,0.621,0.516,0.597,0.502,0.645,0.624,0.544,0.577
5/13/2018 16:30,151,0.62,0.517,0.589,0.502,0.644,0.624,0.546,0.58
5/13/2018 17:00,152,0.619,0.518,0.576,0.508,0.641,0.623,0.548,0.584
5/13/2018 17:30,153,0.618,0.519,0.571,0.514,0.638,0.623,0.55,0.587
5/13/2018 18:00,154,0.618,0.52,0.574,0.521,0.639,0.623,0.552,0.59
5/13/2018 18:30,155,0.617,0.52,0.566,0.524,0.636,0.621,0.552,0.589
5/13/2018 19:00,156,0.617,0.521,0.569,0.529,0.637,0.621,0.554,0.591
5/13/2018 19:30,157,0.618,0.524,0.576,0.538,0.638,0.623,0.555,0.593
5/13/2018 20:00,158,0.621,0.527,0.588,0.548,0.642,0.625,0.556,0.594
5/13/2018 20:30,159,0.623,0.528,0.597,0.557,0.645,0.628,0.556,0.594
5/13/2018 21:00,160,0.624,0.529,0.605,0.563,0.647,0.629,0.555,0.594
5/13/2018 21:30,161,0.624,0.533,0.614,0.568,0.648,0.629,0.556,0.595
5/13/2018 22:00,162,0.624,0.531,0.618,0.57,0.649,0.629,0.555,0.592
5/13/2018 22:30,163,0.624,0.532,0.62,0.571,0.649,0.629,0.554,0.587
5/13/2018 23:00,164,0.621,0.52,0.596,0.559,0.644,0.62,0.514,0.532
5/13/2018 23:30,165,0.619,0.488,0.533,0.532,0.645,0.598,0.491,0.537
5/14/2018 0:00,166,0.616,0.487,0.535,0.532,0.641,0.601,0.517,0.559
5/14/2018 0:30,167,0.615,0.492,0.558,0.533,0.64,0.607,0.533,0.573
5/14/2018 1:00,168,0.615,0.496,0.564,0.536,0.64,0.612,0.541,0.58
5/14/2018 1:30,169,0.614,0.5,0.568,0.54,0.64,0.616,0.545,0.585
5/14/2018 2:00,170,0.615,0.504,0.571,0.545,0.641,0.619,0.547,0.587
5/14/2018 2:30,171,0.614,0.507,0.579,0.55,0.641,0.621,0.549,0.589
5/14/2018 3:00,172,0.614,0.509,0.585,0.554,0.641,0.622,0.548,0.59
5/14/2018 3:30,173,0.613,0.511,0.587,0.558,0.641,0.623,0.548,0.591
5/14/2018 4:00,174,0.614,0.513,0.59,0.562,0.641,0.624,0.548,0.59
5/14/2018 4:30,175,0.615,0.515,0.593,0.566,0.641,0.626,0.548,0.591
5/14/2018 5:00,176,0.615,0.518,0.595,0.568,0.642,0.628,0.55,0.591
5/14/2018 5:30,177,0.616,0.519,0.599,0.57,0.642,0.63,0.551,0.592
5/14/2018 6:00,178,0.615,0.518,0.599,0.57,0.641,0.63,0.551,0.592
5/14/2018 6:30,179,0.615,0.519,0.602,0.571,0.641,0.631,0.551,0.592
5/14/2018 7:00,180,0.615,0.519,0.603,0.571,0.641,0.63,0.55,0.591
5/14/2018 7:30,181,0.614,0.519,0.604,0.572,0.641,0.631,0.552,0.592
5/14/2018 8:00,182,0.614,0.52,0.603,0.572,0.642,0.632,0.551,0.592
5/14/2018 8:30,183,0.616,0.521,0.601,0.573,0.642,0.633,0.55,0.591
5/14/2018 9:00,184,0.618,0.523,0.599,0.574,0.643,0.633,0.55,0.591
5/14/2018 9:30,185,0.618,0.522,0.596,0.575,0.644,0.632,0.549,0.59
5/14/2018 10:00,186,0.619,0.523,0.589,0.576,0.645,0.632,0.55,0.591
5/14/2018 10:30,187,0.62,0.524,0.58,0.576,0.646,0.632,0.55,0.591
5/14/2018 11:00,188,0.62,0.525,0.567,0.575,0.647,0.634,0.548,0.591
5/14/2018 11:30,189,0.62,0.523,0.551,0.572,0.645,0.631,0.546,0.587
5/14/2018 12:00,190,0.618,0.522,0.536,0.566,0.641,0.629,0.545,0.586
5/14/2018 12:30,191,0.619,0.521,0.534,0.563,0.64,0.629,0.546,0.585
5/14/2018 13:00,192,0.612,0.52,0.519,0.559,0.636,0.625,0.547,0.586
5/14/2018 13:30,193,0.603,0.514,0.505,0.551,0.627,0.617,0.547,0.585
5/14/2018 14:00,194,0.595,0.511,0.497,0.546,0.622,0.611,0.548,0.584
5/14/2018 14:30,195,0.582,0.504,0.478,0.537,0.613,0.599,0.547,0.582
5/14/2018 15:00,196,0.567,0.495,0.459,0.524,0.6,0.585,0.546,0.578
5/14/2018 15:30,197,0.554,0.488,0.446,0.513,0.589,0.571,0.543,0.572
5/14/2018 16:00,198,0.542,0.482,0.439,0.504,0.579,0.559,0.543,0.569
5/14/2018 16:30,199,0.528,0.473,0.423,0.493,0.568,0.545,0.54,0.559
5/14/2018 17:00,200,0.521,0.469,0.423,0.489,0.563,0.542,0.538,0.547
5/14/2018 17:30,201,0.529,0.476,0.437,0.498,0.572,0.551,0.539,0.543
5/14/2018 18:00,202,0.543,0.485,0.456,0.512,0.584,0.566,0.538,0.543
5/14/2018 18:30,203,0.565,0.499,0.496,0.532,0.604,0.588,0.54,0.552
5/14/2018 19:00,204,0.586,0.513,0.531,0.551,0.621,0.606,0.543,0.564
5/14/2018 19:30,205,0.599,0.519,0.553,0.563,0.633,0.617,0.545,0.571
5/14/2018 20:00,206,0.606,0.523,0.567,0.57,0.64,0.622,0.544,0.576
5/14/2018 20:30,207,0.609,0.52,0.557,0.543,0.641,0.609,0.496,0.535
5/14/2018 21:00,208,0.604,0.49,0.491,0.464,0.639,0.59,0.473,0.511
5/14/2018 21:30,209,0.605,0.488,0.501,0.469,0.639,0.592,0.503,0.524
5/14/2018 22:00,210,0.608,0.487,0.514,0.467,0.64,0.586,0.487,0.511
5/14/2018 22:30,211,0.606,0.484,0.527,0.465,0.64,0.585,0.49,0.517
5/14/2018 23:00,212,0.605,0.486,0.526,0.468,0.639,0.59,0.505,0.531
5/14/2018 23:30,213,0.607,0.49,0.532,0.472,0.64,0.595,0.519,0.549
5/15/2018 0:00,214,0.608,0.493,0.54,0.482,0.641,0.601,0.529,0.565
5/15/2018 0:30,215,0.608,0.496,0.545,0.495,0.642,0.605,0.533,0.573
5/15/2018 1:00,216,0.608,0.501,0.55,0.507,0.642,0.609,0.538,0.577
5/15/2018 1:30,217,0.608,0.503,0.555,0.511,0.642,0.613,0.54,0.58
5/15/2018 2:00,218,0.609,0.507,0.562,0.476,0.641,0.616,0.541,0.582
5/15/2018 2:30,219,0.61,0.509,0.566,0.481,0.642,0.618,0.541,0.583
5/15/2018 3:00,220,0.611,0.512,0.572,0.486,0.642,0.62,0.542,0.584
5/15/2018 3:30,221,0.61,0.513,0.574,0.489,0.642,0.622,0.54,0.584
5/15/2018 4:00,222,0.61,0.515,0.576,0.491,0.642,0.624,0.54,0.585
5/15/2018 4:30,223,0.611,0.515,0.579,0.493,0.642,0.625,0.538,0.584
5/15/2018 5:00,224,0.612,0.516,0.583,0.494,0.644,0.624,0.539,0.584
5/15/2018 5:30,225,0.613,0.518,0.584,0.496,0.645,0.627,0.541,0.585
5/15/2018 6:00,226,0.615,0.519,0.583,0.497,0.646,0.629,0.54,0.585
5/15/2018 6:30,227,0.611,0.52,0.572,0.498,0.646,0.628,0.534,0.583
5/15/2018 7:00,228,0.597,0.521,0.556,0.498,0.646,0.627,0.535,0.583
5/15/2018 7:30,229,0.585,0.52,0.521,0.493,0.639,0.62,0.535,0.58
5/15/2018 8:00,230,0.573,0.514,0.479,0.481,0.621,0.6,0.533,0.575
5/15/2018 8:30,231,0.554,0.505,0.455,0.468,0.608,0.577,0.533,0.572
5/15/2018 9:00,232,0.525,0.489,0.426,0.451,0.591,0.551,0.531,0.565
5/15/2018 9:30,233,0.506,0.475,0.405,0.433,0.573,0.534,0.528,0.555
5/15/2018 10:00,234,0.498,0.468,0.395,0.424,0.563,0.526,0.526,0.543
5/15/2018 10:30,235,0.488,0.46,0.374,0.411,0.55,0.516,0.52,0.519
5/15/2018 11:00,236,0.493,0.461,0.387,0.411,0.551,0.52,0.513,0.503
5/15/2018 11:30,237,0.48,0.455,0.369,0.407,0.54,0.511,0.505,0.48
5/15/2018 12:00,238,0.473,0.449,0.354,0.408,0.533,0.506,0.495,0.462
5/15/2018 12:30,239,0.469,0.447,0.342,0.415,0.53,0.503,0.488,0.452
5/15/2018 13:00,240,0.466,0.445,0.336,0.419,0.528,0.501,0.481,0.447
5/15/2018 13:30,241,0.465,0.446,0.326,0.425,0.526,0.501,0.477,0.445
5/15/2018 14:00,242,0.468,0.45,0.334,0.434,0.527,0.504,0.477,0.453
5/15/2018 14:30,243,0.468,0.452,0.342,0.44,0.527,0.506,0.478,0.457
5/15/2018 15:00,244,0.466,0.452,0.338,0.441,0.524,0.503,0.477,0.46
5/15/2018 15:30,245,0.464,0.453,0.333,0.443,0.523,0.503,0.477,0.463
5/15/2018 16:00,246,0.462,0.457,0.34,0.446,0.522,0.503,0.476,0.463
5/15/2018 16:30,247,0.464,0.462,0.347,0.451,0.524,0.507,0.481,0.465
5/15/2018 17:00,248,0.469,0.473,0.361,0.46,0.528,0.513,0.486,0.472
5/15/2018 17:30,249,0.475,0.484,0.38,0.467,0.532,0.519,0.491,0.482
5/15/2018 18:00,250,0.488,0.499,0.397,0.479,0.539,0.53,0.498,0.5
5/15/2018 18:30,251,0.507,0.515,0.43,0.493,0.551,0.546,0.506,0.523
5/15/2018 19:00,252,0.53,0.535,0.465,0.514,0.571,0.567,0.515,0.542
5/15/2018 19:30,253,0.556,0.553,0.497,0.53,0.59,0.584,0.523,0.557
5/15/2018 20:00,254,0.583,0.572,0.532,0.548,0.614,0.606,0.532,0.569
5/15/2018 20:30,255,0.597,0.584,0.551,0.559,0.628,0.617,0.536,0.575
5/15/2018 21:00,256,0.597,0.576,0.558,0.558,0.631,0.611,0.534,0.569
5/15/2018 21:30,257,0.596,0.565,0.589,0.55,0.621,0.597,0.533,0.568
5/15/2018 22:00,258,0.597,0.557,0.552,0.517,0.626,0.595,0.493,0.539
5/15/2018 22:30,259,0.597,0.525,0.479,0.5,0.636,0.589,0.452,0.5
5/15/2018 23:00,260,0.6,0.51,0.496,0.518,0.64,0.586,0.455,0.501
5/15/2018 23:30,261,0.603,0.506,0.503,0.519,0.639,0.589,0.463,0.517
5/16/2018 0:00,262,0.605,0.502,0.512,0.519,0.639,0.591,0.472,0.517
5/16/2018 0:30,263,0.608,0.499,0.514,0.519,0.639,0.589,0.48,0.541
5/16/2018 1:00,264,0.609,0.501,0.511,0.52,0.64,0.597,0.506,0.565
5/16/2018 1:30,265,0.609,0.504,0.52,0.523,0.642,0.602,0.525,0.576
5/16/2018 2:00,266,0.61,0.508,0.533,0.528,0.643,0.606,0.535,0.583
5/16/2018 2:30,267,0.609,0.511,0.545,0.534,0.643,0.611,0.54,0.586
5/16/2018 3:00,268,0.609,0.515,0.553,0.538,0.643,0.614,0.544,0.586
5/16/2018 3:30,269,0.609,0.518,0.562,0.543,0.643,0.617,0.546,0.588
5/16/2018 4:00,270,0.61,0.521,0.572,0.547,0.643,0.618,0.547,0.59
5/16/2018 4:30,271,0.61,0.524,0.573,0.551,0.643,0.619,0.548,0.589
5/16/2018 5:00,272,0.61,0.527,0.577,0.553,0.643,0.621,0.549,0.59
5/16/2018 5:30,273,0.61,0.529,0.579,0.554,0.644,0.622,0.549,0.591
5/16/2018 6:00,274,0.61,0.53,0.582,0.555,0.643,0.621,0.549,0.59
5/16/2018 6:30,275,0.61,0.531,0.585,0.556,0.642,0.622,0.549,0.59
5/16/2018 7:00,276,0.61,0.53,0.585,0.556,0.643,0.623,0.549,0.588
5/16/2018 7:30,277,0.61,0.53,0.583,0.557,0.643,0.624,0.549,0.589
5/16/2018 8:00,278,0.612,0.53,0.579,0.558,0.644,0.624,0.549,0.59
5/16/2018 8:30,279,0.613,0.528,0.566,0.558,0.645,0.622,0.547,0.589
5/16/2018 9:00,280,0.611,0.527,0.553,0.557,0.645,0.622,0.545,0.588
5/16/2018 9:30,281,0.61,0.526,0.54,0.554,0.644,0.622,0.544,0.584
5/16/2018 10:00,282,0.611,0.525,0.538,0.552,0.643,0.623,0.543,0.586
5/16/2018 10:30,283,0.609,0.523,0.527,0.549,0.64,0.622,0.542,0.586
5/16/2018 11:00,284,0.601,0.519,0.502,0.54,0.632,0.616,0.542,0.586
5/16/2018 11:30,285,0.593,0.515,0.488,0.533,0.624,0.61,0.541,0.585
5/16/2018 12:00,286,0.59,0.515,0.489,0.532,0.622,0.607,0.54,0.585
5/16/2018 12:30,287,0.584,0.513,0.478,0.528,0.618,0.602,0.541,0.585
5/16/2018 13:00,288,0.585,0.513,0.486,0.529,0.618,0.601,0.539,0.584
5/16/2018 13:30,289,0.58,0.512,0.478,0.526,0.615,0.598,0.539,0.584
5/16/2018 14:00,290,0.577,0.512,0.477,0.523,0.61,0.595,0.538,0.582
5/16/2018 14:30,291,0.589,0.519,0.508,0.53,0.623,0.601,0.511,0.548
5/16/2018 15:00,292,0.599,0.507,0.481,0.509,0.635,0.584,0.461,0.504
5/16/2018 15:30,293,0.601,0.496,0.468,0.506,0.637,0.583,0.461,0.503
5/16/2018 16:00,294,0.601,0.49,0.463,0.506,0.635,0.581,0.464,0.512
5/16/2018 16:30,295,0.6,0.489,0.466,0.505,0.634,0.588,0.481,0.534
5/16/2018 17:00,296,0.6,0.488,0.488,0.506,0.635,0.593,0.493,0.548
5/16/2018 17:30,297,0.602,0.491,0.508,0.507,0.637,0.601,0.505,0.531
5/16/2018 18:00,298,0.604,0.493,0.527,0.509,0.64,0.604,0.5,0.554
5/16/2018 18:30,299,0.604,0.493,0.532,0.509,0.641,0.603,0.513,0.551
5/16/2018 19:00,300,0.605,0.495,0.535,0.508,0.641,0.604,0.5,0.529
5/16/2018 19:30,301,0.603,0.486,0.53,0.502,0.642,0.586,0.467,0.505
5/16/2018 20:00,302,0.598,0.475,0.507,0.501,0.642,0.573,0.458,0.506
5/16/2018 20:30,303,0.596,0.475,0.505,0.501,0.64,0.573,0.46,0.508
5/16/2018 21:00,304,0.593,0.472,0.499,0.5,0.639,0.572,0.459,0.507
5/16/2018 21:30,305,0.591,0.47,0.493,0.498,0.626,0.57,0.454,0.503
5/16/2018 22:00,306,0.59,0.471,0.489,0.5,0.617,0.574,0.472,0.522
5/16/2018 22:30,307,0.594,0.475,0.504,0.501,0.627,0.587,0.493,0.552
5/16/2018 23:00,308,0.595,0.479,0.499,0.501,0.631,0.594,0.511,0.568
5/16/2018 23:30,309,0.596,0.484,0.507,0.501,0.632,0.595,0.51,0.547
5/17/2018 0:00,310,0.596,0.475,0.506,0.498,0.632,0.576,0.474,0.523
5/17/2018 0:30,311,0.595,0.472,0.496,0.497,0.628,0.575,0.475,0.534
5/17/2018 1:00,312,0.595,0.475,0.496,0.498,0.628,0.585,0.495,0.559
5/17/2018 1:30,313,0.595,0.479,0.496,0.498,0.629,0.592,0.51,0.569
5/17/2018 2:00,314,0.595,0.483,0.5,0.499,0.631,0.596,0.519,0.569
5/17/2018 2:30,315,0.596,0.487,0.507,0.502,0.631,0.6,0.523,0.57
5/17/2018 3:00,316,0.597,0.49,0.513,0.504,0.632,0.601,0.526,0.573
5/17/2018 3:30,317,0.597,0.493,0.518,0.506,0.632,0.602,0.526,0.573
5/17/2018 4:00,318,0.597,0.497,0.523,0.508,0.633,0.603,0.53,0.576
5/17/2018 4:30,319,0.597,0.496,0.531,0.511,0.633,0.602,0.532,0.58
5/17/2018 5:00,320,0.597,0.496,0.536,0.513,0.634,0.601,0.533,0.579
5/17/2018 5:30,321,0.597,0.497,0.542,0.516,0.634,0.602,0.535,0.58
5/17/2018 6:00,322,0.597,0.496,0.546,0.517,0.633,0.602,0.535,0.58
5/17/2018 6:30,323,0.596,0.496,0.546,0.519,0.633,0.602,0.535,0.578
5/17/2018 7:00,324,0.596,0.497,0.549,0.522,0.633,0.603,0.536,0.579
5/17/2018 7:30,325,0.596,0.498,0.552,0.524,0.632,0.602,0.537,0.582
5/17/2018 8:00,326,0.596,0.498,0.551,0.525,0.633,0.601,0.537,0.581
5/17/2018 8:30,327,0.596,0.498,0.555,0.526,0.634,0.6,0.537,0.58
5/17/2018 9:00,328,0.597,0.499,0.559,0.528,0.634,0.601,0.537,0.583
5/17/2018 9:30,329,0.598,0.498,0.558,0.529,0.635,0.602,0.536,0.578
5/17/2018 10:00,330,0.6,0.5,0.555,0.531,0.635,0.605,0.537,0.559
5/17/2018 10:30,331,0.601,0.499,0.557,0.532,0.636,0.604,0.537,0.56
5/17/2018 11:00,332,0.602,0.499,0.554,0.533,0.638,0.604,0.533,0.568
5/17/2018 11:30,333,0.603,0.5,0.552,0.522,0.638,0.603,0.525,0.543
5/17/2018 12:00,334,0.601,0.495,0.546,0.51,0.637,0.597,0.496,0.55
5/17/2018 12:30,335,0.601,0.495,0.503,0.503,0.638,0.594,0.499,0.562
5/17/2018 13:00,336,0.603,0.489,0.493,0.503,0.639,0.596,0.508,0.568
5/17/2018 13:30,337,0.604,0.486,0.487,0.502,0.639,0.598,0.49,0.539
5/17/2018 14:00,338,0.605,0.488,0.486,0.502,0.639,0.593,0.468,0.553
5/17/2018 14:30,339,0.605,0.482,0.48,0.503,0.639,0.596,0.478,0.562
5/17/2018 15:00,340,0.604,0.483,0.483,0.503,0.639,0.592,0.462,0.527
5/17/2018 15:30,341,0.604,0.479,0.481,0.501,0.639,0.587,0.455,0.539
5/17/2018 16:00,342,0.6,0.472,0.474,0.499,0.632,0.581,0.437,0.514
5/17/2018 16:30,343,0.592,0.46,0.449,0.496,0.607,0.569,0.418,0.502
5/17/2018 17:00,344,0.592,0.46,0.451,0.496,0.613,0.569,0.421,0.5
5/17/2018 17:30,345,0.584,0.456,0.44,0.494,0.591,0.565,0.412,0.499
5/17/2018 18:00,346,0.583,0.456,0.441,0.495,0.587,0.566,0.412,0.499
5/17/2018 18:30,347,0.585,0.457,0.448,0.495,0.595,0.567,0.412,0.5
5/17/2018 19:00,348,0.587,0.457,0.451,0.495,0.605,0.568,0.415,0.503
5/17/2018 19:30,349,0.586,0.458,0.448,0.495,0.609,0.569,0.421,0.508
5/17/2018 20:00,350,0.588,0.461,0.441,0.494,0.613,0.572,0.428,0.509
5/17/2018 20:30,351,0.588,0.458,0.448,0.494,0.614,0.569,0.424,0.504
5/17/2018 21:00,352,0.588,0.458,0.444,0.493,0.613,0.568,0.424,0.503
5/17/2018 21:30,353,0.588,0.458,0.446,0.492,0.613,0.569,0.43,0.509
5/17/2018 22:00,354,0.588,0.46,0.453,0.492,0.616,0.574,0.443,0.522
5/17/2018 22:30,355,0.59,0.465,0.454,0.491,0.62,0.578,0.449,0.526
5/17/2018 23:00,356,0.591,0.466,0.455,0.491,0.622,0.58,0.452,0.523
5/17/2018 23:30,357,0.592,0.467,0.454,0.491,0.623,0.578,0.45,0.534
5/18/2018 0:00,358,0.592,0.467,0.453,0.49,0.623,0.581,0.456,0.529
5/18/2018 0:30,359,0.59,0.467,0.458,0.49,0.623,0.576,0.451,0.533
5/18/2018 1:00,360,0.592,0.47,0.459,0.489,0.625,0.577,0.456,0.529
5/18/2018 1:30,361,0.586,0.458,0.433,0.472,0.604,0.56,0.415,0.502
5/18/2018 2:00,362,0.582,0.451,0.429,0.463,0.591,0.529,0.41,0.502
5/18/2018 2:30,363,0.585,0.45,0.434,0.48,0.599,0.516,0.415,0.505
5/18/2018 3:00,364,0.585,0.448,0.433,0.482,0.599,0.512,0.413,0.505
5/18/2018 3:30,365,0.585,0.45,0.431,0.482,0.602,0.511,0.418,0.507
5/18/2018 4:00,366,0.585,0.453,0.429,0.483,0.604,0.515,0.434,0.52
5/18/2018 4:30,367,0.586,0.457,0.432,0.483,0.608,0.518,0.444,0.523
5/18/2018 5:00,368,0.587,0.459,0.436,0.482,0.612,0.519,0.449,0.53
5/18/2018 5:30,369,0.586,0.462,0.437,0.482,0.615,0.52,0.453,0.523
5/18/2018 6:00,370,0.587,0.463,0.439,0.481,0.618,0.52,0.453,0.52
5/18/2018 6:30,371,0.589,0.46,0.437,0.478,0.615,0.514,0.428,0.506
5/18/2018 7:00,372,0.584,0.451,0.429,0.474,0.601,0.504,0.41,0.504
5/18/2018 7:30,373,0.582,0.45,0.428,0.472,0.596,0.502,0.413,0.504
5/18/2018 8:00,374,0.583,0.451,0.428,0.471,0.599,0.503,0.415,0.505
5/18/2018 8:30,375,0.583,0.452,0.429,0.469,0.602,0.504,0.421,0.506
5/18/2018 9:00,376,0.585,0.455,0.428,0.469,0.606,0.508,0.433,0.518
5/18/2018 9:30,377,0.588,0.461,0.425,0.469,0.613,0.515,0.448,0.535
5/18/2018 10:00,378,0.59,0.467,0.42,0.47,0.618,0.522,0.455,0.54
5/18/2018 10:30,379,0.59,0.472,0.421,0.472,0.621,0.525,0.46,0.545
5/18/2018 11:00,380,0.593,0.476,0.432,0.476,0.625,0.528,0.465,0.549
5/18/2018 11:30,381,0.596,0.478,0.435,0.476,0.627,0.529,0.458,0.524
5/18/2018 12:00,382,0.597,0.476,0.436,0.474,0.628,0.517,0.439,0.516
5/18/2018 12:30,383,0.595,0.464,0.426,0.472,0.624,0.51,0.427,0.509
5/18/2018 13:00,384,0.593,0.458,0.421,0.471,0.609,0.506,0.418,0.506
5/18/2018 13:30,385,0.59,0.456,0.415,0.471,0.602,0.505,0.404,0.499
5/18/2018 14:00,386,0.588,0.456,0.409,0.471,0.599,0.505,0.412,0.502
5/18/2018 14:30,387,0.589,0.458,0.416,0.473,0.607,0.509,0.427,0.512
5/18/2018 15:00,388,0.589,0.456,0.442,0.474,0.611,0.508,0.439,0.528
5/18/2018 15:30,389,0.592,0.457,0.456,0.475,0.615,0.507,0.441,0.517
5/18/2018 16:00,390,0.594,0.455,0.461,0.478,0.617,0.51,0.444,0.536
5/18/2018 16:30,391,0.597,0.46,0.462,0.482,0.62,0.52,0.458,0.548
5/18/2018 17:00,392,0.599,0.467,0.464,0.487,0.624,0.527,0.465,0.549
5/18/2018 17:30,393,0.6,0.469,0.468,0.485,0.625,0.523,0.46,0.523
5/18/2018 18:00,394,0.6,0.465,0.467,0.485,0.626,0.519,0.453,0.534
5/18/2018 18:30,395,0.6,0.464,0.467,0.486,0.627,0.523,0.457,0.538
5/18/2018 19:00,396,0.597,0.454,0.465,0.481,0.614,0.511,0.424,0.497
5/18/2018 19:30,397,0.597,0.448,0.46,0.481,0.617,0.507,0.423,0.497
5/18/2018 20:00,398,0.596,0.449,0.461,0.482,0.625,0.509,0.437,0.515
5/18/2018 20:30,399,0.596,0.454,0.465,0.484,0.627,0.514,0.451,0.535
5/18/2018 21:00,400,0.597,0.46,0.463,0.487,0.628,0.517,0.458,0.523
5/18/2018 21:30,401,0.597,0.455,0.467,0.484,0.628,0.512,0.44,0.515
5/18/2018 22:00,402,0.597,0.452,0.463,0.484,0.63,0.513,0.443,0.526
5/18/2018 22:30,403,0.597,0.456,0.458,0.485,0.629,0.516,0.449,0.526
5/18/2018 23:00,404,0.597,0.457,0.455,0.485,0.629,0.517,0.453,0.541
5/18/2018 23:30,405,0.598,0.461,0.453,0.485,0.631,0.521,0.46,0.533
5/19/2018 0:00,406,0.598,0.463,0.461,0.483,0.631,0.517,0.448,0.526
5/19/2018 0:30,407,0.599,0.46,0.463,0.481,0.631,0.516,0.447,0.534
5/19/2018 1:00,408,0.599,0.459,0.46,0.479,0.632,0.515,0.439,0.516
5/19/2018 1:30,409,0.597,0.452,0.455,0.476,0.626,0.508,0.421,0.512
5/19/2018 2:00,410,0.59,0.448,0.445,0.472,0.609,0.504,0.41,0.506
5/19/2018 2:30,411,0.592,0.45,0.441,0.472,0.625,0.506,0.423,0.523
5/19/2018 3:00,412,0.591,0.453,0.44,0.471,0.63,0.507,0.442,0.546
5/19/2018 3:30,413,0.591,0.455,0.439,0.47,0.629,0.506,0.444,0.536
5/19/2018 4:00,414,0.591,0.451,0.44,0.466,0.629,0.504,0.429,0.512
5/19/2018 4:30,415,0.59,0.45,0.439,0.464,0.628,0.503,0.423,0.511
5/19/2018 5:00,416,0.591,0.452,0.436,0.463,0.628,0.506,0.435,0.529
5/19/2018 5:30,417,0.592,0.455,0.433,0.462,0.625,0.507,0.442,0.521
5/19/2018 6:00,418,0.591,0.453,0.431,0.459,0.625,0.506,0.43,0.52
5/19/2018 6:30,419,0.591,0.454,0.428,0.459,0.624,0.509,0.444,0.538
5/19/2018 7:00,420,0.591,0.458,0.426,0.46,0.624,0.512,0.453,0.536
5/19/2018 7:30,421,0.592,0.461,0.425,0.46,0.624,0.514,0.453,0.539
5/19/2018 8:00,422,0.594,0.463,0.422,0.46,0.624,0.516,0.457,0.537
5/19/2018 8:30,423,0.594,0.463,0.42,0.459,0.623,0.511,0.445,0.537
5/19/2018 9:00,424,0.593,0.46,0.419,0.459,0.623,0.512,0.448,0.553
5/19/2018 9:30,425,0.594,0.464,0.416,0.459,0.622,0.517,0.455,0.56
5/19/2018 10:00,426,0.595,0.468,0.413,0.46,0.622,0.521,0.461,0.566
5/19/2018 10:30,427,0.595,0.472,0.425,0.461,0.622,0.525,0.466,0.569
5/19/2018 11:00,428,0.597,0.478,0.426,0.462,0.623,0.529,0.47,0.569
5/19/2018 11:30,429,0.599,0.484,0.428,0.464,0.623,0.534,0.473,0.571
5/19/2018 12:00,430,0.599,0.488,0.427,0.466,0.625,0.536,0.474,0.575
5/19/2018 12:30,431,0.601,0.489,0.428,0.468,0.628,0.538,0.475,0.574
5/19/2018 13:00,432,0.603,0.492,0.426,0.47,0.629,0.541,0.474,0.555
5/19/2018 13:30,433,0.604,0.493,0.427,0.471,0.63,0.539,0.457,0.568
5/19/2018 14:00,434,0.604,0.494,0.418,0.47,0.63,0.541,0.453,0.545
5/19/2018 14:30,435,0.606,0.492,0.41,0.466,0.628,0.535,0.437,0.552
5/19/2018 15:00,436,0.607,0.479,0.397,0.465,0.627,0.533,0.448,0.565
5/19/2018 15:30,437,0.608,0.478,0.392,0.467,0.625,0.537,0.459,0.571
5/19/2018 16:00,438,0.608,0.481,0.395,0.469,0.625,0.54,0.466,0.571
5/19/2018 16:30,439,0.609,0.485,0.4,0.472,0.625,0.543,0.47,0.567
5/19/2018 17:00,440,0.609,0.49,0.408,0.474,0.625,0.546,0.471,0.57
5/19/2018 17:30,441,0.609,0.493,0.409,0.475,0.625,0.547,0.471,0.571
5/19/2018 18:00,442,0.608,0.496,0.413,0.477,0.626,0.548,0.469,0.569
5/19/2018 18:30,443,0.607,0.5,0.424,0.479,0.627,0.55,0.47,0.572
5/19/2018 19:00,444,0.607,0.501,0.429,0.48,0.629,0.549,0.471,0.572
5/19/2018 19:30,445,0.606,0.504,0.443,0.48,0.629,0.548,0.474,0.573
5/19/2018 20:00,446,0.605,0.506,0.454,0.48,0.628,0.548,0.476,0.575
5/19/2018 20:30,447,0.604,0.507,0.455,0.48,0.628,0.547,0.477,0.576
5/19/2018 21:00,448,0.602,0.507,0.456,0.48,0.627,0.547,0.477,0.576
5/19/2018 21:30,449,0.602,0.508,0.459,0.479,0.624,0.547,0.477,0.577
5/19/2018 22:00,450,0.601,0.509,0.46,0.479,0.622,0.547,0.478,0.578
5/19/2018 22:30,451,0.6,0.509,0.463,0.479,0.62,0.547,0.48,0.579
5/19/2018 23:00,452,0.6,0.509,0.465,0.479,0.618,0.547,0.481,0.579
5/19/2018 23:30,453,0.599,0.509,0.468,0.48,0.617,0.548,0.48,0.58
5/20/2018 0:00,454,0.599,0.509,0.47,0.48,0.616,0.548,0.48,0.58
5/20/2018 0:30,455,0.599,0.509,0.472,0.48,0.614,0.548,0.481,0.579
5/20/2018 1:00,456,0.599,0.51,0.473,0.481,0.613,0.549,0.481,0.579
5/20/2018 1:30,457,0.599,0.509,0.469,0.48,0.611,0.548,0.481,0.578
5/20/2018 2:00,458,0.599,0.509,0.472,0.481,0.61,0.548,0.48,0.579
5/20/2018 2:30,459,0.598,0.51,0.47,0.481,0.609,0.548,0.479,0.578
5/20/2018 3:00,460,0.598,0.509,0.467,0.48,0.608,0.548,0.479,0.578
5/20/2018 3:30,461,0.598,0.509,0.471,0.48,0.606,0.548,0.479,0.578
5/20/2018 4:00,462,0.598,0.509,0.471,0.48,0.605,0.548,0.479,0.577
5/20/2018 4:30,463,0.599,0.509,0.473,0.48,0.605,0.548,0.479,0.576
5/20/2018 5:00,464,0.599,0.509,0.474,0.481,0.604,0.549,0.479,0.576
5/20/2018 5:30,465,0.599,0.51,0.479,0.482,0.604,0.55,0.48,0.577
5/20/2018 6:00,466,0.599,0.51,0.48,0.483,0.603,0.551,0.48,0.578
5/20/2018 6:30,467,0.6,0.511,0.481,0.485,0.603,0.552,0.48,0.578
5/20/2018 7:00,468,0.601,0.511,0.48,0.486,0.604,0.552,0.478,0.577
5/20/2018 7:30,469,0.6,0.512,0.474,0.487,0.604,0.553,0.476,0.577
5/20/2018 8:00,470,0.596,0.511,0.459,0.487,0.602,0.552,0.476,0.576
5/20/2018 8:30,471,0.581,0.505,0.417,0.479,0.589,0.545,0.474,0.575
5/20/2018 9:00,472,0.544,0.491,0.372,0.454,0.552,0.522,0.473,0.573
5/20/2018 9:30,473,0.507,0.47,0.346,0.432,0.529,0.494,0.473,0.569
5/20/2018 10:00,474,0.488,0.456,0.338,0.42,0.518,0.479,0.473,0.561
5/20/2018 10:30,475,0.482,0.45,0.329,0.417,0.513,0.473,0.472,0.545
5/20/2018 11:00,476,0.475,0.446,0.326,0.419,0.507,0.47,0.47,0.527
5/20/2018 11:30,477,0.468,0.443,0.32,0.42,0.503,0.467,0.462,0.505
5/20/2018 12:00,478,0.465,0.442,0.317,0.422,0.5,0.466,0.456,0.497
5/20/2018 12:30,479,0.462,0.44,0.312,0.424,0.497,0.465,0.454,0.473
5/20/2018 13:00,480,0.46,0.44,0.308,0.427,0.495,0.465,0.455,0.452
5/20/2018 13:30,481,0.459,0.44,0.31,0.43,0.494,0.464,0.452,0.451
5/20/2018 14:00,482,0.461,0.443,0.309,0.434,0.495,0.467,0.44,0.457
5/20/2018 14:30,483,0.464,0.449,0.315,0.439,0.497,0.47,0.432,0.468
5/20/2018 15:00,484,0.467,0.454,0.319,0.443,0.499,0.472,0.434,0.479
5/20/2018 15:30,485,0.469,0.46,0.323,0.446,0.498,0.474,0.434,0.485
5/20/2018 16:00,486,0.465,0.461,0.307,0.443,0.495,0.474,0.436,0.477
5/20/2018 16:30,487,0.462,0.465,0.31,0.443,0.494,0.478,0.435,0.478
5/20/2018 17:00,488,0.463,0.469,0.306,0.447,0.495,0.483,0.438,0.481
5/20/2018 17:30,489,0.463,0.475,0.314,0.449,0.495,0.488,0.439,0.484
5/20/2018 18:00,490,0.47,0.486,0.329,0.46,0.5,0.5,0.446,0.503
5/20/2018 18:30,491,0.477,0.496,0.341,0.468,0.505,0.51,0.453,0.524
5/20/2018 19:00,492,0.505,0.519,0.385,0.495,0.527,0.54,0.464,0.545
5/20/2018 19:30,493,0.536,0.54,0.41,0.515,0.55,0.559,0.473,0.56
5/20/2018 20:00,494,0.56,0.554,0.438,0.529,0.571,0.576,0.484,0.57
5/20/2018 20:30,495,0.575,0.563,0.457,0.537,0.582,0.586,0.498,0.575
5/20/2018 21:00,496,0.586,0.569,0.471,0.542,0.594,0.594,0.499,0.58
5/20/2018 21:30,497,0.592,0.573,0.482,0.544,0.601,0.598,0.501,0.583
5/20/2018 22:00,498,0.596,0.573,0.488,0.545,0.606,0.599,0.504,0.585
5/20/2018 22:30,499,0.599,0.575,0.499,0.546,0.609,0.602,0.506,0.588
5/20/2018 23:00,500,0.602,0.577,0.507,0.547,0.611,0.605,0.511,0.592
5/20/2018 23:30,501,0.604,0.577,0.514,0.548,0.614,0.607,0.515,0.596
5/21/2018 0:00,502,0.606,0.577,0.518,0.548,0.615,0.608,0.516,0.598
5/21/2018 0:30,503,0.607,0.577,0.522,0.547,0.617,0.609,0.519,0.6
5/21/2018 1:00,504,0.607,0.577,0.524,0.546,0.619,0.61,0.517,0.603
5/21/2018 1:30,505,0.608,0.578,0.529,0.545,0.618,0.611,0.521,0.605
5/21/2018 2:00,506,0.608,0.577,0.531,0.544,0.619,0.61,0.521,0.607
5/21/2018 2:30,507,0.609,0.576,0.53,0.543,0.621,0.609,0.523,0.608
5/21/2018 3:00,508,0.608,0.563,0.525,0.539,0.62,0.599,0.521,0.606
5/21/2018 3:30,509,0.606,0.558,0.529,0.535,0.62,0.596,0.516,0.603
5/21/2018 4:00,510,0.606,0.557,0.534,0.535,0.621,0.598,0.518,0.602
5/21/2018 4:30,511,0.607,0.559,0.544,0.535,0.623,0.6,0.525,0.603
5/21/2018 5:00,512,0.609,0.57,0.549,0.535,0.624,0.61,0.536,0.607
5/21/2018 5:30,513,0.611,0.579,0.553,0.535,0.625,0.618,0.541,0.612
5/21/2018 6:00,514,0.612,0.576,0.562,0.532,0.624,0.616,0.546,0.616
5/21/2018 6:30,515,0.611,0.574,0.56,0.527,0.623,0.615,0.55,0.618
5/21/2018 7:00,516,0.602,0.575,0.533,0.518,0.612,0.612,0.553,0.62
5/21/2018 7:30,517,0.577,0.564,0.484,0.497,0.587,0.593,0.553,0.616
5/21/2018 8:00,518,0.547,0.548,0.454,0.474,0.562,0.563,0.551,0.61
5/21/2018 8:30,519,0.529,0.536,0.444,0.463,0.552,0.547,0.55,0.605
5/21/2018 9:00,520,0.511,0.527,0.428,0.454,0.542,0.536,0.55,0.603
5/21/2018 9:30,521,0.501,0.521,0.416,0.45,0.536,0.528,0.551,0.599
5/21/2018 10:00,522,0.493,0.517,0.409,0.444,0.531,0.524,0.55,0.593
5/21/2018 10:30,523,0.489,0.515,0.401,0.442,0.528,0.523,0.552,0.584
5/21/2018 11:00,524,0.485,0.517,0.399,0.442,0.527,0.523,0.553,0.565
5/21/2018 11:30,525,0.483,0.517,0.393,0.441,0.524,0.523,0.546,0.536
5/21/2018 12:00,526,0.481,0.516,0.396,0.441,0.523,0.521,0.541,0.513
5/21/2018 12:30,527,0.48,0.518,0.395,0.442,0.523,0.521,0.534,0.495
5/21/2018 13:00,528,0.48,0.52,0.39,0.443,0.522,0.522,0.528,0.489
5/21/2018 13:30,529,0.478,0.519,0.387,0.444,0.523,0.523,0.521,0.483
5/21/2018 14:00,530,0.478,0.52,0.389,0.444,0.524,0.523,0.516,0.485
5/21/2018 14:30,531,0.479,0.522,0.392,0.446,0.525,0.525,0.513,0.489
5/21/2018 15:00,532,0.481,0.524,0.389,0.447,0.526,0.526,0.511,0.498
5/21/2018 15:30,533,0.481,0.525,0.391,0.449,0.526,0.529,0.512,0.503
5/21/2018 16:00,534,0.482,0.527,0.395,0.452,0.528,0.532,0.516,0.506
5/21/2018 16:30,535,0.485,0.53,0.398,0.455,0.53,0.536,0.521,0.506
5/21/2018 17:00,536,0.489,0.533,0.406,0.46,0.532,0.541,0.526,0.51
5/21/2018 17:30,537,0.496,0.538,0.42,0.466,0.536,0.547,0.532,0.519
5/21/2018 18:00,538,0.508,0.546,0.438,0.476,0.544,0.557,0.538,0.535
5/21/2018 18:30,539,0.522,0.555,0.454,0.487,0.554,0.569,0.546,0.558
5/21/2018 19:00,540,0.537,0.566,0.479,0.498,0.566,0.582,0.556,0.577
5/21/2018 19:30,541,0.553,0.578,0.505,0.51,0.582,0.596,0.566,0.592
5/21/2018 20:00,542,0.575,0.59,0.534,0.524,0.602,0.613,0.574,0.603
5/21/2018 20:30,543,0.593,0.6,0.566,0.536,0.621,0.628,0.583,0.61
5/21/2018 21:00,544,0.602,0.606,0.586,0.543,0.632,0.636,0.588,0.616
5/21/2018 21:30,545,0.607,0.608,0.596,0.547,0.637,0.639,0.593,0.62
5/21/2018 22:00,546,0.61,0.61,0.603,0.549,0.641,0.64,0.596,0.624
5/21/2018 22:30,547,0.612,0.61,0.61,0.549,0.643,0.642,0.599,0.626
5/21/2018 23:00,548,0.613,0.61,0.616,0.549,0.645,0.643,0.601,0.627
5/21/2018 23:30,549,0.614,0.61,0.621,0.548,0.646,0.644,0.605,0.629
5/22/2018 0:00,550,0.616,0.609,0.627,0.547,0.647,0.644,0.608,0.631
5/22/2018 0:30,551,0.617,0.609,0.633,0.547,0.648,0.645,0.61,0.632
5/22/2018 1:00,552,0.617,0.608,0.636,0.548,0.649,0.645,0.612,0.633
5/22/2018 1:30,553,0.617,0.608,0.639,0.547,0.65,0.646,0.613,0.634
5/22/2018 2:00,554,0.618,0.608,0.635,0.545,0.65,0.646,0.614,0.635
5/22/2018 2:30,555,0.619,0.608,0.633,0.542,0.651,0.645,0.615,0.636
5/22/2018 3:00,556,0.618,0.608,0.631,0.537,0.651,0.645,0.615,0.636
5/22/2018 3:30,557,0.618,0.608,0.632,0.533,0.652,0.644,0.615,0.635
5/22/2018 4:00,558,0.617,0.608,0.634,0.529,0.653,0.644,0.616,0.635
5/22/2018 4:30,559,0.617,0.608,0.632,0.526,0.652,0.644,0.616,0.636
5/22/2018 5:00,560,0.617,0.607,0.63,0.524,0.652,0.644,0.616,0.636
5/22/2018 5:30,561,0.617,0.607,0.629,0.52,0.653,0.644,0.617,0.636
5/22/2018 6:00,562,0.617,0.606,0.637,0.519,0.653,0.643,0.617,0.636
5/22/2018 6:30,563,0.618,0.605,0.633,0.518,0.653,0.642,0.617,0.636
5/22/2018 7:00,564,0.619,0.605,0.626,0.517,0.653,0.641,0.617,0.636
5/22/2018 7:30,565,0.619,0.604,0.612,0.515,0.651,0.64,0.617,0.636
5/22/2018 8:00,566,0.616,0.604,0.595,0.511,0.648,0.64,0.617,0.635
5/22/2018 8:30,567,0.614,0.603,0.578,0.507,0.643,0.638,0.616,0.635
5/22/2018 9:00,568,0.606,0.597,0.544,0.497,0.632,0.63,0.615,0.634
5/22/2018 9:30,569,0.59,0.585,0.506,0.48,0.612,0.611,0.614,0.631
5/22/2018 10:00,570,0.565,0.568,0.478,0.46,0.59,0.587,0.612,0.625
5/22/2018 10:30,571,0.568,0.569,0.503,0.463,0.597,0.591,0.611,0.622
5/22/2018 11:00,572,0.584,0.582,0.536,0.481,0.617,0.611,0.612,0.626
5/22/2018 11:30,573,0.583,0.584,0.531,0.481,0.616,0.615,0.613,0.627
5/22/2018 12:00,574,0.578,0.582,0.525,0.477,0.612,0.613,0.611,0.627
5/22/2018 12:30,575,0.588,0.587,0.539,0.484,0.622,0.618,0.61,0.626
5/22/2018 13:00,576,0.596,0.594,0.555,0.492,0.629,0.626,0.611,0.627
5/22/2018 13:30,577,0.596,0.593,0.539,0.49,0.625,0.625,0.612,0.627
5/22/2018 14:00,578,0.578,0.582,0.497,0.472,0.604,0.609,0.611,0.625
5/22/2018 14:30,579,0.553,0.565,0.458,0.45,0.58,0.583,0.609,0.619
5/22/2018 15:00,580,0.543,0.559,0.451,0.444,0.575,0.575,0.609,0.615
5/22/2018 15:30,581,0.533,0.553,0.443,0.436,0.567,0.567,0.607,0.608
5/22/2018 16:00,582,0.515,0.544,0.423,0.423,0.552,0.552,0.604,0.595
5/22/2018 16:30,583,0.509,0.541,0.424,0.42,0.549,0.549,0.601,0.582
5/22/2018 17:00,584,0.509,0.542,0.432,0.422,0.549,0.55,0.599,0.567
5/22/2018 17:30,585,0.546,0.568,0.493,0.448,0.581,0.587,0.603,0.58
5/22/2018 18:00,586,0.577,0.589,0.548,0.476,0.615,0.615,0.603,0.591
5/22/2018 18:30,587,0.593,0.599,0.589,0.492,0.633,0.628,0.606,0.551
5/22/2018 19:00,588,0.602,0.604,0.607,0.5,0.641,0.634,0.61,0.513
5/22/2018 19:30,589,0.606,0.607,0.612,0.505,0.644,0.636,0.613,0.522
5/22/2018 20:00,590,0.607,0.607,0.614,0.507,0.646,0.634,0.584,0.55
5/22/2018 20:30,591,0.607,0.607,0.615,0.507,0.647,0.634,0.573,0.57
5/22/2018 21:00,592,0.607,0.606,0.618,0.507,0.646,0.633,0.571,0.577
5/22/2018 21:30,593,0.607,0.606,0.62,0.507,0.645,0.633,0.57,0.588
5/22/2018 22:00,594,0.606,0.606,0.621,0.508,0.643,0.633,0.57,0.591
5/22/2018 22:30,595,0.606,0.605,0.622,0.508,0.644,0.632,0.569,0.593
5/22/2018 23:00,596,0.606,0.604,0.622,0.508,0.643,0.632,0.568,0.596
5/22/2018 23:30,597,0.606,0.604,0.623,0.508,0.642,0.631,0.567,0.598
5/23/2018 0:00,598,0.605,0.604,0.621,0.509,0.64,0.63,0.566,0.598
5/23/2018 0:30,599,0.605,0.604,0.62,0.508,0.638,0.629,0.563,0.597
5/23/2018 1:00,600,0.605,0.603,0.62,0.507,0.635,0.629,0.566,0.599
5/23/2018 1:30,601,0.605,0.603,0.618,0.508,0.634,0.628,0.565,0.599
5/23/2018 2:00,602,0.604,0.602,0.617,0.507,0.633,0.626,0.564,0.597
5/23/2018 2:30,603,0.604,0.601,0.612,0.505,0.632,0.624,0.567,0.598
5/23/2018 3:00,604,0.603,0.601,0.612,0.506,0.631,0.625,0.566,0.597
5/23/2018 3:30,605,0.603,0.601,0.613,0.505,0.63,0.625,0.56,0.598
5/23/2018 4:00,606,0.603,0.601,0.616,0.506,0.629,0.625,0.563,0.599
5/23/2018 4:30,607,0.603,0.6,0.617,0.505,0.627,0.623,0.564,0.599
5/23/2018 5:00,608,0.603,0.6,0.613,0.505,0.626,0.623,0.564,0.598
5/23/2018 5:30,609,0.603,0.6,0.614,0.504,0.625,0.623,0.566,0.6
5/23/2018 6:00,610,0.603,0.599,0.616,0.504,0.626,0.623,0.567,0.599
5/23/2018 6:30,611,0.603,0.599,0.616,0.504,0.626,0.622,0.568,0.601
5/23/2018 7:00,612,0.603,0.599,0.613,0.503,0.621,0.622,0.569,0.602
5/23/2018 7:30,613,0.604,0.599,0.608,0.503,0.623,0.621,0.567,0.602
5/23/2018 8:00,614,0.6,0.599,0.592,0.504,0.623,0.621,0.561,0.6
5/23/2018 8:30,615,0.571,0.596,0.543,0.501,0.615,0.613,0.559,0.599
5/23/2018 9:00,616,0.54,0.582,0.48,0.48,0.588,0.59,0.56,0.597
5/23/2018 9:30,617,0.506,0.556,0.424,0.44,0.543,0.548,0.56,0.593
5/23/2018 10:00,618,0.488,0.537,0.408,0.416,0.528,0.529,0.56,0.582
5/23/2018 10:30,619,0.478,0.528,0.4,0.406,0.521,0.522,0.556,0.56
5/23/2018 11:00,620,0.473,0.526,0.415,0.404,0.52,0.523,0.547,0.536
5/23/2018 11:30,621,0.474,0.528,0.419,0.407,0.523,0.525,0.541,0.515
5/23/2018 12:00,622,0.472,0.528,0.416,0.408,0.522,0.525,0.528,0.479
5/23/2018 12:30,623,0.473,0.531,0.428,0.413,0.523,0.529,0.516,0.475
5/23/2018 13:00,624,0.481,0.537,0.443,0.421,0.53,0.536,0.511,0.482
5/23/2018 13:30,625,0.481,0.538,0.441,0.425,0.532,0.536,0.51,0.485
5/23/2018 14:00,626,0.472,0.529,0.426,0.42,0.522,0.528,0.502,0.475
5/23/2018 14:30,627,0.468,0.527,0.417,0.42,0.519,0.528,0.498,0.472
5/23/2018 15:00,628,0.469,0.528,0.417,0.425,0.521,0.529,0.498,0.473
5/23/2018 15:30,629,0.467,0.527,0.415,0.427,0.52,0.528,0.496,0.471
5/23/2018 16:00,630,0.469,0.529,0.419,0.43,0.52,0.53,0.498,0.474
5/23/2018 16:30,631,0.474,0.534,0.432,0.438,0.527,0.538,0.505,0.484
5/23/2018 17:00,632,0.477,0.539,0.437,0.445,0.531,0.544,0.512,0.492
5/23/2018 17:30,633,0.481,0.54,0.435,0.447,0.533,0.544,0.515,0.498
5/23/2018 18:00,634,0.493,0.549,0.449,0.462,0.542,0.554,0.523,0.517
5/23/2018 18:30,635,0.508,0.556,0.466,0.467,0.548,0.565,0.532,0.544
5/23/2018 19:00,636,0.528,0.569,0.488,0.481,0.562,0.58,0.545,0.566
5/23/2018 19:30,637,0.548,0.581,0.519,0.495,0.578,0.596,0.56,0.583
5/23/2018 20:00,638,0.57,0.594,0.552,0.509,0.597,0.615,0.572,0.595
5/23/2018 20:30,639,0.589,0.604,0.582,0.523,0.616,0.631,0.581,0.605
5/23/2018 21:00,640,0.6,0.61,0.608,0.531,0.63,0.64,0.586,0.61
5/23/2018 21:30,641,0.607,0.613,0.624,0.535,0.638,0.644,0.59,0.613
5/23/2018 22:00,642,0.61,0.614,0.638,0.536,0.643,0.647,0.594,0.617
5/23/2018 22:30,643,0.612,0.614,0.647,0.537,0.645,0.648,0.597,0.62
5/23/2018 23:00,644,0.614,0.614,0.649,0.536,0.647,0.649,0.599,0.622
5/23/2018 23:30,645,0.616,0.613,0.652,0.536,0.648,0.649,0.599,0.624
5/24/2018 0:00,646,0.617,0.613,0.657,0.535,0.65,0.65,0.602,0.626
5/24/2018 0:30,647,0.618,0.613,0.664,0.533,0.651,0.651,0.603,0.628
5/24/2018 1:00,648,0.618,0.613,0.664,0.532,0.652,0.651,0.605,0.629
5/24/2018 1:30,649,0.618,0.613,0.667,0.532,0.654,0.651,0.606,0.631
5/24/2018 2:00,650,0.618,0.612,0.672,0.531,0.653,0.651,0.606,0.632
5/24/2018 2:30,651,0.618,0.612,0.672,0.53,0.654,0.651,0.606,0.632
5/24/2018 3:00,652,0.618,0.611,0.669,0.529,0.654,0.65,0.606,0.633
5/24/2018 3:30,653,0.618,0.611,0.683,0.527,0.653,0.65,0.607,0.633
5/24/2018 4:00,654,0.617,0.611,0.686,0.525,0.653,0.65,0.608,0.634
5/24/2018 4:30,655,0.616,0.611,0.685,0.524,0.653,0.65,0.609,0.634
5/24/2018 5:00,656,0.615,0.611,0.682,0.522,0.655,0.65,0.608,0.634
5/24/2018 5:30,657,0.616,0.611,0.68,0.521,0.656,0.65,0.609,0.634
5/24/2018 6:00,658,0.617,0.61,0.684,0.52,0.656,0.649,0.611,0.634
5/24/2018 6:30,659,0.618,0.61,0.68,0.519,0.653,0.648,0.612,0.634
5/24/2018 7:00,660,0.611,0.608,0.645,0.512,0.641,0.644,0.613,0.635
5/24/2018 7:30,661,0.582,0.598,0.573,0.488,0.607,0.622,0.614,0.634
5/24/2018 8:00,662,0.546,0.581,0.527,0.46,0.578,0.584,0.614,0.631
5/24/2018 8:30,663,0.52,0.568,0.511,0.448,0.569,0.568,0.614,0.629
5/24/2018 9:00,664,0.501,0.555,0.49,0.438,0.557,0.556,0.612,0.623
5/24/2018 9:30,665,0.49,0.543,0.464,0.427,0.547,0.545,0.606,0.61
5/24/2018 10:00,666,0.481,0.533,0.443,0.421,0.54,0.536,0.595,0.586
5/24/2018 10:30,667,0.475,0.528,0.431,0.42,0.535,0.53,0.583,0.555
5/24/2018 11:00,668,0.473,0.528,0.424,0.42,0.532,0.528,0.569,0.526
5/24/2018 11:30,669,0.471,0.528,0.416,0.422,0.531,0.526,0.552,0.497
5/24/2018 12:00,670,0.469,0.525,0.409,0.424,0.53,0.523,0.538,0.475
5/24/2018 12:30,671,0.466,0.523,0.407,0.426,0.529,0.52,0.529,0.466
5/24/2018 13:00,672,0.466,0.524,0.411,0.429,0.529,0.521,0.524,0.465
5/24/2018 13:30,673,0.465,0.524,0.413,0.431,0.529,0.52,0.524,0.468
5/24/2018 14:00,674,0.465,0.525,0.402,0.432,0.529,0.522,0.522,0.473
5/24/2018 14:30,675,0.465,0.525,0.399,0.435,0.529,0.523,0.52,0.476
5/24/2018 15:00,676,0.465,0.526,0.406,0.436,0.53,0.525,0.522,0.485
5/24/2018 15:30,677,0.466,0.526,0.404,0.439,0.53,0.525,0.523,0.488
5/24/2018 16:00,678,0.467,0.527,0.408,0.442,0.532,0.529,0.525,0.491
5/24/2018 16:30,679,0.47,0.529,0.424,0.445,0.534,0.532,0.531,0.491
5/24/2018 17:00,680,0.474,0.533,0.431,0.45,0.536,0.538,0.536,0.496
5/24/2018 17:30,681,0.481,0.536,0.442,0.455,0.539,0.542,0.539,0.505
5/24/2018 18:00,682,0.492,0.545,0.467,0.466,0.546,0.552,0.545,0.523
5/24/2018 18:30,683,0.509,0.555,0.485,0.477,0.556,0.564,0.551,0.55
5/24/2018 19:00,684,0.524,0.566,0.506,0.487,0.568,0.577,0.562,0.573
5/24/2018 19:30,685,0.539,0.577,0.528,0.499,0.582,0.59,0.577,0.589
5/24/2018 20:00,686,0.561,0.588,0.559,0.511,0.599,0.607,0.588,0.601
5/24/2018 20:30,687,0.582,0.599,0.593,0.523,0.618,0.625,0.602,0.611
5/24/2018 21:00,688,0.597,0.605,0.622,0.533,0.635,0.636,0.61,0.618
5/24/2018 21:30,689,0.604,0.608,0.641,0.538,0.644,0.643,0.614,0.624
5/24/2018 22:00,690,0.609,0.61,0.653,0.541,0.649,0.647,0.617,0.628
5/24/2018 22:30,691,0.612,0.611,0.659,0.542,0.653,0.649,0.619,0.632
5/24/2018 23:00,692,0.613,0.611,0.665,0.542,0.655,0.65,0.621,0.634
5/24/2018 23:30,693,0.615,0.611,0.669,0.541,0.657,0.651,0.622,0.636
5/25/2018 0:00,694,0.616,0.611,0.674,0.54,0.658,0.652,0.622,0.637
5/25/2018 0:30,695,0.616,0.611,0.679,0.537,0.659,0.652,0.622,0.638
5/25/2018 1:00,696,0.617,0.611,0.685,0.534,0.66,0.652,0.624,0.639
5/25/2018 1:30,697,0.618,0.611,0.683,0.533,0.662,0.652,0.625,0.64
5/25/2018 2:00,698,0.618,0.61,0.691,0.531,0.662,0.652,0.625,0.641
5/25/2018 2:30,699,0.618,0.61,0.697,0.528,0.663,0.651,0.625,0.642
5/25/2018 3:00,700,0.617,0.608,0.7,0.526,0.663,0.65,0.626,0.642
5/25/2018 3:30,701,0.616,0.607,0.698,0.524,0.664,0.649,0.626,0.643
5/25/2018 4:00,702,0.616,0.606,0.694,0.522,0.663,0.648,0.627,0.643
5/25/2018 4:30,703,0.616,0.606,0.686,0.521,0.663,0.648,0.627,0.642
5/25/2018 5:00,704,0.614,0.606,0.68,0.52,0.663,0.647,0.626,0.642
5/25/2018 5:30,705,0.613,0.606,0.675,0.519,0.663,0.646,0.626,0.641
5/25/2018 6:00,706,0.613,0.605,0.671,0.518,0.662,0.645,0.625,0.641
5/25/2018 6:30,707,0.613,0.605,0.665,0.518,0.662,0.644,0.625,0.64
5/25/2018 7:00,708,0.613,0.605,0.654,0.516,0.66,0.644,0.625,0.64
5/25/2018 7:30,709,0.601,0.602,0.621,0.509,0.65,0.64,0.623,0.639
5/25/2018 8:00,710,0.57,0.591,0.553,0.489,0.619,0.619,0.618,0.638
5/25/2018 8:30,711,0.535,0.572,0.506,0.462,0.59,0.582,0.616,0.636
5/25/2018 9:00,712,0.513,0.556,0.483,0.445,0.577,0.56,0.614,0.633
5/25/2018 9:30,713,0.497,0.544,0.463,0.431,0.566,0.547,0.612,0.626
5/25/2018 10:00,714,0.485,0.536,0.443,0.42,0.557,0.538,0.608,0.61
5/25/2018 10:30,715,0.478,0.532,0.422,0.413,0.549,0.532,0.603,0.584
5/25/2018 11:00,716,0.473,0.53,0.412,0.41,0.543,0.528,0.591,0.544
5/25/2018 11:30,717,0.467,0.527,0.402,0.406,0.537,0.524,0.569,0.502
5/25/2018 12:00,718,0.464,0.527,0.401,0.406,0.535,0.524,0.548,0.476
5/25/2018 12:30,719,0.463,0.527,0.402,0.409,0.534,0.525,0.534,0.465
5/25/2018 13:00,720,0.462,0.527,0.389,0.41,0.534,0.524,0.527,0.462
5/25/2018 13:30,721,0.461,0.528,0.392,0.412,0.534,0.525,0.524,0.464
5/25/2018 14:00,722,0.461,0.528,0.396,0.415,0.533,0.525,0.521,0.466
5/25/2018 14:30,723,0.461,0.527,0.389,0.418,0.533,0.525,0.519,0.471
5/25/2018 15:00,724,0.461,0.528,0.389,0.421,0.533,0.526,0.517,0.476
5/25/2018 15:30,725,0.462,0.527,0.39,0.423,0.533,0.527,0.518,0.48
5/25/2018 16:00,726,0.463,0.528,0.392,0.427,0.533,0.529,0.521,0.482
5/25/2018 16:30,727,0.467,0.53,0.392,0.431,0.535,0.532,0.526,0.483
5/25/2018 17:00,728,0.48,0.537,0.399,0.443,0.545,0.544,0.535,0.493
5/25/2018 17:30,729,0.488,0.541,0.406,0.447,0.549,0.549,0.544,0.507
5/25/2018 18:00,730,0.492,0.543,0.426,0.448,0.548,0.552,0.552,0.528
5/25/2018 18:30,731,0.506,0.554,0.456,0.461,0.56,0.566,0.558,0.556
5/25/2018 19:00,732,0.525,0.566,0.484,0.473,0.576,0.581,0.57,0.579
5/25/2018 19:30,733,0.543,0.58,0.512,0.487,0.594,0.598,0.587,0.597
5/25/2018 20:00,734,0.565,0.592,0.549,0.499,0.611,0.615,0.599,0.61
5/25/2018 20:30,735,0.585,0.603,0.581,0.51,0.63,0.633,0.608,0.619
5/25/2018 21:00,736,0.596,0.61,0.602,0.515,0.644,0.642,0.613,0.624
5/25/2018 21:30,737,0.602,0.613,0.616,0.516,0.651,0.646,0.615,0.627
5/25/2018 22:00,738,0.605,0.615,0.625,0.515,0.655,0.648,0.618,0.629
5/25/2018 22:30,739,0.607,0.615,0.632,0.514,0.657,0.648,0.619,0.631
5/25/2018 23:00,740,0.608,0.615,0.639,0.513,0.658,0.648,0.62,0.633
5/25/2018 23:30,741,0.609,0.615,0.643,0.513,0.659,0.648,0.621,0.634
5/26/2018 0:00,742,0.609,0.614,0.646,0.511,0.66,0.647,0.622,0.636
5/26/2018 0:30,743,0.609,0.613,0.649,0.511,0.661,0.647,0.623,0.636
5/26/2018 1:00,744,0.609,0.612,0.649,0.511,0.661,0.646,0.623,0.637
5/26/2018 1:30,745,0.61,0.611,0.647,0.51,0.661,0.646,0.623,0.636
5/26/2018 2:00,746,0.611,0.611,0.644,0.511,0.662,0.645,0.62,0.637
5/26/2018 2:30,747,0.611,0.61,0.64,0.51,0.663,0.644,0.618,0.637
5/26/2018 3:00,748,0.611,0.61,0.639,0.51,0.663,0.644,0.619,0.637
5/26/2018 3:30,749,0.61,0.609,0.636,0.51,0.663,0.643,0.618,0.636
5/26/2018 4:00,750,0.61,0.608,0.636,0.509,0.663,0.642,0.616,0.636
5/26/2018 4:30,751,0.61,0.608,0.637,0.509,0.662,0.641,0.615,0.636
5/26/2018 5:00,752,0.61,0.607,0.639,0.509,0.662,0.64,0.617,0.636
5/26/2018 5:30,753,0.609,0.607,0.639,0.509,0.662,0.639,0.617,0.636
5/26/2018 6:00,754,0.61,0.606,0.64,0.509,0.662,0.638,0.617,0.636
5/26/2018 6:30,755,0.61,0.605,0.635,0.508,0.661,0.637,0.616,0.636
5/26/2018 7:00,756,0.605,0.603,0.616,0.504,0.654,0.634,0.617,0.636
5/26/2018 7:30,757,0.584,0.598,0.574,0.492,0.635,0.625,0.616,0.635
5/26/2018 8:00,758,0.561,0.587,0.531,0.474,0.611,0.603,0.616,0.633
5/26/2018 8:30,759,0.534,0.572,0.502,0.457,0.594,0.577,0.616,0.627
5/26/2018 9:00,760,0.511,0.555,0.483,0.44,0.578,0.555,0.614,0.615
5/26/2018 9:30,761,0.487,0.54,0.461,0.424,0.562,0.537,0.61,0.602
5/26/2018 10:00,762,0.474,0.53,0.443,0.411,0.551,0.529,0.605,0.583
5/26/2018 10:30,763,0.468,0.526,0.426,0.405,0.544,0.525,0.597,0.555
5/26/2018 11:00,764,0.465,0.525,0.425,0.403,0.54,0.524,0.582,0.519
5/26/2018 11:30,765,0.462,0.524,0.419,0.403,0.536,0.523,0.563,0.488
5/26/2018 12:00,766,0.46,0.523,0.404,0.402,0.533,0.521,0.545,0.467
5/26/2018 12:30,767,0.457,0.523,0.394,0.402,0.531,0.521,0.532,0.457
5/26/2018 13:00,768,0.457,0.524,0.384,0.404,0.531,0.521,0.525,0.456
5/26/2018 13:30,769,0.456,0.524,0.388,0.406,0.53,0.522,0.522,0.456
5/26/2018 14:00,770,0.455,0.523,0.373,0.407,0.53,0.522,0.52,0.458
5/26/2018 14:30,771,0.455,0.524,0.378,0.409,0.53,0.524,0.52,0.465
5/26/2018 15:00,772,0.454,0.525,0.382,0.41,0.529,0.525,0.521,0.469
5/26/2018 15:30,773,0.455,0.525,0.383,0.412,0.53,0.526,0.522,0.472
5/26/2018 16:00,774,0.471,0.535,0.414,0.426,0.544,0.541,0.531,0.491
5/26/2018 16:30,775,0.507,0.558,0.47,0.456,0.575,0.575,0.553,0.526
5/26/2018 17:00,776,0.527,0.569,0.491,0.467,0.585,0.589,0.569,0.55
5/26/2018 17:30,777,0.528,0.569,0.49,0.463,0.582,0.587,0.579,0.565
5/26/2018 18:00,778,0.539,0.575,0.503,0.464,0.588,0.594,0.587,0.582
5/26/2018 18:30,779,0.563,0.587,0.54,0.476,0.604,0.614,0.596,0.602
5/26/2018 19:00,780,0.584,0.598,0.573,0.485,0.616,0.63,0.605,0.615
5/26/2018 19:30,781,0.594,0.605,0.587,0.493,0.629,0.637,0.61,0.622
5/26/2018 20:00,782,0.597,0.607,0.598,0.497,0.637,0.64,0.614,0.626
5/26/2018 20:30,783,0.6,0.608,0.624,0.499,0.645,0.643,0.618,0.63
5/26/2018 21:00,784,0.604,0.61,0.639,0.502,0.652,0.644,0.621,0.633
5/26/2018 21:30,785,0.606,0.611,0.644,0.506,0.655,0.645,0.623,0.635
5/26/2018 22:00,786,0.606,0.612,0.645,0.507,0.657,0.644,0.624,0.636
5/26/2018 22:30,787,0.606,0.612,0.646,0.508,0.658,0.643,0.625,0.637
5/26/2018 23:00,788,0.606,0.612,0.649,0.508,0.658,0.642,0.625,0.638
5/26/2018 23:30,789,0.606,0.611,0.651,0.508,0.658,0.641,0.626,0.638
5/27/2018 0:00,790,0.606,0.611,0.652,0.508,0.658,0.639,0.626,0.639
5/27/2018 0:30,791,0.606,0.609,0.654,0.508,0.658,0.637,0.627,0.639
5/27/2018 1:00,792,0.606,0.609,0.656,0.508,0.658,0.636,0.627,0.64
5/27/2018 1:30,793,0.607,0.608,0.657,0.508,0.658,0.634,0.627,0.64
5/27/2018 2:00,794,0.606,0.607,0.657,0.508,0.658,0.632,0.627,0.64
5/27/2018 2:30,795,0.606,0.606,0.657,0.508,0.657,0.631,0.628,0.64
5/27/2018 3:00,796,0.606,0.605,0.659,0.508,0.657,0.629,0.627,0.641
5/27/2018 3:30,797,0.606,0.603,0.658,0.508,0.656,0.628,0.628,0.641
5/27/2018 4:00,798,0.606,0.602,0.655,0.507,0.655,0.626,0.628,0.642
5/27/2018 4:30,799,0.605,0.601,0.652,0.507,0.654,0.625,0.628,0.642
5/27/2018 5:00,800,0.605,0.601,0.649,0.507,0.652,0.624,0.628,0.642
5/27/2018 5:30,801,0.605,0.6,0.641,0.507,0.651,0.623,0.628,0.642
5/27/2018 6:00,802,0.604,0.599,0.637,0.507,0.649,0.622,0.627,0.642
5/27/2018 6:30,803,0.606,0.599,0.631,0.506,0.647,0.621,0.627,0.642
5/27/2018 7:00,804,0.608,0.598,0.621,0.506,0.645,0.621,0.626,0.641
5/27/2018 7:30,805,0.608,0.598,0.606,0.503,0.642,0.622,0.626,0.641
5/27/2018 8:00,806,0.605,0.597,0.575,0.498,0.635,0.618,0.624,0.64
5/27/2018 8:30,807,0.597,0.592,0.541,0.488,0.622,0.611,0.624,0.638
5/27/2018 9:00,808,0.582,0.584,0.514,0.475,0.605,0.597,0.623,0.635
5/27/2018 9:30,809,0.54,0.563,0.47,0.452,0.576,0.561,0.622,0.627
5/27/2018 10:00,810,0.538,0.556,0.478,0.444,0.572,0.557,0.621,0.619
5/27/2018 10:30,811,0.526,0.549,0.468,0.436,0.562,0.549,0.62,0.607
5/27/2018 11:00,812,0.51,0.539,0.448,0.426,0.551,0.537,0.618,0.588
5/27/2018 11:30,813,0.488,0.526,0.421,0.412,0.536,0.521,0.611,0.556
5/27/2018 12:00,814,0.481,0.523,0.42,0.408,0.533,0.518,0.599,0.529
5/27/2018 12:30,815,0.484,0.525,0.424,0.41,0.537,0.525,0.588,0.516
5/27/2018 13:00,816,0.472,0.519,0.397,0.403,0.528,0.516,0.576,0.495
5/27/2018 13:30,817,0.464,0.514,0.388,0.4,0.522,0.513,0.558,0.478
5/27/2018 14:00,818,0.467,0.52,0.397,0.406,0.527,0.521,0.552,0.486
5/27/2018 14:30,819,0.469,0.524,0.404,0.411,0.531,0.524,0.555,0.496
5/27/2018 15:00,820,0.472,0.526,0.409,0.414,0.533,0.527,0.557,0.5
5/27/2018 15:30,821,0.497,0.545,0.455,0.435,0.555,0.553,0.57,0.529
5/27/2018 16:00,822,0.508,0.554,0.467,0.445,0.562,0.565,0.581,0.548
5/27/2018 16:30,823,0.521,0.56,0.479,0.45,0.57,0.572,0.587,0.559
5/27/2018 17:00,824,0.532,0.567,0.49,0.458,0.577,0.582,0.596,0.575
5/27/2018 17:30,825,0.547,0.569,0.519,0.466,0.584,0.593,0.603,0.59
5/27/2018 18:00,826,0.565,0.575,0.569,0.476,0.596,0.606,0.608,0.603
5/27/2018 18:30,827,0.583,0.585,0.594,0.489,0.616,0.62,0.615,0.616
5/27/2018 19:00,828,0.589,0.587,0.595,0.493,0.624,0.622,0.619,0.623
5/27/2018 19:30,829,0.595,0.588,0.602,0.494,0.631,0.624,0.62,0.626
5/27/2018 20:00,830,0.601,0.598,0.619,0.498,0.636,0.634,0.62,0.63
5/27/2018 20:30,831,0.604,0.599,0.621,0.501,0.64,0.635,0.62,0.632
5/27/2018 21:00,832,0.604,0.599,0.629,0.502,0.641,0.634,0.622,0.634
5/27/2018 21:30,833,0.602,0.592,0.634,0.503,0.64,0.626,0.592,0.587
5/27/2018 22:00,834,0.602,0.592,0.639,0.502,0.638,0.626,0.57,0.555
5/27/2018 22:30,835,0.602,0.587,0.652,0.502,0.638,0.623,0.574,0.58
5/27/2018 23:00,836,0.603,0.588,0.662,0.503,0.637,0.624,0.577,0.589
5/27/2018 23:30,837,0.605,0.585,0.672,0.504,0.636,0.623,0.579,0.592
5/28/2018 0:00,838,0.606,0.588,0.672,0.504,0.635,0.626,0.579,0.595
5/28/2018 0:30,839,0.605,0.585,0.676,0.505,0.634,0.624,0.582,0.596
5/28/2018 1:00,840,0.607,0.588,0.674,0.505,0.632,0.626,0.582,0.597
5/28/2018 1:30,841,0.607,0.589,0.671,0.505,0.63,0.628,0.581,0.601
5/28/2018 2:00,842,0.607,0.587,0.67,0.506,0.629,0.627,0.581,0.601
5/28/2018 2:30,843,0.606,0.587,0.669,0.506,0.628,0.625,0.585,0.602
5/28/2018 3:00,844,0.607,0.587,0.667,0.506,0.628,0.626,0.584,0.607
5/28/2018 3:30,845,0.606,0.585,0.664,0.506,0.628,0.623,0.588,0.609
5/28/2018 4:00,846,0.606,0.583,0.658,0.505,0.627,0.621,0.586,0.604
5/28/2018 4:30,847,0.604,0.579,0.657,0.506,0.626,0.617,0.584,0.602
5/28/2018 5:00,848,0.605,0.581,0.652,0.505,0.626,0.618,0.585,0.605
5/28/2018 5:30,849,0.605,0.58,0.652,0.504,0.625,0.618,0.582,0.605
5/28/2018 6:00,850,0.605,0.579,0.652,0.504,0.624,0.617,0.585,0.608
5/28/2018 6:30,851,0.605,0.583,0.649,0.504,0.623,0.619,0.589,0.617
5/28/2018 7:00,852,0.604,0.579,0.646,0.504,0.623,0.614,0.592,0.617
5/28/2018 7:30,853,0.604,0.579,0.641,0.504,0.622,0.614,0.593,0.616
5/28/2018 8:00,854,0.604,0.578,0.643,0.503,0.621,0.613,0.594,0.618
5/28/2018 8:30,855,0.603,0.58,0.637,0.503,0.621,0.614,0.595,0.621
5/28/2018 9:00,856,0.604,0.579,0.633,0.503,0.621,0.612,0.597,0.621
5/28/2018 9:30,857,0.606,0.579,0.63,0.503,0.62,0.614,0.595,0.622
5/28/2018 10:00,858,0.607,0.579,0.623,0.503,0.62,0.614,0.595,0.622
5/28/2018 10:30,859,0.607,0.577,0.616,0.502,0.621,0.612,0.597,0.623
5/28/2018 11:00,860,0.607,0.578,0.61,0.501,0.621,0.612,0.599,0.623
5/28/2018 11:30,861,0.609,0.578,0.609,0.501,0.622,0.613,0.599,0.623
5/28/2018 12:00,862,0.61,0.579,0.603,0.5,0.621,0.614,0.6,0.627
5/28/2018 12:30,863,0.61,0.576,0.576,0.495,0.617,0.612,0.599,0.626
5/28/2018 13:00,864,0.61,0.574,0.557,0.488,0.609,0.609,0.599,0.628
5/28/2018 13:30,865,0.606,0.572,0.551,0.485,0.603,0.604,0.601,0.629
5/28/2018 14:00,866,0.599,0.568,0.537,0.478,0.594,0.599,0.599,0.627
5/28/2018 14:30,867,0.593,0.567,0.532,0.474,0.589,0.597,0.6,0.629
5/28/2018 15:00,868,0.589,0.566,0.528,0.471,0.586,0.595,0.6,0.628
5/28/2018 15:30,869,0.579,0.558,0.513,0.464,0.577,0.585,0.601,0.627
5/28/2018 16:00,870,0.571,0.555,0.501,0.458,0.57,0.581,0.599,0.624
5/28/2018 16:30,871,0.567,0.552,0.496,0.454,0.565,0.576,0.6,0.619
5/28/2018 17:00,872,0.566,0.552,0.5,0.454,0.566,0.576,0.602,0.619
5/28/2018 17:30,873,0.576,0.56,0.523,0.462,0.577,0.588,0.604,0.62
5/28/2018 18:00,874,0.585,0.567,0.541,0.47,0.586,0.599,0.605,0.623
5/28/2018 18:30,875,0.593,0.573,0.558,0.477,0.594,0.608,0.606,0.626
5/28/2018 19:00,876,0.6,0.578,0.573,0.483,0.602,0.615,0.607,0.628
5/28/2018 19:30,877,0.604,0.581,0.583,0.488,0.607,0.619,0.606,0.631
5/28/2018 20:00,878,0.607,0.584,0.591,0.491,0.61,0.621,0.606,0.632
5/28/2018 20:30,879,0.609,0.585,0.598,0.494,0.614,0.622,0.607,0.633
5/28/2018 21:00,880,0.609,0.585,0.604,0.496,0.616,0.623,0.607,0.634
5/28/2018 21:30,881,0.608,0.584,0.604,0.497,0.618,0.622,0.607,0.635
5/28/2018 22:00,882,0.607,0.584,0.605,0.498,0.618,0.621,0.607,0.635
5/28/2018 22:30,883,0.606,0.583,0.604,0.499,0.619,0.62,0.606,0.635
5/28/2018 23:00,884,0.605,0.582,0.605,0.499,0.617,0.62,0.607,0.635
5/28/2018 23:30,885,0.605,0.582,0.604,0.499,0.618,0.619,0.607,0.635
5/29/2018 0:00,886,0.604,0.581,0.602,0.5,0.618,0.618,0.605,0.635
5/29/2018 0:30,887,0.603,0.58,0.602,0.499,0.617,0.617,0.604,0.635
5/29/2018 1:00,888,0.602,0.58,0.602,0.499,0.616,0.616,0.607,0.635
5/29/2018 1:30,889,0.601,0.579,0.601,0.498,0.615,0.615,0.608,0.635
5/29/2018 2:00,890,0.601,0.578,0.6,0.498,0.615,0.614,0.608,0.635
5/29/2018 2:30,891,0.6,0.577,0.598,0.497,0.614,0.613,0.604,0.635
5/29/2018 3:00,892,0.6,0.577,0.596,0.496,0.613,0.612,0.606,0.634
5/29/2018 3:30,893,0.6,0.576,0.594,0.495,0.612,0.611,0.606,0.634
5/29/2018 4:00,894,0.599,0.576,0.594,0.495,0.611,0.61,0.607,0.634
5/29/2018 4:30,895,0.599,0.575,0.592,0.495,0.611,0.609,0.606,0.634
5/29/2018 5:00,896,0.6,0.574,0.591,0.495,0.61,0.608,0.606,0.634
5/29/2018 5:30,897,0.599,0.574,0.593,0.493,0.61,0.607,0.608,0.634
5/29/2018 6:00,898,0.599,0.573,0.59,0.493,0.61,0.606,0.607,0.634
5/29/2018 6:30,899,0.599,0.572,0.588,0.492,0.609,0.605,0.605,0.633
5/29/2018 7:00,900,0.598,0.572,0.586,0.492,0.608,0.604,0.607,0.633
5/29/2018 7:30,901,0.598,0.571,0.583,0.492,0.608,0.603,0.606,0.633
5/29/2018 8:00,902,0.599,0.572,0.577,0.492,0.609,0.603,0.607,0.633
5/29/2018 8:30,903,0.601,0.572,0.569,0.493,0.612,0.604,0.604,0.632
5/29/2018 9:00,904,0.603,0.572,0.558,0.493,0.614,0.604,0.603,0.63
5/29/2018 9:30,905,0.604,0.572,0.546,0.491,0.614,0.604,0.604,0.63
5/29/2018 10:00,906,0.6,0.568,0.512,0.483,0.608,0.598,0.605,0.629
5/29/2018 10:30,907,0.587,0.559,0.482,0.466,0.59,0.585,0.607,0.625
5/29/2018 11:00,908,0.57,0.549,0.46,0.452,0.572,0.572,0.605,0.62
5/29/2018 11:30,909,0.561,0.544,0.459,0.447,0.567,0.567,0.607,0.615
5/29/2018 12:00,910,0.552,0.539,0.441,0.442,0.561,0.56,0.607,0.608
5/29/2018 12:30,911,0.558,0.541,0.461,0.447,0.568,0.567,0.607,0.606
5/29/2018 13:00,912,0.562,0.545,0.475,0.451,0.572,0.574,0.607,0.606
5/29/2018 13:30,913,0.555,0.541,0.457,0.446,0.564,0.569,0.606,0.599
5/29/2018 14:00,914,0.541,0.532,0.439,0.436,0.55,0.558,0.606,0.592
5/29/2018 14:30,915,0.536,0.53,0.437,0.432,0.546,0.554,0.604,0.589
5/29/2018 15:00,916,0.515,0.518,0.409,0.418,0.528,0.537,0.602,0.575
5/29/2018 15:30,917,0.496,0.507,0.389,0.404,0.513,0.521,0.596,0.561
5/29/2018 16:00,918,0.491,0.506,0.394,0.402,0.51,0.522,0.59,0.55
5/29/2018 16:30,919,0.493,0.508,0.4,0.407,0.512,0.527,0.585,0.546
5/29/2018 17:00,920,0.497,0.512,0.414,0.413,0.516,0.533,0.585,0.55
5/29/2018 17:30,921,0.515,0.525,0.447,0.428,0.533,0.551,0.59,0.565
5/29/2018 18:00,922,0.527,0.537,0.47,0.44,0.542,0.569,0.596,0.582
5/29/2018 18:30,923,0.53,0.539,0.472,0.441,0.543,0.57,0.598,0.592
5/29/2018 19:00,924,0.545,0.549,0.494,0.451,0.556,0.585,0.602,0.605
5/29/2018 19:30,925,0.563,0.56,0.526,0.464,0.573,0.602,0.604,0.615
5/29/2018 20:00,926,0.582,0.571,0.555,0.477,0.59,0.618,0.609,0.622
5/29/2018 20:30,927,0.593,0.578,0.573,0.486,0.601,0.625,0.61,0.626
5/29/2018 21:00,928,0.599,0.58,0.584,0.49,0.609,0.628,0.611,0.629
5/29/2018 21:30,929,0.602,0.582,0.591,0.493,0.611,0.629,0.613,0.631
5/29/2018 22:00,930,0.603,0.582,0.596,0.495,0.613,0.628,0.615,0.633
5/29/2018 22:30,931,0.604,0.581,0.601,0.496,0.614,0.627,0.615,0.634
5/29/2018 23:00,932,0.604,0.581,0.603,0.496,0.614,0.627,0.616,0.636
5/29/2018 23:30,933,0.604,0.581,0.605,0.497,0.614,0.626,0.617,0.637
5/30/2018 0:00,934,0.604,0.58,0.606,0.497,0.613,0.625,0.617,0.638
5/30/2018 0:30,935,0.604,0.581,0.608,0.497,0.614,0.624,0.619,0.638
5/30/2018 1:00,936,0.603,0.583,0.608,0.497,0.614,0.624,0.621,0.639
5/30/2018 1:30,937,0.603,0.58,0.611,0.497,0.613,0.623,0.623,0.64
5/30/2018 2:00,938,0.604,0.578,0.612,0.497,0.612,0.622,0.619,0.64
5/30/2018 2:30,939,0.604,0.577,0.615,0.497,0.612,0.622,0.62,0.641
5/30/2018 3:00,940,0.604,0.576,0.616,0.497,0.612,0.622,0.621,0.641
5/30/2018 3:30,941,0.604,0.575,0.619,0.498,0.612,0.621,0.623,0.642
5/30/2018 4:00,942,0.604,0.574,0.62,0.498,0.612,0.621,0.625,0.643
5/30/2018 4:30,943,0.605,0.573,0.618,0.497,0.612,0.62,0.625,0.643
5/30/2018 5:00,944,0.604,0.572,0.613,0.496,0.612,0.619,0.624,0.643
5/30/2018 5:30,945,0.603,0.571,0.611,0.496,0.611,0.618,0.624,0.643
5/30/2018 6:00,946,0.603,0.57,0.605,0.496,0.611,0.617,0.623,0.643
5/30/2018 6:30,947,0.602,0.57,0.604,0.495,0.61,0.615,0.622,0.642
5/30/2018 7:00,948,0.601,0.569,0.598,0.494,0.61,0.614,0.62,0.642
5/30/2018 7:30,949,0.601,0.568,0.592,0.493,0.609,0.612,0.62,0.641
5/30/2018 8:00,950,0.601,0.568,0.585,0.493,0.61,0.611,0.619,0.641
5/30/2018 8:30,951,0.6,0.569,0.568,0.493,0.611,0.611,0.617,0.639
5/30/2018 9:00,952,0.588,0.562,0.518,0.488,0.606,0.605,0.614,0.634
5/30/2018 9:30,953,0.573,0.55,0.465,0.468,0.589,0.588,0.611,0.626
5/30/2018 10:00,954,0.551,0.536,0.439,0.444,0.562,0.564,0.612,0.623
5/30/2018 10:30,955,0.521,0.52,0.411,0.426,0.539,0.54,0.611,0.613
5/30/2018 11:00,956,0.486,0.498,0.377,0.404,0.514,0.512,0.607,0.584
5/30/2018 11:30,957,0.48,0.495,0.377,0.399,0.508,0.511,0.602,0.551
5/30/2018 12:00,958,0.471,0.493,0.373,0.393,0.5,0.508,0.593,0.517
5/30/2018 12:30,959,0.466,0.493,0.372,0.389,0.496,0.508,0.582,0.496
5/30/2018 13:00,960,0.465,0.494,0.378,0.39,0.496,0.511,0.567,0.488
5/30/2018 13:30,961,0.463,0.494,0.384,0.391,0.495,0.511,0.559,0.486
5/30/2018 14:00,962,0.468,0.499,0.394,0.397,0.5,0.516,0.556,0.497
5/30/2018 14:30,963,0.474,0.506,0.407,0.404,0.506,0.524,0.559,0.51
5/30/2018 15:00,964,0.474,0.508,0.407,0.407,0.506,0.525,0.564,0.518
5/30/2018 15:30,965,0.477,0.51,0.408,0.409,0.507,0.528,0.566,0.523
5/30/2018 16:00,966,0.484,0.513,0.412,0.413,0.512,0.532,0.569,0.527
5/30/2018 16:30,967,0.507,0.532,0.459,0.432,0.533,0.561,0.581,0.557
5/30/2018 17:00,968,0.518,0.54,0.47,0.44,0.539,0.573,0.588,0.574
5/30/2018 17:30,969,0.524,0.543,0.475,0.444,0.542,0.576,0.596,0.588
5/30/2018 18:00,970,0.533,0.545,0.479,0.448,0.548,0.579,0.6,0.599
5/30/2018 18:30,971,0.551,0.551,0.496,0.458,0.562,0.59,0.605,0.608
5/30/2018 19:00,972,0.57,0.56,0.521,0.47,0.577,0.607,0.609,0.617
5/30/2018 19:30,973,0.584,0.567,0.541,0.479,0.591,0.617,0.612,0.622
5/30/2018 20:00,974,0.592,0.571,0.555,0.485,0.6,0.623,0.615,0.626
5/30/2018 20:30,975,0.596,0.572,0.567,0.489,0.607,0.623,0.617,0.627
5/30/2018 21:00,976,0.598,0.572,0.575,0.491,0.61,0.624,0.616,0.627
5/30/2018 21:30,977,0.6,0.572,0.588,0.493,0.611,0.623,0.617,0.628
5/30/2018 22:00,978,0.6,0.571,0.595,0.493,0.612,0.623,0.617,0.63
5/30/2018 22:30,979,0.6,0.57,0.596,0.494,0.612,0.622,0.616,0.629
5/30/2018 23:00,980,0.601,0.569,0.6,0.495,0.612,0.621,0.617,0.63
5/30/2018 23:30,981,0.601,0.569,0.602,0.495,0.613,0.62,0.619,0.632
5/31/2018 0:00,982,0.601,0.569,0.602,0.496,0.612,0.62,0.621,0.635
5/31/2018 0:30,983,0.602,0.568,0.601,0.496,0.612,0.62,0.62,0.636
5/31/2018 1:00,984,0.602,0.567,0.601,0.496,0.613,0.619,0.622,0.636
5/31/2018 1:30,985,0.601,0.566,0.601,0.496,0.613,0.618,0.622,0.636
5/31/2018 2:00,986,0.601,0.563,0.603,0.496,0.613,0.616,0.622,0.633
5/31/2018 2:30,987,0.601,0.563,0.604,0.496,0.613,0.616,0.621,0.634
5/31/2018 3:00,988,0.6,0.562,0.604,0.496,0.613,0.615,0.623,0.636
5/31/2018 3:30,989,0.6,0.562,0.603,0.496,0.613,0.615,0.624,0.638
5/31/2018 4:00,990,0.6,0.562,0.6,0.496,0.612,0.616,0.623,0.638
5/31/2018 4:30,991,0.6,0.563,0.597,0.497,0.613,0.615,0.622,0.638
5/31/2018 5:00,992,0.6,0.564,0.595,0.496,0.612,0.615,0.622,0.638
5/31/2018 5:30,993,0.6,0.561,0.594,0.495,0.612,0.613,0.62,0.637
5/31/2018 6:00,994,0.599,0.56,0.592,0.494,0.612,0.611,0.62,0.637
5/31/2018 6:30,995,0.598,0.558,0.591,0.494,0.611,0.61,0.619,0.636
5/31/2018 7:00,996,0.597,0.558,0.588,0.494,0.612,0.609,0.62,0.638
5/31/2018 7:30,997,0.596,0.558,0.585,0.493,0.611,0.607,0.62,0.638
5/31/2018 8:00,998,0.596,0.558,0.581,0.493,0.612,0.606,0.619,0.638
5/31/2018 8:30,999,0.595,0.557,0.576,0.492,0.609,0.605,0.618,0.637
5/31/2018 9:00,1000,0.595,0.557,0.572,0.492,0.611,0.604,0.617,0.637
5/31/2018 9:30,1001,0.595,0.557,0.565,0.491,0.611,0.603,0.617,0.636
5/31/2018 10:00,1002,0.596,0.557,0.556,0.491,0.612,0.603,0.616,0.636
5/31/2018 10:30,1003,0.597,0.555,0.53,0.489,0.611,0.601,0.614,0.634
5/31/2018 11:00,1004,0.597,0.554,0.518,0.485,0.609,0.6,0.613,0.633
5/31/2018 11:30,1005,0.594,0.551,0.497,0.477,0.604,0.596,0.613,0.633
5/31/2018 12:00,1006,0.588,0.546,0.475,0.468,0.594,0.589,0.612,0.632
5/31/2018 12:30,1007,0.576,0.539,0.456,0.458,0.582,0.577,0.612,0.631
5/31/2018 13:00,1008,0.567,0.534,0.45,0.454,0.575,0.571,0.611,0.63
5/31/2018 13:30,1009,0.563,0.532,0.449,0.452,0.573,0.569,0.611,0.629
5/31/2018 14:00,1010,0.537,0.516,0.4,0.436,0.55,0.547,0.608,0.621
5/31/2018 14:30,1011,0.503,0.492,0.356,0.407,0.518,0.512,0.604,0.595
5/31/2018 15:00,1012,0.489,0.485,0.353,0.398,0.509,0.502,0.599,0.569
5/31/2018 15:30,1013,0.48,0.482,0.353,0.394,0.503,0.499,0.594,0.548
5/31/2018 16:00,1014,0.47,0.479,0.348,0.39,0.495,0.495,0.586,0.525
5/31/2018 16:30,1015,0.471,0.485,0.368,0.393,0.498,0.504,0.579,0.52
5/31/2018 17:00,1016,0.475,0.489,0.368,0.398,0.501,0.51,0.577,0.524
5/31/2018 17:30,1017,0.476,0.491,0.377,0.401,0.502,0.513,0.577,0.532
5/31/2018 18:00,1018,0.498,0.508,0.416,0.418,0.521,0.537,0.583,0.555
5/31/2018 18:30,1019,0.52,0.521,0.439,0.434,0.538,0.556,0.59,0.576
5/31/2018 19:00,1020,0.552,0.54,0.489,0.457,0.566,0.587,0.598,0.597
5/31/2018 19:30,1021,0.573,0.553,0.523,0.472,0.585,0.606,0.605,0.613
5/31/2018 20:00,1022,0.585,0.56,0.54,0.481,0.596,0.613,0.609,0.623
5/31/2018 20:30,1023,0.591,0.562,0.547,0.485,0.602,0.614,0.611,0.628
5/31/2018 21:00,1024,0.595,0.563,0.552,0.489,0.606,0.615,0.612,0.629
5/31/2018 21:30,1025,0.596,0.563,0.562,0.49,0.608,0.614,0.613,0.632
5/31/2018 22:00,1026,0.596,0.562,0.57,0.492,0.609,0.612,0.615,0.634
5/31/2018 22:30,1027,0.596,0.561,0.573,0.493,0.609,0.61,0.615,0.635
5/31/2018 23:00,1028,0.596,0.562,0.574,0.493,0.609,0.611,0.614,0.636
5/31/2018 23:30,1029,0.596,0.561,0.579,0.493,0.608,0.611,0.614,0.637
6/1/2018 0:00,1030,0.596,0.56,0.577,0.493,0.608,0.61,0.614,0.636
6/1/2018 0:30,1031,0.596,0.559,0.578,0.492,0.608,0.609,0.615,0.637
6/1/2018 1:00,1032,0.596,0.559,0.58,0.492,0.607,0.609,0.615,0.637
6/1/2018 1:30,1033,0.596,0.558,0.582,0.491,0.607,0.608,0.615,0.638
6/1/2018 2:00,1034,0.596,0.557,0.583,0.49,0.607,0.607,0.616,0.638
6/1/2018 2:30,1035,0.595,0.556,0.582,0.49,0.606,0.607,0.616,0.638
6/1/2018 3:00,1036,0.595,0.556,0.583,0.49,0.607,0.606,0.616,0.638
6/1/2018 3:30,1037,0.595,0.555,0.586,0.49,0.606,0.606,0.616,0.639
6/1/2018 4:00,1038,0.595,0.555,0.591,0.49,0.606,0.605,0.617,0.639
6/1/2018 4:30,1039,0.595,0.554,0.59,0.49,0.606,0.604,0.618,0.64
6/1/2018 5:00,1040,0.595,0.553,0.59,0.49,0.607,0.603,0.618,0.64
6/1/2018 5:30,1041,0.596,0.552,0.591,0.491,0.606,0.603,0.618,0.641
6/1/2018 6:00,1042,0.596,0.551,0.584,0.491,0.607,0.601,0.617,0.641
6/1/2018 6:30,1043,0.596,0.551,0.582,0.491,0.606,0.6,0.617,0.641
6/1/2018 7:00,1044,0.594,0.55,0.58,0.49,0.606,0.598,0.616,0.641
6/1/2018 7:30,1045,0.593,0.549,0.575,0.489,0.605,0.597,0.616,0.641
6/1/2018 8:00,1046,0.592,0.549,0.572,0.489,0.604,0.595,0.615,0.64
6/1/2018 8:30,1047,0.591,0.548,0.567,0.488,0.604,0.593,0.614,0.64
6/1/2018 9:00,1048,0.592,0.548,0.556,0.489,0.607,0.592,0.612,0.638
6/1/2018 9:30,1049,0.573,0.543,0.502,0.481,0.598,0.585,0.611,0.637
6/1/2018 10:00,1050,0.52,0.516,0.417,0.446,0.559,0.547,0.611,0.635
6/1/2018 10:30,1051,0.489,0.491,0.384,0.414,0.522,0.509,0.61,0.628
6/1/2018 11:00,1052,0.476,0.482,0.379,0.402,0.509,0.499,0.609,0.606
6/1/2018 11:30,1053,0.461,0.472,0.357,0.39,0.496,0.487,0.603,0.554
6/1/2018 12:00,1054,0.465,0.474,0.367,0.392,0.498,0.493,0.59,0.526
6/1/2018 12:30,1055,0.458,0.472,0.359,0.39,0.492,0.49,0.574,0.495
6/1/2018 13:00,1056,0.466,0.476,0.357,0.397,0.498,0.497,0.56,0.493
6/1/2018 13:30,1057,0.467,0.478,0.358,0.399,0.497,0.5,0.553,0.492
6/1/2018 14:00,1058,0.465,0.477,0.356,0.399,0.495,0.501,0.545,0.49
6/1/2018 14:30,1059,0.468,0.48,0.367,0.403,0.498,0.506,0.545,0.501
6/1/2018 15:00,1060,0.467,0.482,0.365,0.405,0.497,0.508,0.545,0.508
6/1/2018 15:30,1061,0.465,0.481,0.361,0.405,0.495,0.507,0.545,0.508
6/1/2018 16:00,1062,0.466,0.484,0.369,0.41,0.497,0.512,0.549,0.511
6/1/2018 16:30,1063,0.462,0.483,0.364,0.41,0.494,0.51,0.55,0.506
6/1/2018 17:00,1064,0.465,0.486,0.372,0.414,0.497,0.514,0.554,0.51
6/1/2018 17:30,1065,0.471,0.492,0.387,0.422,0.503,0.521,0.56,0.523
6/1/2018 18:00,1066,0.474,0.497,0.404,0.427,0.504,0.529,0.567,0.541
6/1/2018 18:30,1067,0.478,0.502,0.418,0.431,0.507,0.535,0.57,0.563
6/1/2018 19:00,1068,0.504,0.517,0.455,0.449,0.527,0.558,0.578,0.585
6/1/2018 19:30,1069,0.543,0.539,0.501,0.474,0.561,0.591,0.589,0.605
6/1/2018 20:00,1070,0.564,0.55,0.519,0.485,0.577,0.606,0.599,0.617
6/1/2018 20:30,1071,0.58,0.557,0.538,0.491,0.591,0.614,0.604,0.625
6/1/2018 21:00,1072,0.589,0.561,0.552,0.495,0.6,0.619,0.609,0.629
6/1/2018 21:30,1073,0.593,0.562,0.56,0.497,0.605,0.62,0.61,0.632
6/1/2018 22:00,1074,0.596,0.562,0.565,0.498,0.607,0.619,0.61,0.633
6/1/2018 22:30,1075,0.596,0.562,0.568,0.498,0.608,0.618,0.611,0.635
6/1/2018 23:00,1076,0.597,0.561,0.571,0.499,0.608,0.617,0.612,0.635
6/1/2018 23:30,1077,0.597,0.56,0.573,0.499,0.608,0.615,0.613,0.636
6/2/2018 0:00,1078,0.597,0.559,0.575,0.498,0.608,0.613,0.612,0.637
6/2/2018 0:30,1079,0.596,0.559,0.573,0.498,0.608,0.612,0.613,0.637
6/2/2018 1:00,1080,0.597,0.559,0.568,0.498,0.609,0.612,0.612,0.638
6/2/2018 1:30,1081,0.597,0.559,0.571,0.497,0.61,0.613,0.615,0.638
6/2/2018 2:00,1082,0.598,0.558,0.571,0.497,0.61,0.612,0.617,0.64
6/2/2018 2:30,1083,0.599,0.558,0.575,0.496,0.611,0.613,0.616,0.64
6/2/2018 3:00,1084,0.598,0.556,0.577,0.496,0.611,0.612,0.613,0.641
6/2/2018 3:30,1085,0.598,0.556,0.577,0.495,0.611,0.612,0.615,0.641
6/2/2018 4:00,1086,0.598,0.555,0.58,0.496,0.611,0.612,0.616,0.641
6/2/2018 4:30,1087,0.597,0.554,0.583,0.497,0.611,0.611,0.615,0.641
6/2/2018 5:00,1088,0.596,0.553,0.582,0.497,0.61,0.609,0.615,0.642
6/2/2018 5:30,1089,0.596,0.552,0.58,0.497,0.609,0.607,0.615,0.641
6/2/2018 6:00,1090,0.596,0.552,0.584,0.497,0.609,0.606,0.617,0.642
6/2/2018 6:30,1091,0.595,0.551,0.582,0.496,0.609,0.605,0.616,0.641
6/2/2018 7:00,1092,0.596,0.55,0.576,0.496,0.609,0.604,0.616,0.641
6/2/2018 7:30,1093,0.595,0.55,0.565,0.496,0.609,0.604,0.615,0.641
6/2/2018 8:00,1094,0.573,0.545,0.517,0.484,0.598,0.596,0.614,0.64
6/2/2018 8:30,1095,0.556,0.535,0.473,0.465,0.577,0.579,0.613,0.638
6/2/2018 9:00,1096,0.552,0.528,0.463,0.458,0.569,0.567,0.614,0.635
6/2/2018 9:30,1097,0.549,0.524,0.46,0.455,0.567,0.565,0.614,0.632
6/2/2018 10:00,1098,0.545,0.52,0.451,0.452,0.563,0.56,0.614,0.629
6/2/2018 10:30,1099,0.541,0.517,0.445,0.448,0.558,0.556,0.614,0.625
6/2/2018 11:00,1100,0.536,0.514,0.445,0.446,0.554,0.554,0.612,0.621
6/2/2018 11:30,1101,0.536,0.515,0.449,0.447,0.556,0.557,0.61,0.619
6/2/2018 12:00,1102,0.524,0.507,0.425,0.44,0.545,0.547,0.609,0.611
6/2/2018 12:30,1103,0.498,0.491,0.403,0.42,0.52,0.523,0.608,0.592
6/2/2018 13:00,1104,0.506,0.494,0.419,0.425,0.528,0.53,0.601,0.581
6/2/2018 13:30,1105,0.519,0.505,0.44,0.438,0.541,0.546,0.602,0.589
6/2/2018 14:00,1106,0.542,0.517,0.465,0.455,0.562,0.565,0.604,0.598
6/2/2018 14:30,1107,0.556,0.526,0.484,0.467,0.575,0.579,0.605,0.61
6/2/2018 15:00,1108,0.569,0.533,0.503,0.475,0.585,0.588,0.607,0.619
6/2/2018 15:30,1109,0.575,0.535,0.508,0.479,0.59,0.592,0.608,0.624
6/2/2018 16:00,1110,0.576,0.537,0.513,0.481,0.59,0.594,0.608,0.63
6/2/2018 16:30,1111,0.575,0.537,0.505,0.48,0.589,0.593,0.608,0.632
6/2/2018 17:00,1112,0.574,0.536,0.505,0.478,0.586,0.592,0.609,0.633
6/2/2018 17:30,1113,0.575,0.536,0.506,0.477,0.586,0.593,0.61,0.634
6/2/2018 18:00,1114,0.577,0.536,0.509,0.476,0.586,0.594,0.609,0.634
6/2/2018 18:30,1115,0.579,0.537,0.518,0.478,0.589,0.595,0.609,0.634
6/2/2018 19:00,1116,0.584,0.539,0.528,0.481,0.592,0.598,0.609,0.635
6/2/2018 19:30,1117,0.588,0.541,0.537,0.484,0.596,0.599,0.608,0.635
6/2/2018 20:00,1118,0.591,0.542,0.543,0.487,0.6,0.601,0.608,0.636
6/2/2018 20:30,1119,0.592,0.542,0.547,0.489,0.604,0.6,0.608,0.636
6/2/2018 21:00,1120,0.592,0.542,0.548,0.491,0.605,0.598,0.61,0.636
6/2/2018 21:30,1121,0.59,0.538,0.554,0.49,0.605,0.593,0.612,0.638
6/2/2018 22:00,1122,0.588,0.535,0.556,0.49,0.605,0.589,0.611,0.638
6/2/2018 22:30,1123,0.587,0.534,0.558,0.49,0.604,0.588,0.61,0.637
6/2/2018 23:00,1124,0.587,0.535,0.562,0.49,0.604,0.59,0.61,0.577
6/2/2018 23:30,1125,0.587,0.535,0.564,0.49,0.603,0.59,0.612,0.587
6/3/2018 0:00,1126,0.587,0.537,0.564,0.49,0.603,0.59,0.614,0.602
6/3/2018 0:30,1127,0.587,0.539,0.562,0.49,0.602,0.59,0.613,0.606
6/3/2018 1:00,1128,0.587,0.537,0.562,0.488,0.602,0.589,0.613,0.608
6/3/2018 1:30,1129,0.585,0.531,0.556,0.488,0.603,0.583,0.612,0.604
6/3/2018 2:00,1130,0.583,0.525,0.553,0.487,0.602,0.579,0.61,0.593
6/3/2018 2:30,1131,0.582,0.523,0.551,0.486,0.603,0.577,0.606,0.587
6/3/2018 3:00,1132,0.582,0.522,0.551,0.486,0.604,0.576,0.605,0.583
6/3/2018 3:30,1133,0.582,0.522,0.553,0.486,0.604,0.577,0.604,0.583
6/3/2018 4:00,1134,0.583,0.523,0.552,0.487,0.605,0.578,0.604,0.583
6/3/2018 4:30,1135,0.584,0.522,0.553,0.487,0.606,0.577,0.606,0.585
6/3/2018 5:00,1136,0.584,0.516,0.558,0.487,0.606,0.575,0.606,0.586
6/3/2018 5:30,1137,0.584,0.504,0.558,0.487,0.607,0.575,0.605,0.587
6/3/2018 6:00,1138,0.584,0.495,0.559,0.486,0.607,0.575,0.605,0.59
6/3/2018 6:30,1139,0.586,0.491,0.562,0.485,0.608,0.574,0.605,0.592
6/3/2018 7:00,1140,0.587,0.489,0.56,0.485,0.609,0.574,0.605,0.593
6/3/2018 7:30,1141,0.587,0.488,0.557,0.483,0.609,0.575,0.604,0.594
6/3/2018 8:00,1142,0.586,0.484,0.56,0.482,0.608,0.572,0.601,0.595
6/3/2018 8:30,1143,0.586,0.481,0.57,0.48,0.604,0.57,0.6,0.597
6/3/2018 9:00,1144,0.585,0.478,0.556,0.475,0.598,0.569,0.6,0.599
6/3/2018 9:30,1145,0.579,0.473,0.535,0.465,0.587,0.562,0.6,0.601
6/3/2018 10:00,1146,0.561,0.466,0.51,0.451,0.57,0.547,0.602,0.602
6/3/2018 10:30,1147,0.564,0.466,0.536,0.454,0.577,0.549,0.604,0.605
6/3/2018 11:00,1148,0.581,0.469,0.592,0.465,0.598,0.564,0.536,0.518
6/3/2018 11:30,1149,0.578,0.463,0.617,0.459,0.624,0.571,0.511,0.503
6/3/2018 12:00,1150,0.579,0.464,0.595,0.433,0.618,0.571,0.509,0.508
6/3/2018 12:30,1151,0.581,0.46,0.573,0.448,0.607,0.566,0.526,0.53
6/3/2018 13:00,1152,0.577,0.46,0.568,0.457,0.6,0.564,0.546,0.555
6/3/2018 13:30,1153,0.566,0.459,0.559,0.456,0.592,0.563,0.558,0.571
6/3/2018 14:00,1154,0.556,0.453,0.547,0.452,0.579,0.557,0.563,0.574
6/3/2018 14:30,1155,0.56,0.453,0.548,0.455,0.583,0.559,0.567,0.578
6/3/2018 15:00,1156,0.566,0.457,0.549,0.463,0.594,0.563,0.562,0.551
6/3/2018 15:30,1157,0.57,0.46,0.553,0.467,0.598,0.565,0.549,0.548
6/3/2018 16:00,1158,0.572,0.462,0.559,0.47,0.601,0.565,0.537,0.524
6/3/2018 16:30,1159,0.572,0.456,0.553,0.469,0.605,0.55,0.509,0.521
6/3/2018 17:00,1160,0.569,0.445,0.554,0.469,0.619,0.54,0.5,0.514
6/3/2018 17:30,1161,0.566,0.442,0.537,0.468,0.618,0.546,0.501,0.507
6/3/2018 18:00,1162,0.566,0.44,0.523,0.467,0.615,0.543,0.499,0.506
6/3/2018 18:30,1163,0.566,0.438,0.52,0.466,0.612,0.545,0.499,0.507
6/3/2018 19:00,1164,0.566,0.437,0.518,0.466,0.607,0.546,0.502,0.509
6/3/2018 19:30,1165,0.566,0.438,0.517,0.466,0.604,0.549,0.504,0.513
6/3/2018 20:00,1166,0.566,0.44,0.513,0.466,0.602,0.551,0.513,0.522
6/3/2018 20:30,1167,0.567,0.442,0.505,0.466,0.599,0.554,0.518,0.516
6/3/2018 21:00,1168,0.567,0.442,0.502,0.466,0.596,0.556,0.518,0.521
6/3/2018 21:30,1169,0.567,0.434,0.496,0.465,0.596,0.555,0.523,0.514
6/3/2018 22:00,1170,0.566,0.425,0.497,0.465,0.596,0.55,0.516,0.529
6/3/2018 22:30,1171,0.565,0.426,0.495,0.466,0.595,0.552,0.53,0.547
6/3/2018 23:00,1172,0.56,0.428,0.497,0.467,0.593,0.55,0.54,0.563
6/3/2018 23:30,1173,0.558,0.433,0.5,0.47,0.593,0.552,0.55,0.577
6/4/2018 0:00,1174,0.557,0.439,0.516,0.472,0.594,0.555,0.559,0.586
6/4/2018 0:30,1175,0.555,0.444,0.525,0.474,0.594,0.556,0.563,0.592
6/4/2018 1:00,1176,0.554,0.445,0.533,0.476,0.596,0.556,0.564,0.593
6/4/2018 1:30,1177,0.556,0.455,0.535,0.478,0.596,0.561,0.57,0.601
6/4/2018 2:00,1178,0.555,0.457,0.541,0.479,0.596,0.561,0.572,0.604
6/4/2018 2:30,1179,0.555,0.459,0.549,0.479,0.596,0.561,0.573,0.605
6/4/2018 3:00,1180,0.555,0.46,0.56,0.479,0.596,0.558,0.574,0.606
6/4/2018 3:30,1181,0.554,0.461,0.562,0.48,0.597,0.548,0.575,0.606
6/4/2018 4:00,1182,0.555,0.466,0.562,0.481,0.597,0.526,0.577,0.608
6/4/2018 4:30,1183,0.555,0.466,0.56,0.482,0.598,0.513,0.577,0.609
6/4/2018 5:00,1184,0.555,0.467,0.554,0.481,0.598,0.508,0.578,0.609
6/4/2018 5:30,1185,0.554,0.468,0.562,0.481,0.598,0.504,0.581,0.609
6/4/2018 6:00,1186,0.554,0.468,0.565,0.479,0.598,0.504,0.582,0.61
6/4/2018 6:30,1187,0.554,0.468,0.566,0.476,0.599,0.503,0.581,0.61
6/4/2018 7:00,1188,0.554,0.468,0.564,0.475,0.599,0.502,0.582,0.61
6/4/2018 7:30,1189,0.554,0.469,0.562,0.474,0.6,0.502,0.582,0.611
6/4/2018 8:00,1190,0.556,0.47,0.56,0.473,0.601,0.501,0.584,0.611
6/4/2018 8:30,1191,0.557,0.469,0.544,0.471,0.6,0.501,0.583,0.611
6/4/2018 9:00,1192,0.558,0.468,0.529,0.469,0.6,0.5,0.583,0.611
6/4/2018 9:30,1193,0.558,0.466,0.516,0.463,0.595,0.497,0.582,0.611
6/4/2018 10:00,1194,0.554,0.461,0.493,0.454,0.583,0.511,0.58,0.609
6/4/2018 10:30,1195,0.546,0.457,0.471,0.446,0.573,0.519,0.579,0.608
6/4/2018 11:00,1196,0.538,0.452,0.455,0.44,0.566,0.514,0.58,0.607
6/4/2018 11:30,1197,0.527,0.447,0.435,0.434,0.558,0.507,0.582,0.606
6/4/2018 12:00,1198,0.505,0.436,0.404,0.419,0.54,0.49,0.581,0.602
6/4/2018 12:30,1199,0.474,0.418,0.367,0.4,0.514,0.463,0.577,0.588
6/4/2018 13:00,1200,0.452,0.404,0.343,0.385,0.499,0.444,0.576,0.563
6/4/2018 13:30,1201,0.442,0.399,0.327,0.38,0.495,0.439,0.569,0.544
6/4/2018 14:00,1202,0.439,0.401,0.321,0.38,0.494,0.437,0.561,0.526
6/4/2018 14:30,1203,0.444,0.409,0.323,0.386,0.498,0.441,0.558,0.513
6/4/2018 15:00,1204,0.435,0.406,0.318,0.384,0.491,0.437,0.55,0.508
6/4/2018 15:30,1205,0.432,0.404,0.318,0.385,0.488,0.436,0.533,0.502
6/4/2018 16:00,1206,0.433,0.406,0.328,0.389,0.489,0.44,0.523,0.506
6/4/2018 16:30,1207,0.435,0.408,0.338,0.395,0.492,0.445,0.52,0.512
6/4/2018 17:00,1208,0.44,0.411,0.345,0.401,0.495,0.449,0.527,0.524
6/4/2018 17:30,1209,0.435,0.409,0.335,0.401,0.49,0.444,0.527,0.517
6/4/2018 18:00,1210,0.437,0.412,0.347,0.406,0.492,0.449,0.53,0.532
6/4/2018 18:30,1211,0.439,0.415,0.36,0.41,0.495,0.453,0.534,0.548
6/4/2018 19:00,1212,0.444,0.421,0.375,0.416,0.5,0.459,0.541,0.565
6/4/2018 19:30,1213,0.45,0.429,0.395,0.422,0.504,0.466,0.552,0.578
6/4/2018 20:00,1214,0.458,0.44,0.42,0.432,0.512,0.477,0.564,0.588
6/4/2018 20:30,1215,0.472,0.458,0.455,0.449,0.528,0.501,0.572,0.597
6/4/2018 21:00,1216,0.485,0.471,0.483,0.466,0.545,0.525,0.569,0.602
6/4/2018 21:30,1217,0.498,0.479,0.502,0.478,0.564,0.538,0.569,0.604
6/4/2018 22:00,1218,0.515,0.483,0.514,0.485,0.578,0.544,0.572,0.608
6/4/2018 22:30,1219,0.534,0.486,0.522,0.489,0.587,0.547,0.575,0.611
6/4/2018 23:00,1220,0.55,0.488,0.53,0.489,0.593,0.55,0.578,0.613
6/4/2018 23:30,1221,0.562,0.489,0.537,0.49,0.598,0.551,0.582,0.616
6/5/2018 0:00,1222,0.569,0.49,0.547,0.49,0.601,0.553,0.586,0.618
6/5/2018 0:30,1223,0.573,0.491,0.544,0.492,0.603,0.554,0.585,0.619
6/5/2018 1:00,1224,0.577,0.492,0.544,0.493,0.604,0.555,0.583,0.621
6/5/2018 1:30,1225,0.579,0.492,0.55,0.494,0.606,0.556,0.588,0.622
6/5/2018 2:00,1226,0.58,0.492,0.559,0.494,0.607,0.556,0.592,0.624
6/5/2018 2:30,1227,0.581,0.493,0.564,0.494,0.608,0.557,0.594,0.626
6/5/2018 3:00,1228,0.582,0.493,0.567,0.493,0.609,0.557,0.592,0.627
6/5/2018 3:30,1229,0.583,0.493,0.573,0.493,0.61,0.557,0.595,0.628
6/5/2018 4:00,1230,0.583,0.493,0.591,0.492,0.611,0.558,0.598,0.63
6/5/2018 4:30,1231,0.583,0.493,0.575,0.492,0.611,0.558,0.599,0.631
6/5/2018 5:00,1232,0.584,0.493,0.575,0.492,0.612,0.558,0.6,0.633
6/5/2018 5:30,1233,0.586,0.494,0.586,0.492,0.612,0.558,0.602,0.634
6/5/2018 6:00,1234,0.586,0.493,0.582,0.492,0.613,0.558,0.602,0.636
6/5/2018 6:30,1235,0.588,0.493,0.571,0.493,0.612,0.558,0.597,0.636
6/5/2018 7:00,1236,0.584,0.492,0.549,0.488,0.606,0.556,0.599,0.635
6/5/2018 7:30,1237,0.561,0.486,0.494,0.472,0.579,0.543,0.598,0.635
6/5/2018 8:00,1238,0.527,0.472,0.446,0.45,0.55,0.513,0.596,0.634
6/5/2018 8:30,1239,0.501,0.458,0.418,0.435,0.534,0.488,0.594,0.632
6/5/2018 9:00,1240,0.481,0.445,0.397,0.422,0.521,0.473,0.591,0.627
6/5/2018 9:30,1241,0.47,0.435,0.382,0.411,0.511,0.465,0.587,0.619
6/5/2018 10:00,1242,0.461,0.427,0.369,0.403,0.504,0.458,0.578,0.599
