"TOA5","CR1000-SHORE","CR1000","86619","CR1000.Std.31.03","CPU:Sapflow_SERC.CR1","2121","Table1"
"TIMESTAMP","RECORD","DiffVolt_Avg(1)","DiffVolt_Avg(2)","DiffVolt_Avg(3)","DiffVolt_Avg(4)","DiffVolt_Avg(5)","DiffVolt_Avg(6)"
"TS","RN","mV","mV","mV","mV","mV","mV"
"","","Avg","Avg","Avg","Avg","Avg","Avg"
"2018-08-01 12:30:00",3987,0.371,0.514,0.456,0.584,0.43,0.516
"2018-08-01 13:00:00",3988,0.359,0.502,0.446,0.58,0.416,0.501
"2018-08-01 13:30:00",3989,0.348,0.487,0.435,0.572,0.401,0.484
"2018-08-01 14:00:00",3990,0.345,0.479,0.432,0.568,0.39,0.476
"2018-08-01 14:30:00",3991,0.35,0.476,0.427,0.564,0.388,0.479
"2018-08-01 15:00:00",3992,0.365,0.484,0.435,0.572,0.396,0.495
"2018-08-01 15:30:00",3993,0.376,0.494,0.445,0.583,0.405,0.508
"2018-08-01 16:00:00",3994,0.379,0.49,0.446,0.585,0.404,0.503
"2018-08-01 16:30:00",3995,0.391,0.491,0.453,0.594,0.405,0.514
"2018-08-01 17:00:00",3996,0.399,0.494,0.457,0.6,0.407,0.521
"2018-08-01 17:30:00",3997,0.414,0.507,0.474,0.611,0.416,0.539
"2018-08-01 18:00:00",3998,0.428,0.518,0.489,0.619,0.426,0.554
"2018-08-01 18:30:00",3999,0.447,0.532,0.507,0.628,0.438,0.572
"2018-08-01 19:00:00",4000,0.46,0.543,0.52,0.633,0.45,0.586
"2018-08-01 19:30:00",4001,0.471,0.553,0.531,0.638,0.461,0.599
"2018-08-01 20:00:00",4002,0.483,0.565,0.543,0.641,0.472,0.614
"2018-08-01 20:30:00",4003,0.493,0.576,0.552,0.643,0.481,0.626
"2018-08-01 21:00:00",4004,0.501,0.583,0.558,0.645,0.487,0.635
"2018-08-01 21:30:00",4005,0.504,0.584,0.562,0.643,0.489,0.64
"2018-08-01 22:00:00",4006,0.505,0.585,0.564,0.644,0.492,0.642
"2018-08-01 22:30:00",4007,0.506,0.588,0.566,0.646,0.495,0.645
"2018-08-01 23:00:00",4008,0.508,0.591,0.568,0.646,0.497,0.647
"2018-08-01 23:30:00",4009,0.509,0.593,0.569,0.647,0.498,0.649
"2018-08-02 00:00:00",4010,0.513,0.595,0.57,0.649,0.501,0.651
"2018-08-02 00:30:00",4011,0.516,0.596,0.571,0.651,0.503,0.653
"2018-08-02 01:00:00",4012,0.519,0.597,0.572,0.652,0.505,0.656
"2018-08-02 01:30:00",4013,0.521,0.599,0.573,0.652,0.507,0.657
"2018-08-02 02:00:00",4014,0.521,0.601,0.574,0.65,0.506,0.657
"2018-08-02 02:30:00",4015,0.522,0.601,0.573,0.65,0.506,0.658
"2018-08-02 03:00:00",4016,0.523,0.601,0.574,0.652,0.507,0.659
"2018-08-02 03:30:00",4017,0.524,0.601,0.574,0.652,0.507,0.66
"2018-08-02 04:00:00",4018,0.525,0.601,0.575,0.651,0.507,0.66
"2018-08-02 04:30:00",4019,0.525,0.601,0.575,0.652,0.507,0.66
"2018-08-02 05:00:00",4020,0.526,0.602,0.575,0.652,0.508,0.661
"2018-08-02 05:30:00",4021,0.525,0.603,0.574,0.654,0.51,0.661
"2018-08-02 06:00:00",4022,0.526,0.604,0.573,0.654,0.51,0.661
"2018-08-02 06:30:00",4023,0.526,0.604,0.575,0.652,0.51,0.662
"2018-08-02 07:00:00",4024,0.526,0.604,0.574,0.652,0.51,0.661
"2018-08-02 07:30:00",4025,0.523,0.604,0.574,0.652,0.51,0.66
"2018-08-02 08:00:00",4026,0.522,0.605,0.574,0.653,0.511,0.659
"2018-08-02 08:30:00",4027,0.519,0.605,0.573,0.653,0.511,0.656
"2018-08-02 09:00:00",4028,0.511,0.604,0.571,0.653,0.51,0.65
"2018-08-02 09:30:00",4029,0.473,0.592,0.548,0.643,0.501,0.609
"2018-08-02 10:00:00",4030,0.444,0.581,0.527,0.634,0.488,0.581
"2018-08-02 10:30:00",4031,0.444,0.581,0.532,0.637,0.487,0.586
"2018-08-02 11:00:00",4032,0.415,0.57,0.509,0.627,0.478,0.559
"2018-08-02 11:30:00",4033,0.368,0.549,0.469,0.605,0.456,0.521
"2018-08-02 12:00:00",4034,0.356,0.532,0.451,0.584,0.438,0.505
"2018-08-02 12:30:00",4035,0.36,0.525,0.448,0.585,0.43,0.502
"2018-08-02 13:00:00",4036,0.343,0.501,0.425,0.563,0.402,0.476
"2018-08-02 13:30:00",4037,0.343,0.493,0.424,0.559,0.399,0.47
"2018-08-02 14:00:00",4038,0.349,0.493,0.428,0.563,0.401,0.473
"2018-08-02 14:30:00",4039,0.366,0.501,0.437,0.573,0.406,0.487
"2018-08-02 15:00:00",4040,0.368,0.496,0.433,0.568,0.402,0.487
"2018-08-02 15:30:00",4041,0.366,0.491,0.427,0.561,0.397,0.479
"2018-08-02 16:00:00",4042,0.4,0.511,0.455,0.584,0.414,0.514
"2018-08-02 16:30:00",4043,0.438,0.538,0.49,0.567,0.432,0.571
"2018-08-02 17:00:00",4044,0.457,0.559,0.515,0.533,0.45,0.624
"2018-08-02 17:30:00",4045,0.467,0.53,0.516,0.53,0.455,0.645
"2018-08-02 18:00:00",4046,0.481,0.547,0.52,0.57,0.474,0.652
"2018-08-02 18:30:00",4047,0.489,0.553,0.519,0.562,0.475,0.655
"2018-08-02 19:00:00",4048,0.492,0.554,0.521,0.562,0.479,0.657
"2018-08-02 19:30:00",4049,0.496,0.557,0.528,0.595,0.488,0.656
"2018-08-02 20:00:00",4050,0.495,0.558,0.532,0.602,0.49,0.656
"2018-08-02 20:30:00",4051,0.494,0.556,0.526,0.601,0.487,0.655
"2018-08-02 21:00:00",4052,0.495,0.557,0.523,0.601,0.489,0.655
"2018-08-02 21:30:00",4053,0.495,0.557,0.523,0.604,0.49,0.656
"2018-08-02 22:00:00",4054,0.496,0.554,0.522,0.602,0.488,0.655
"2018-08-02 22:30:00",4055,0.498,0.558,0.524,0.605,0.484,0.656
"2018-08-02 23:00:00",4056,0.499,0.555,0.526,0.603,0.466,0.655
"2018-08-02 23:30:00",4057,0.5,0.557,0.525,0.606,0.466,0.655
"2018-08-03 00:00:00",4058,0.501,0.558,0.525,0.607,0.468,0.656
"2018-08-03 00:30:00",4059,0.502,0.556,0.527,0.608,0.467,0.656
"2018-08-03 01:00:00",4060,0.503,0.557,0.527,0.61,0.468,0.656
"2018-08-03 01:30:00",4061,0.505,0.558,0.527,0.611,0.469,0.657
"2018-08-03 02:00:00",4062,0.506,0.561,0.528,0.614,0.471,0.657
"2018-08-03 02:30:00",4063,0.508,0.561,0.53,0.619,0.473,0.658
"2018-08-03 03:00:00",4064,0.509,0.559,0.532,0.622,0.475,0.658
"2018-08-03 03:30:00",4065,0.51,0.56,0.534,0.624,0.477,0.658
"2018-08-03 04:00:00",4066,0.512,0.561,0.537,0.626,0.479,0.658
"2018-08-03 04:30:00",4067,0.513,0.563,0.54,0.627,0.48,0.657
"2018-08-03 05:00:00",4068,0.514,0.564,0.542,0.628,0.483,0.657
"2018-08-03 05:30:00",4069,0.514,0.563,0.545,0.628,0.484,0.656
"2018-08-03 06:00:00",4070,0.515,0.562,0.548,0.626,0.484,0.657
"2018-08-03 06:30:00",4071,0.516,0.562,0.549,0.624,0.484,0.656
"2018-08-03 07:00:00",4072,0.517,0.565,0.55,0.627,0.486,0.655
"2018-08-03 07:30:00",4073,0.517,0.567,0.551,0.627,0.486,0.654
"2018-08-03 08:00:00",4074,0.516,0.571,0.551,0.627,0.487,0.653
"2018-08-03 08:30:00",4075,0.516,0.57,0.552,0.624,0.486,0.65
"2018-08-03 09:00:00",4076,0.515,0.573,0.553,0.625,0.486,0.649
"2018-08-03 09:30:00",4077,0.512,0.572,0.554,0.624,0.485,0.648
"2018-08-03 10:00:00",4078,0.492,0.573,0.548,0.619,0.483,0.639
"2018-08-03 10:30:00",4079,0.44,0.57,0.523,0.609,0.48,0.607
"2018-08-03 11:00:00",4080,0.384,0.56,0.485,0.602,0.471,0.55
"2018-08-03 11:30:00",4081,0.364,0.545,0.469,0.598,0.456,0.531
"2018-08-03 12:00:00",4082,0.347,0.531,0.444,0.581,0.44,0.506
"2018-08-03 12:30:00",4083,0.351,0.521,0.437,0.581,0.432,0.5
"2018-08-03 13:00:00",4084,0.348,0.508,0.43,0.576,0.418,0.491
"2018-08-03 13:30:00",4085,0.363,0.505,0.435,0.576,0.418,0.502
"2018-08-03 14:00:00",4086,0.362,0.499,0.432,0.575,0.416,0.498
"2018-08-03 14:30:00",4087,0.37,0.505,0.442,0.581,0.422,0.509
"2018-08-03 15:00:00",4088,0.401,0.52,0.464,0.596,0.436,0.546
"2018-08-03 15:30:00",4089,0.425,0.537,0.486,0.61,0.456,0.571
"2018-08-03 16:00:00",4090,0.429,0.54,0.487,0.613,0.458,0.569
"2018-08-03 16:30:00",4091,0.443,0.549,0.5,0.621,0.462,0.584
"2018-08-03 17:00:00",4092,0.469,0.561,0.521,0.631,0.473,0.609
"2018-08-03 17:30:00",4093,0.48,0.57,0.532,0.635,0.482,0.624
"2018-08-03 18:00:00",4094,0.469,0.568,0.529,0.635,0.481,0.615
"2018-08-03 18:30:00",4095,0.469,0.567,0.533,0.637,0.479,0.614
"2018-08-03 19:00:00",4096,0.488,0.577,0.547,0.645,0.489,0.632
"2018-08-03 19:30:00",4097,0.497,0.585,0.554,0.647,0.495,0.64
"2018-08-03 20:00:00",4098,0.504,0.588,0.56,0.646,0.497,0.645
"2018-08-03 20:30:00",4099,0.509,0.591,0.563,0.647,0.5,0.65
"2018-08-03 21:00:00",4100,0.512,0.593,0.564,0.648,0.503,0.652
"2018-08-03 21:30:00",4101,0.513,0.595,0.565,0.65,0.507,0.654
"2018-08-03 22:00:00",4102,0.514,0.596,0.566,0.65,0.509,0.654
"2018-08-03 22:30:00",4103,0.514,0.598,0.567,0.65,0.508,0.654
"2018-08-03 23:00:00",4104,0.515,0.599,0.568,0.65,0.508,0.655
"2018-08-03 23:30:00",4105,0.518,0.599,0.569,0.648,0.506,0.656
"2018-08-04 00:00:00",4106,0.518,0.598,0.569,0.648,0.506,0.656
"2018-08-04 00:30:00",4107,0.518,0.599,0.569,0.648,0.506,0.656
"2018-08-04 01:00:00",4108,0.516,0.598,0.569,0.648,0.505,0.655
"2018-08-04 01:30:00",4109,0.515,0.599,0.569,0.648,0.505,0.653
"2018-08-04 02:00:00",4110,0.513,0.599,0.569,0.648,0.505,0.653
"2018-08-04 02:30:00",4111,0.51,0.6,0.568,0.648,0.505,0.651
"2018-08-04 03:00:00",4112,0.511,0.601,0.57,0.648,0.506,0.651
"2018-08-04 03:30:00",4113,0.515,0.603,0.571,0.649,0.509,0.655
"2018-08-04 04:00:00",4114,0.517,0.603,0.571,0.652,0.511,0.657
"2018-08-04 04:30:00",4115,0.519,0.604,0.572,0.652,0.512,0.659
"2018-08-04 05:00:00",4116,0.52,0.604,0.572,0.652,0.513,0.659
"2018-08-04 05:30:00",4117,0.52,0.605,0.572,0.652,0.513,0.659
"2018-08-04 06:00:00",4118,0.521,0.605,0.572,0.652,0.513,0.659
"2018-08-04 06:30:00",4119,0.52,0.605,0.571,0.65,0.512,0.659
"2018-08-04 07:00:00",4120,0.52,0.606,0.571,0.65,0.512,0.658
"2018-08-04 07:30:00",4121,0.518,0.605,0.571,0.649,0.511,0.656
"2018-08-04 08:00:00",4122,0.513,0.604,0.57,0.649,0.51,0.652
"2018-08-04 08:30:00",4123,0.49,0.598,0.559,0.644,0.507,0.634
"2018-08-04 09:00:00",4124,0.473,0.591,0.551,0.64,0.502,0.615
"2018-08-04 09:30:00",4125,0.448,0.586,0.537,0.638,0.497,0.591
"2018-08-04 10:00:00",4126,0.384,0.564,0.491,0.612,0.479,0.534
"2018-08-04 10:30:00",4127,0.359,0.545,0.463,0.583,0.457,0.508
"2018-08-04 11:00:00",4128,0.347,0.531,0.442,0.573,0.44,0.495
"2018-08-04 11:30:00",4129,0.35,0.52,0.437,0.57,0.426,0.493
"2018-08-04 12:00:00",4130,0.347,0.511,0.432,0.555,0.415,0.488
"2018-08-04 12:30:00",4131,0.356,0.508,0.433,0.563,0.413,0.489
"2018-08-04 13:00:00",4132,0.36,0.503,0.433,0.568,0.408,0.489
"2018-08-04 13:30:00",4133,0.357,0.495,0.428,0.565,0.402,0.476
"2018-08-04 14:00:00",4134,0.361,0.496,0.432,0.571,0.404,0.477
"2018-08-04 14:30:00",4135,0.367,0.496,0.433,0.574,0.404,0.48
"2018-08-04 15:00:00",4136,0.372,0.493,0.432,0.577,0.404,0.482
"2018-08-04 15:30:00",4137,0.379,0.494,0.438,0.581,0.406,0.485
"2018-08-04 16:00:00",4138,0.398,0.499,0.449,0.589,0.412,0.499
"2018-08-04 16:30:00",4139,0.411,0.5,0.455,0.599,0.416,0.509
"2018-08-04 17:00:00",4140,0.42,0.506,0.462,0.606,0.418,0.518
"2018-08-04 17:30:00",4141,0.436,0.519,0.476,0.616,0.428,0.534
"2018-08-04 18:00:00",4142,0.452,0.531,0.495,0.625,0.441,0.551
"2018-08-04 18:30:00",4143,0.465,0.545,0.512,0.633,0.454,0.571
"2018-08-04 19:00:00",4144,0.476,0.558,0.526,0.638,0.467,0.588
"2018-08-04 19:30:00",4145,0.484,0.569,0.538,0.641,0.477,0.604
"2018-08-04 20:00:00",4146,0.498,0.581,0.55,0.643,0.488,0.623
"2018-08-04 20:30:00",4147,0.509,0.591,0.559,0.645,0.498,0.638
"2018-08-04 21:00:00",4148,0.516,0.596,0.563,0.645,0.503,0.647
"2018-08-04 21:30:00",4149,0.521,0.6,0.567,0.646,0.507,0.654
"2018-08-04 22:00:00",4150,0.524,0.602,0.57,0.646,0.51,0.656
"2018-08-04 22:30:00",4151,0.527,0.604,0.57,0.646,0.51,0.659
"2018-08-04 23:00:00",4152,0.529,0.606,0.571,0.648,0.512,0.661
"2018-08-04 23:30:00",4153,0.53,0.606,0.572,0.648,0.513,0.662
"2018-08-05 00:00:00",4154,0.532,0.607,0.572,0.649,0.514,0.663
"2018-08-05 00:30:00",4155,0.532,0.607,0.572,0.648,0.513,0.665
"2018-08-05 01:00:00",4156,0.533,0.605,0.572,0.651,0.513,0.665
"2018-08-05 01:30:00",4157,0.533,0.607,0.573,0.65,0.513,0.665
"2018-08-05 02:00:00",4158,0.534,0.607,0.573,0.65,0.513,0.666
"2018-08-05 02:30:00",4159,0.534,0.607,0.573,0.65,0.514,0.666
"2018-08-05 03:00:00",4160,0.534,0.607,0.574,0.651,0.514,0.665
"2018-08-05 03:30:00",4161,0.534,0.607,0.573,0.649,0.514,0.665
"2018-08-05 04:00:00",4162,0.534,0.607,0.573,0.649,0.514,0.665
"2018-08-05 04:30:00",4163,0.534,0.607,0.573,0.649,0.513,0.665
"2018-08-05 05:00:00",4164,0.534,0.606,0.573,0.649,0.514,0.665
"2018-08-05 05:30:00",4165,0.533,0.606,0.574,0.651,0.515,0.664
"2018-08-05 06:00:00",4166,0.532,0.606,0.573,0.651,0.515,0.663
"2018-08-05 06:30:00",4167,0.532,0.606,0.573,0.65,0.515,0.663
"2018-08-05 07:00:00",4168,0.533,0.607,0.572,0.654,0.517,0.661
"2018-08-05 07:30:00",4169,0.53,0.608,0.572,0.653,0.517,0.658
"2018-08-05 08:00:00",4170,0.519,0.606,0.56,0.645,0.516,0.653
"2018-08-05 08:30:00",4171,0.478,0.599,0.532,0.635,0.516,0.634
"2018-08-05 09:00:00",4172,0.418,0.589,0.505,0.628,0.514,0.595
"2018-08-05 09:30:00",4173,0.37,0.575,0.473,0.62,0.51,0.539
"2018-08-05 10:00:00",4174,0.345,0.553,0.45,0.592,0.493,0.495
"2018-08-05 10:30:00",4175,0.339,0.525,0.43,0.561,0.459,0.464
"2018-08-05 11:00:00",4176,0.343,0.51,0.419,0.56,0.439,0.463
"2018-08-05 11:30:00",4177,0.341,0.494,0.415,0.555,0.418,0.468
"2018-08-05 12:00:00",4178,0.344,0.487,0.414,0.541,0.409,0.467
"2018-08-05 12:30:00",4179,0.358,0.488,0.421,0.553,0.404,0.476
"2018-08-05 13:00:00",4180,0.348,0.479,0.417,0.558,0.395,0.464
"2018-08-05 13:30:00",4181,0.356,0.478,0.421,0.559,0.398,0.467
"2018-08-05 14:00:00",4182,0.356,0.481,0.425,0.567,0.401,0.465
"2018-08-05 14:30:00",4183,0.354,0.478,0.423,0.563,0.398,0.462
"2018-08-05 15:00:00",4184,0.359,0.478,0.424,0.564,0.4,0.465
"2018-08-05 15:30:00",4185,0.367,0.482,0.434,0.57,0.411,0.471
"2018-08-05 16:00:00",4186,0.378,0.483,0.443,0.575,0.416,0.476
"2018-08-05 16:30:00",4187,0.392,0.485,0.452,0.585,0.42,0.488
"2018-08-05 17:00:00",4188,0.406,0.496,0.462,0.595,0.426,0.505
"2018-08-05 17:30:00",4189,0.433,0.517,0.483,0.612,0.443,0.533
"2018-08-05 18:00:00",4190,0.45,0.534,0.503,0.625,0.459,0.553
"2018-08-05 18:30:00",4191,0.469,0.55,0.519,0.632,0.473,0.573
"2018-08-05 19:00:00",4192,0.48,0.563,0.531,0.638,0.485,0.591
"2018-08-05 19:30:00",4193,0.494,0.578,0.543,0.643,0.498,0.615
"2018-08-05 20:00:00",4194,0.503,0.588,0.552,0.647,0.507,0.63
"2018-08-05 20:30:00",4195,0.512,0.592,0.559,0.646,0.51,0.641
"2018-08-05 21:00:00",4196,0.516,0.597,0.562,0.65,0.514,0.647
"2018-08-05 21:30:00",4197,0.52,0.598,0.565,0.65,0.514,0.652
"2018-08-05 22:00:00",4198,0.523,0.6,0.566,0.653,0.516,0.656
"2018-08-05 22:30:00",4199,0.525,0.601,0.567,0.653,0.516,0.658
"2018-08-05 23:00:00",4200,0.527,0.602,0.568,0.651,0.516,0.658
"2018-08-05 23:30:00",4201,0.527,0.602,0.567,0.654,0.518,0.659
"2018-08-06 00:00:00",4202,0.528,0.603,0.568,0.654,0.518,0.66
"2018-08-06 00:30:00",4203,0.528,0.603,0.568,0.654,0.518,0.661
"2018-08-06 01:00:00",4204,0.527,0.604,0.567,0.658,0.52,0.661
"2018-08-06 01:30:00",4205,0.527,0.604,0.568,0.658,0.519,0.662
"2018-08-06 02:00:00",4206,0.528,0.605,0.568,0.659,0.521,0.662
"2018-08-06 02:30:00",4207,0.527,0.606,0.566,0.66,0.523,0.661
"2018-08-06 03:00:00",4208,0.527,0.607,0.569,0.655,0.521,0.66
"2018-08-06 03:30:00",4209,0.528,0.607,0.569,0.654,0.52,0.661
"2018-08-06 04:00:00",4210,0.529,0.607,0.568,0.654,0.521,0.661
"2018-08-06 04:30:00",4211,0.529,0.606,0.568,0.656,0.521,0.662
"2018-08-06 05:00:00",4212,0.528,0.606,0.57,0.656,0.522,0.662
"2018-08-06 05:30:00",4213,0.528,0.606,0.568,0.656,0.522,0.661
"2018-08-06 06:00:00",4214,0.528,0.607,0.569,0.654,0.52,0.661
"2018-08-06 06:30:00",4215,0.526,0.607,0.567,0.653,0.52,0.659
"2018-08-06 07:00:00",4216,0.525,0.607,0.568,0.651,0.519,0.656
"2018-08-06 07:30:00",4217,0.523,0.607,0.567,0.652,0.52,0.655
"2018-08-06 08:00:00",4218,0.495,0.603,0.545,0.645,0.521,0.636
"2018-08-06 08:30:00",4219,0.434,0.589,0.503,0.629,0.518,0.593
"2018-08-06 09:00:00",4220,0.4,0.578,0.484,0.623,0.513,0.557
"2018-08-06 09:30:00",4221,0.363,0.562,0.455,0.613,0.505,0.509
"2018-08-06 10:00:00",4222,0.345,0.545,0.441,0.587,0.484,0.482
"2018-08-06 10:30:00",4223,0.342,0.535,0.435,0.569,0.468,0.472
"2018-08-06 11:00:00",4224,0.343,0.525,0.426,0.569,0.453,0.47
"2018-08-06 11:30:00",4225,0.34,0.511,0.418,0.561,0.43,0.469
"2018-08-06 12:00:00",4226,0.341,0.504,0.421,0.551,0.424,0.468
"2018-08-06 12:30:00",4227,0.345,0.499,0.421,0.558,0.415,0.469
"2018-08-06 13:00:00",4228,0.351,0.493,0.419,0.56,0.405,0.47
"2018-08-06 13:30:00",4229,0.353,0.491,0.421,0.564,0.41,0.466
"2018-08-06 14:00:00",4230,0.359,0.492,0.424,0.568,0.41,0.468
"2018-08-06 14:30:00",4231,0.361,0.495,0.428,0.576,0.414,0.468
"2018-08-06 15:00:00",4232,0.36,0.49,0.425,0.573,0.411,0.466
"2018-08-06 15:30:00",4233,0.368,0.49,0.431,0.575,0.413,0.467
"2018-08-06 16:00:00",4234,0.379,0.492,0.441,0.579,0.416,0.475
"2018-08-06 16:30:00",4235,0.401,0.503,0.458,0.593,0.425,0.498
"2018-08-06 17:00:00",4236,0.437,0.531,0.488,0.614,0.445,0.539
"2018-08-06 17:30:00",4237,0.461,0.546,0.505,0.625,0.456,0.563
"2018-08-06 18:00:00",4238,0.473,0.555,0.516,0.635,0.466,0.575
"2018-08-06 18:30:00",4239,0.479,0.558,0.522,0.639,0.471,0.578
"2018-08-06 19:00:00",4240,0.486,0.567,0.53,0.644,0.481,0.589
"2018-08-06 19:30:00",4241,0.492,0.577,0.538,0.648,0.491,0.605
"2018-08-06 20:00:00",4242,0.497,0.586,0.545,0.65,0.5,0.619
"2018-08-06 20:30:00",4243,0.502,0.592,0.55,0.652,0.506,0.627
"2018-08-06 21:00:00",4244,0.507,0.597,0.553,0.652,0.51,0.634
"2018-08-06 21:30:00",4245,0.512,0.6,0.554,0.652,0.513,0.64
"2018-08-06 22:00:00",4246,0.515,0.602,0.557,0.653,0.515,0.644
"2018-08-06 22:30:00",4247,0.517,0.603,0.558,0.655,0.518,0.647
"2018-08-06 23:00:00",4248,0.519,0.604,0.559,0.654,0.518,0.649
"2018-08-06 23:30:00",4249,0.521,0.605,0.56,0.655,0.52,0.651
"2018-08-07 00:00:00",4250,0.522,0.605,0.559,0.658,0.522,0.651
"2018-08-07 00:30:00",4251,0.522,0.605,0.559,0.66,0.524,0.651
"2018-08-07 01:00:00",4252,0.522,0.606,0.56,0.657,0.523,0.651
"2018-08-07 01:30:00",4253,0.522,0.606,0.561,0.656,0.522,0.651
"2018-08-07 02:00:00",4254,0.523,0.607,0.559,0.655,0.522,0.652
"2018-08-07 02:30:00",4255,0.523,0.607,0.56,0.654,0.522,0.652
"2018-08-07 03:00:00",4256,0.524,0.609,0.56,0.656,0.523,0.653
"2018-08-07 03:30:00",4257,0.524,0.61,0.56,0.655,0.523,0.653
"2018-08-07 04:00:00",4258,0.523,0.61,0.559,0.657,0.524,0.652
"2018-08-07 04:30:00",4259,0.523,0.61,0.559,0.655,0.522,0.653
"2018-08-07 05:00:00",4260,0.523,0.611,0.559,0.654,0.522,0.651
"2018-08-07 05:30:00",4261,0.522,0.61,0.557,0.656,0.523,0.651
"2018-08-07 06:00:00",4262,0.521,0.609,0.558,0.655,0.522,0.65
"2018-08-07 06:30:00",4263,0.521,0.609,0.559,0.654,0.522,0.649
"2018-08-07 07:00:00",4264,0.521,0.609,0.558,0.654,0.522,0.647
"2018-08-07 07:30:00",4265,0.518,0.609,0.556,0.653,0.522,0.644
"2018-08-07 08:00:00",4266,0.5,0.606,0.542,0.647,0.522,0.634
"2018-08-07 08:30:00",4267,0.451,0.599,0.511,0.637,0.521,0.606
"2018-08-07 09:00:00",4268,0.395,0.589,0.481,0.628,0.518,0.558
"2018-08-07 09:30:00",4269,0.358,0.574,0.455,0.618,0.511,0.51
"2018-08-07 10:00:00",4270,0.34,0.558,0.438,0.594,0.494,0.481
"2018-08-07 10:30:00",4271,0.332,0.539,0.424,0.569,0.468,0.458
"2018-08-07 11:00:00",4272,0.332,0.524,0.412,0.565,0.448,0.454
"2018-08-07 11:30:00",4273,0.33,0.51,0.408,0.562,0.432,0.459
"2018-08-07 12:00:00",4274,0.334,0.505,0.411,0.551,0.425,0.461
"2018-08-07 12:30:00",4275,0.338,0.5,0.414,0.559,0.415,0.46
"2018-08-07 13:00:00",4276,0.341,0.493,0.412,0.566,0.405,0.46
"2018-08-07 13:30:00",4277,0.345,0.492,0.413,0.568,0.408,0.46
"2018-08-07 14:00:00",4278,0.348,0.495,0.418,0.572,0.41,0.459
"2018-08-07 14:30:00",4279,0.352,0.498,0.42,0.577,0.412,0.463
"2018-08-07 15:00:00",4280,0.36,0.498,0.421,0.575,0.414,0.468
"2018-08-07 15:30:00",4281,0.376,0.505,0.433,0.583,0.421,0.481
"2018-08-07 16:00:00",4282,0.404,0.522,0.453,0.596,0.437,0.508
"2018-08-07 16:30:00",4283,0.426,0.538,0.472,0.611,0.453,0.529
"2018-08-07 17:00:00",4284,0.455,0.556,0.493,0.626,0.468,0.557
"2018-08-07 17:30:00",4285,0.475,0.569,0.512,0.636,0.482,0.581
"2018-08-07 18:00:00",4286,0.484,0.575,0.518,0.639,0.484,0.594
"2018-08-07 18:30:00",4287,0.488,0.58,0.525,0.645,0.491,0.598
"2018-08-07 19:00:00",4288,0.488,0.585,0.53,0.645,0.495,0.605
"2018-08-07 19:30:00",4289,0.492,0.592,0.536,0.65,0.505,0.613
"2018-08-07 20:00:00",4290,0.492,0.596,0.536,0.651,0.507,0.619
"2018-08-07 20:30:00",4291,0.491,0.598,0.536,0.654,0.511,0.619
"2018-08-07 21:00:00",4292,0.492,0.601,0.535,0.657,0.515,0.621
"2018-08-07 21:30:00",4293,0.494,0.603,0.539,0.658,0.518,0.624
"2018-08-07 22:00:00",4294,0.497,0.604,0.541,0.659,0.519,0.629
"2018-08-07 22:30:00",4295,0.501,0.606,0.54,0.658,0.52,0.632
"2018-08-07 23:00:00",4296,0.503,0.606,0.543,0.658,0.521,0.635
"2018-08-07 23:30:00",4297,0.505,0.606,0.545,0.657,0.521,0.637
"2018-08-08 00:00:00",4298,0.507,0.607,0.545,0.658,0.523,0.638
"2018-08-08 00:30:00",4299,0.508,0.608,0.544,0.657,0.524,0.638
"2018-08-08 01:00:00",4300,0.509,0.608,0.547,0.659,0.524,0.639
"2018-08-08 01:30:00",4301,0.51,0.609,0.547,0.659,0.526,0.641
"2018-08-08 02:00:00",4302,0.511,0.609,0.544,0.656,0.524,0.64
"2018-08-08 02:30:00",4303,0.512,0.608,0.543,0.656,0.525,0.64
"2018-08-08 03:00:00",4304,0.512,0.609,0.545,0.658,0.525,0.641
"2018-08-08 03:30:00",4305,0.513,0.608,0.546,0.656,0.525,0.641
"2018-08-08 04:00:00",4306,0.512,0.609,0.543,0.655,0.525,0.639
"2018-08-08 04:30:00",4307,0.512,0.609,0.543,0.654,0.525,0.639
"2018-08-08 05:00:00",4308,0.512,0.609,0.543,0.653,0.523,0.638
"2018-08-08 05:30:00",4309,0.511,0.608,0.545,0.654,0.523,0.638
"2018-08-08 06:00:00",4310,0.511,0.609,0.543,0.654,0.524,0.638
"2018-08-08 06:30:00",4311,0.51,0.609,0.545,0.656,0.526,0.636
"2018-08-08 07:00:00",4312,0.51,0.609,0.543,0.654,0.524,0.634
"2018-08-08 07:30:00",4313,0.504,0.609,0.539,0.653,0.525,0.629
"2018-08-08 08:00:00",4314,0.474,0.605,0.518,0.644,0.525,0.613
"2018-08-08 08:30:00",4315,0.415,0.596,0.481,0.63,0.523,0.576
"2018-08-08 09:00:00",4316,0.363,0.581,0.445,0.617,0.518,0.519
"2018-08-08 09:30:00",4317,0.336,0.558,0.42,0.604,0.503,0.473
"2018-08-08 10:00:00",4318,0.328,0.543,0.413,0.58,0.481,0.449
"2018-08-08 10:30:00",4319,0.324,0.523,0.404,0.556,0.452,0.435
"2018-08-08 11:00:00",4320,0.324,0.51,0.396,0.557,0.432,0.44
"2018-08-08 11:30:00",4321,0.326,0.5,0.396,0.556,0.417,0.449
"2018-08-08 12:00:00",4322,0.331,0.494,0.397,0.545,0.41,0.446
"2018-08-08 12:30:00",4323,0.333,0.487,0.397,0.547,0.402,0.444
"2018-08-08 13:00:00",4324,0.331,0.478,0.391,0.549,0.398,0.44
"2018-08-08 13:30:00",4325,0.34,0.484,0.399,0.558,0.405,0.447
"2018-08-08 14:00:00",4326,0.337,0.481,0.398,0.559,0.402,0.438
"2018-08-08 14:30:00",4327,0.342,0.484,0.4,0.567,0.407,0.442
"2018-08-08 15:00:00",4328,0.35,0.486,0.405,0.57,0.416,0.45
"2018-08-08 15:30:00",4329,0.365,0.495,0.415,0.577,0.425,0.458
"2018-08-08 16:00:00",4330,0.367,0.491,0.419,0.58,0.425,0.455
"2018-08-08 16:30:00",4331,0.384,0.495,0.428,0.588,0.429,0.469
"2018-08-08 17:00:00",4332,0.404,0.514,0.449,0.603,0.443,0.496
"2018-08-08 17:30:00",4333,0.421,0.531,0.467,0.621,0.458,0.515
"2018-08-08 18:00:00",4334,0.435,0.541,0.481,0.63,0.469,0.523
"2018-08-08 18:30:00",4335,0.449,0.552,0.492,0.636,0.48,0.54
"2018-08-08 19:00:00",4336,0.466,0.566,0.504,0.642,0.493,0.561
"2018-08-08 19:30:00",4337,0.482,0.579,0.514,0.646,0.505,0.584
"2018-08-08 20:00:00",4338,0.492,0.588,0.522,0.648,0.512,0.6
"2018-08-08 20:30:00",4339,0.495,0.594,0.526,0.651,0.516,0.609
"2018-08-08 21:00:00",4340,0.493,0.598,0.526,0.652,0.519,0.613
"2018-08-08 21:30:00",4341,0.496,0.6,0.53,0.653,0.52,0.618
"2018-08-08 22:00:00",4342,0.497,0.601,0.53,0.653,0.52,0.62
"2018-08-08 22:30:00",4343,0.498,0.602,0.53,0.653,0.52,0.621
"2018-08-08 23:00:00",4344,0.499,0.603,0.534,0.657,0.522,0.622
"2018-08-08 23:30:00",4345,0.501,0.605,0.536,0.66,0.524,0.623
"2018-08-09 00:00:00",4346,0.498,0.604,0.534,0.659,0.523,0.621
"2018-08-09 00:30:00",4347,0.495,0.606,0.529,0.658,0.523,0.617
"2018-08-09 01:00:00",4348,0.497,0.606,0.529,0.655,0.522,0.619
"2018-08-09 01:30:00",4349,0.5,0.605,0.532,0.653,0.521,0.621
"2018-08-09 02:00:00",4350,0.5,0.607,0.531,0.657,0.525,0.621
"2018-08-09 02:30:00",4351,0.501,0.606,0.529,0.653,0.521,0.622
"2018-08-09 03:00:00",4352,0.501,0.608,0.53,0.656,0.524,0.623
"2018-08-09 03:30:00",4353,0.501,0.607,0.53,0.655,0.523,0.624
"2018-08-09 04:00:00",4354,0.501,0.608,0.532,0.657,0.525,0.624
"2018-08-09 04:30:00",4355,0.5,0.608,0.534,0.66,0.526,0.624
"2018-08-09 05:00:00",4356,0.498,0.608,0.531,0.658,0.526,0.621
"2018-08-09 05:30:00",4357,0.495,0.608,0.531,0.658,0.525,0.619
"2018-08-09 06:00:00",4358,0.491,0.609,0.53,0.656,0.523,0.616
"2018-08-09 06:30:00",4359,0.489,0.608,0.53,0.656,0.523,0.615
"2018-08-09 07:00:00",4360,0.485,0.607,0.528,0.656,0.524,0.611
"2018-08-09 07:30:00",4361,0.467,0.603,0.516,0.649,0.52,0.594
"2018-08-09 08:00:00",4362,0.418,0.589,0.481,0.63,0.517,0.554
"2018-08-09 08:30:00",4363,0.364,0.568,0.437,0.607,0.509,0.505
"2018-08-09 09:00:00",4364,0.341,0.552,0.415,0.594,0.498,0.474
"2018-08-09 09:30:00",4365,0.326,0.536,0.403,0.581,0.479,0.45
"2018-08-09 10:00:00",4366,0.319,0.521,0.398,0.559,0.452,0.433
"2018-08-09 10:30:00",4367,0.318,0.513,0.394,0.547,0.432,0.431
"2018-08-09 11:00:00",4368,0.319,0.502,0.389,0.547,0.417,0.433
"2018-08-09 11:30:00",4369,0.319,0.496,0.388,0.548,0.411,0.437
"2018-08-09 12:00:00",4370,0.322,0.491,0.389,0.54,0.406,0.436
"2018-08-09 12:30:00",4371,0.321,0.482,0.386,0.541,0.398,0.428
"2018-08-09 13:00:00",4372,0.322,0.473,0.38,0.539,0.394,0.426
"2018-08-09 13:30:00",4373,0.33,0.476,0.385,0.546,0.408,0.431
"2018-08-09 14:00:00",4374,0.329,0.475,0.383,0.547,0.407,0.426
"2018-08-09 14:30:00",4375,0.33,0.476,0.387,0.551,0.411,0.426
"2018-08-09 15:00:00",4376,0.345,0.485,0.396,0.558,0.418,0.44
"2018-08-09 15:30:00",4377,0.356,0.493,0.405,0.571,0.426,0.448
"2018-08-09 16:00:00",4378,0.363,0.492,0.411,0.577,0.429,0.447
"2018-08-09 16:30:00",4379,0.374,0.49,0.418,0.584,0.43,0.455
"2018-08-09 17:00:00",4380,0.386,0.499,0.427,0.595,0.435,0.469
"2018-08-09 17:30:00",4381,0.397,0.51,0.438,0.608,0.447,0.477
"2018-08-09 18:00:00",4382,0.414,0.522,0.453,0.62,0.46,0.49
"2018-08-09 18:30:00",4383,0.426,0.536,0.466,0.626,0.471,0.51
"2018-08-09 19:00:00",4384,0.439,0.549,0.478,0.633,0.483,0.527
"2018-08-09 19:30:00",4385,0.452,0.562,0.488,0.637,0.496,0.547
"2018-08-09 20:00:00",4386,0.466,0.577,0.5,0.644,0.509,0.567
"2018-08-09 20:30:00",4387,0.475,0.588,0.507,0.646,0.518,0.582
"2018-08-09 21:00:00",4388,0.479,0.593,0.514,0.647,0.524,0.595
"2018-08-09 21:30:00",4389,0.483,0.596,0.518,0.648,0.527,0.603
"2018-08-09 22:00:00",4390,0.486,0.598,0.52,0.649,0.528,0.607
"2018-08-09 22:30:00",4391,0.489,0.6,0.522,0.65,0.527,0.61
"2018-08-09 23:00:00",4392,0.492,0.601,0.523,0.649,0.528,0.611
"2018-08-09 23:30:00",4393,0.494,0.601,0.524,0.65,0.528,0.613
"2018-08-10 00:00:00",4394,0.495,0.602,0.525,0.65,0.527,0.614
"2018-08-10 00:30:00",4395,0.495,0.602,0.524,0.649,0.525,0.614
"2018-08-10 01:00:00",4396,0.493,0.602,0.521,0.65,0.524,0.609
"2018-08-10 01:30:00",4397,0.492,0.603,0.521,0.651,0.525,0.608
"2018-08-10 02:00:00",4398,0.494,0.603,0.523,0.649,0.523,0.61
"2018-08-10 02:30:00",4399,0.493,0.604,0.524,0.65,0.522,0.61
"2018-08-10 03:00:00",4400,0.493,0.603,0.522,0.648,0.521,0.608
"2018-08-10 03:30:00",4401,0.489,0.602,0.519,0.646,0.519,0.602
"2018-08-10 04:00:00",4402,0.486,0.601,0.517,0.644,0.518,0.6
"2018-08-10 04:30:00",4403,0.486,0.601,0.515,0.642,0.516,0.6
"2018-08-10 05:00:00",4404,0.485,0.6,0.518,0.641,0.515,0.599
"2018-08-10 05:30:00",4405,0.485,0.6,0.519,0.641,0.514,0.599
"2018-08-10 06:00:00",4406,0.481,0.6,0.516,0.64,0.513,0.597
"2018-08-10 06:30:00",4407,0.478,0.6,0.513,0.639,0.511,0.596
"2018-08-10 07:00:00",4408,0.472,0.598,0.511,0.639,0.513,0.59
"2018-08-10 07:30:00",4409,0.446,0.588,0.49,0.629,0.507,0.566
"2018-08-10 08:00:00",4410,0.394,0.571,0.456,0.611,0.506,0.523
"2018-08-10 08:30:00",4411,0.352,0.555,0.424,0.595,0.501,0.485
"2018-08-10 09:00:00",4412,0.328,0.54,0.403,0.581,0.49,0.455
"2018-08-10 09:30:00",4413,0.316,0.527,0.394,0.573,0.473,0.433
"2018-08-10 10:00:00",4414,0.311,0.516,0.39,0.554,0.45,0.42
"2018-08-10 10:30:00",4415,0.31,0.506,0.386,0.543,0.432,0.417
"2018-08-10 11:00:00",4416,0.309,0.495,0.381,0.546,0.417,0.415
"2018-08-10 11:30:00",4417,0.31,0.486,0.38,0.54,0.408,0.424
"2018-08-10 12:00:00",4418,0.311,0.479,0.377,0.526,0.401,0.417
"2018-08-10 12:30:00",4419,0.317,0.481,0.385,0.542,0.402,0.422
"2018-08-10 13:00:00",4420,0.32,0.476,0.382,0.549,0.396,0.425
"2018-08-10 13:30:00",4421,0.318,0.467,0.374,0.539,0.396,0.417
"2018-08-10 14:00:00",4422,0.325,0.475,0.384,0.55,0.4,0.422
"2018-08-10 14:30:00",4423,0.334,0.483,0.39,0.562,0.405,0.431
"2018-08-10 15:00:00",4424,0.341,0.487,0.397,0.568,0.41,0.436
"2018-08-10 15:30:00",4425,0.345,0.49,0.402,0.572,0.414,0.437
"2018-08-10 16:00:00",4426,0.361,0.504,0.416,0.584,0.424,0.455
"2018-08-10 16:30:00",4427,0.369,0.507,0.421,0.589,0.428,0.461
"2018-08-10 17:00:00",4428,0.38,0.512,0.429,0.595,0.432,0.471
"2018-08-10 17:30:00",4429,0.395,0.521,0.442,0.606,0.441,0.48
"2018-08-10 18:00:00",4430,0.41,0.53,0.456,0.616,0.452,0.494
"2018-08-10 18:30:00",4431,0.424,0.542,0.467,0.624,0.463,0.512
"2018-08-10 19:00:00",4432,0.433,0.552,0.476,0.628,0.473,0.524
"2018-08-10 19:30:00",4433,0.446,0.563,0.486,0.633,0.485,0.541
"2018-08-10 20:00:00",4434,0.459,0.574,0.494,0.635,0.495,0.56
"2018-08-10 20:30:00",4435,0.468,0.581,0.5,0.637,0.503,0.571
"2018-08-10 21:00:00",4436,0.476,0.585,0.503,0.637,0.507,0.581
"2018-08-10 21:30:00",4437,0.482,0.588,0.507,0.638,0.51,0.589
"2018-08-10 22:00:00",4438,0.487,0.588,0.51,0.639,0.511,0.594
"2018-08-10 22:30:00",4439,0.485,0.589,0.511,0.64,0.513,0.597
"2018-08-10 23:00:00",4440,0.483,0.589,0.514,0.639,0.513,0.598
"2018-08-10 23:30:00",4441,0.483,0.589,0.514,0.638,0.513,0.599
"2018-08-11 00:00:00",4442,0.484,0.59,0.512,0.638,0.51,0.6
"2018-08-11 00:30:00",4443,0.483,0.59,0.512,0.639,0.511,0.6
"2018-08-11 01:00:00",4444,0.483,0.59,0.512,0.639,0.512,0.6
"2018-08-11 01:30:00",4445,0.484,0.59,0.512,0.637,0.509,0.6
"2018-08-11 02:00:00",4446,0.484,0.589,0.512,0.637,0.508,0.6
"2018-08-11 02:30:00",4447,0.484,0.589,0.514,0.637,0.509,0.599
"2018-08-11 03:00:00",4448,0.483,0.589,0.514,0.635,0.507,0.597
"2018-08-11 03:30:00",4449,0.482,0.589,0.514,0.635,0.508,0.596
"2018-08-11 04:00:00",4450,0.481,0.588,0.514,0.634,0.507,0.595
"2018-08-11 04:30:00",4451,0.48,0.588,0.513,0.634,0.508,0.595
"2018-08-11 05:00:00",4452,0.479,0.588,0.514,0.633,0.507,0.594
"2018-08-11 05:30:00",4453,0.479,0.588,0.513,0.634,0.508,0.593
"2018-08-11 06:00:00",4454,0.478,0.587,0.513,0.634,0.508,0.592
"2018-08-11 06:30:00",4455,0.477,0.586,0.512,0.63,0.505,0.59
"2018-08-11 07:00:00",4456,0.477,0.586,0.512,0.63,0.505,0.59
"2018-08-11 07:30:00",4457,0.476,0.585,0.511,0.629,0.504,0.588
"2018-08-11 08:00:00",4458,0.473,0.585,0.51,0.629,0.505,0.585
"2018-08-11 08:30:00",4459,0.47,0.584,0.508,0.629,0.504,0.582
"2018-08-11 09:00:00",4460,0.46,0.583,0.503,0.628,0.504,0.571
"2018-08-11 09:30:00",4461,0.399,0.569,0.463,0.611,0.491,0.511
"2018-08-11 10:00:00",4462,0.387,0.561,0.459,0.606,0.48,0.5
"2018-08-11 10:30:00",4463,0.371,0.557,0.451,0.603,0.475,0.484
"2018-08-11 11:00:00",4464,0.363,0.548,0.44,0.597,0.466,0.477
"2018-08-11 11:30:00",4465,0.353,0.539,0.427,0.588,0.456,0.466
"2018-08-11 12:00:00",4466,0.356,0.531,0.422,0.582,0.449,0.465
"2018-08-11 12:30:00",4467,0.343,0.519,0.407,0.572,0.437,0.451
"2018-08-11 13:00:00",4468,0.317,0.5,0.389,0.556,0.41,0.43
"2018-08-11 13:30:00",4469,0.315,0.49,0.386,0.548,0.403,0.422
"2018-08-11 14:00:00",4470,0.314,0.486,0.383,0.548,0.399,0.416
"2018-08-11 14:30:00",4471,0.317,0.481,0.383,0.55,0.396,0.417
"2018-08-11 15:00:00",4472,0.32,0.481,0.384,0.551,0.398,0.42
"2018-08-11 15:30:00",4473,0.326,0.479,0.385,0.557,0.401,0.419
"2018-08-11 16:00:00",4474,0.334,0.477,0.39,0.559,0.399,0.421
"2018-08-11 16:30:00",4475,0.345,0.484,0.397,0.566,0.405,0.438
"2018-08-11 17:00:00",4476,0.348,0.49,0.401,0.569,0.409,0.448
"2018-08-11 17:30:00",4477,0.355,0.498,0.408,0.573,0.415,0.453
"2018-08-11 18:00:00",4478,0.378,0.513,0.428,0.584,0.426,0.471
"2018-08-11 18:30:00",4479,0.406,0.531,0.446,0.596,0.443,0.499
"2018-08-11 19:00:00",4480,0.415,0.54,0.455,0.603,0.458,0.514
"2018-08-11 19:30:00",4481,0.432,0.55,0.465,0.612,0.469,0.535
"2018-08-11 20:00:00",4482,0.45,0.56,0.477,0.617,0.48,0.558
"2018-08-11 20:30:00",4483,0.463,0.566,0.485,0.619,0.487,0.57
"2018-08-11 21:00:00",4484,0.464,0.567,0.476,0.615,0.483,0.573
"2018-08-11 21:30:00",4485,0.454,0.563,0.47,0.605,0.48,0.562
"2018-08-11 22:00:00",4486,0.442,0.56,0.474,0.603,0.483,0.556
"2018-08-11 22:30:00",4487,0.441,0.559,0.482,0.606,0.486,0.559
"2018-08-11 23:00:00",4488,0.356,0.451,0.388,0.492,0.395,0.451
"2018-08-11 23:30:00",4489,0.271,0.341,0.294,0.373,0.3,0.344
"2018-08-12 00:00:00",4490,0.271,0.337,0.292,0.367,0.295,0.342
"2018-08-12 00:30:00",4491,0.272,0.337,0.291,0.367,0.294,0.343
"2018-08-12 01:00:00",4492,0.274,0.337,0.289,0.364,0.293,0.345
"2018-08-12 01:30:00",4493,0.275,0.337,0.29,0.365,0.293,0.345
"2018-08-12 02:00:00",4494,0.275,0.337,0.29,0.366,0.293,0.346
"2018-08-12 02:30:00",4495,0.274,0.337,0.29,0.366,0.293,0.345
"2018-08-12 03:00:00",4496,0.274,0.336,0.289,0.364,0.292,0.345
"2018-08-12 03:30:00",4497,0.274,0.335,0.288,0.363,0.291,0.344
"2018-08-12 04:00:00",4498,0.274,0.336,0.287,0.363,0.291,0.343
"2018-08-12 04:30:00",4499,0.273,0.335,0.287,0.362,0.291,0.343
"2018-08-12 05:00:00",4500,0.273,0.335,0.286,0.36,0.289,0.342
"2018-08-12 05:30:00",4501,0.272,0.335,0.285,0.359,0.288,0.341
"2018-08-12 06:00:00",4502,0.272,0.334,0.285,0.358,0.288,0.341
"2018-08-12 06:30:00",4503,0.272,0.334,0.286,0.358,0.288,0.341
"2018-08-12 07:00:00",4504,0.271,0.333,0.286,0.357,0.287,0.339
"2018-08-12 07:30:00",4505,0.267,0.332,0.284,0.356,0.287,0.335
"2018-08-12 08:00:00",4506,0.259,0.33,0.281,0.351,0.286,0.328
"2018-08-12 08:30:00",4507,0.253,0.328,0.277,0.347,0.283,0.322
"2018-08-12 09:00:00",4508,0.247,0.328,0.278,0.347,0.283,0.316
"2018-08-12 09:30:00",4509,0.241,0.327,0.276,0.346,0.279,0.309
"2018-08-12 10:00:00",4510,0.236,0.325,0.274,0.345,0.273,0.303
"2018-08-12 10:30:00",4511,0.222,0.32,0.266,0.339,0.264,0.288
"2018-08-12 11:00:00",4512,0.211,0.313,0.254,0.333,0.259,0.275
"2018-08-12 11:30:00",4513,0.201,0.308,0.247,0.329,0.252,0.266
"2018-08-12 12:00:00",4514,0.181,0.296,0.231,0.311,0.237,0.247
"2018-08-12 12:30:00",4515,0.176,0.286,0.224,0.304,0.227,0.24
"2018-08-12 13:00:00",4516,0.178,0.281,0.219,0.303,0.223,0.241
"2018-08-12 13:30:00",4517,0.176,0.275,0.213,0.299,0.219,0.235
"2018-08-12 14:00:00",4518,0.179,0.272,0.212,0.299,0.217,0.237
"2018-08-12 14:30:00",4519,0.179,0.27,0.211,0.3,0.218,0.236
"2018-08-12 15:00:00",4520,0.183,0.269,0.213,0.302,0.218,0.24
"2018-08-12 15:30:00",4521,0.185,0.267,0.213,0.302,0.217,0.24
"2018-08-12 16:00:00",4522,0.19,0.268,0.216,0.305,0.22,0.24
"2018-08-12 16:30:00",4523,0.19,0.267,0.217,0.305,0.221,0.243
"2018-08-12 17:00:00",4524,0.206,0.28,0.23,0.317,0.235,0.262
"2018-08-12 17:30:00",4525,0.235,0.301,0.251,0.335,0.254,0.296
"2018-08-12 18:00:00",4526,0.25,0.31,0.261,0.34,0.263,0.312
"2018-08-12 18:30:00",4527,0.256,0.315,0.265,0.343,0.268,0.319
"2018-08-12 19:00:00",4528,0.26,0.318,0.269,0.344,0.272,0.325
"2018-08-12 19:30:00",4529,0.262,0.32,0.272,0.348,0.276,0.328
"2018-08-12 20:00:00",4530,0.262,0.32,0.272,0.349,0.277,0.33
"2018-08-12 20:30:00",4531,0.264,0.32,0.276,0.349,0.277,0.329
"2018-08-12 21:00:00",4532,0.264,0.319,0.277,0.349,0.278,0.33
"2018-08-12 21:30:00",4533,0.263,0.318,0.276,0.347,0.276,0.329
"2018-08-12 22:00:00",4534,0.262,0.318,0.275,0.347,0.276,0.328
"2018-08-12 22:30:00",4535,0.26,0.316,0.273,0.342,0.273,0.325
"2018-08-12 23:00:00",4536,0.258,0.315,0.271,0.34,0.272,0.323
"2018-08-12 23:30:00",4537,0.256,0.312,0.269,0.336,0.269,0.319
"2018-08-16 12:30:00",4538,0.272,0.427,0.363,0.439,0.326,0.404
"2018-08-16 13:00:00",4539,0.293,0.47,0.399,0.491,0.356,0.438
"2018-08-16 13:30:00",4540,0.304,0.471,0.404,0.493,0.359,0.447
"2018-08-16 14:00:00",4541,0.321,0.483,0.416,0.507,0.369,0.461
"2018-08-16 14:30:00",4542,0.337,0.497,0.427,0.526,0.381,0.477
"2018-08-16 15:00:00",4543,0.334,0.499,0.432,0.534,0.382,0.472
"2018-08-16 15:30:00",4544,0.305,0.461,0.384,0.5,0.349,0.42
"2018-08-16 16:00:00",4545,0.307,0.464,0.386,0.504,0.354,0.416
"2018-08-16 16:30:00",4546,0.308,0.448,0.378,0.493,0.344,0.411
"2018-08-16 17:00:00",4547,0.309,0.44,0.373,0.483,0.338,0.41
"2018-08-16 17:30:00",4548,0.393,0.525,0.466,0.571,0.406,0.515
"2018-08-16 18:00:00",4549,0.416,0.537,0.49,0.587,0.42,0.537
"2018-08-16 18:30:00",4550,0.438,0.551,0.504,0.6,0.434,0.562
"2018-08-16 19:00:00",4551,0.446,0.558,0.512,0.605,0.441,0.568
"2018-08-16 19:30:00",4552,0.461,0.569,0.521,0.612,0.452,0.586
"2018-08-16 20:00:00",4553,0.476,0.579,0.53,0.618,0.463,0.606
"2018-08-16 20:30:00",4554,0.486,0.585,0.536,0.619,0.469,0.619
"2018-08-16 21:00:00",4555,0.494,0.589,0.541,0.621,0.474,0.629
"2018-08-16 21:30:00",4556,0.499,0.592,0.544,0.624,0.478,0.636
"2018-08-16 22:00:00",4557,0.502,0.594,0.546,0.627,0.48,0.64
"2018-08-16 22:30:00",4558,0.505,0.595,0.547,0.628,0.482,0.643
"2018-08-16 23:00:00",4559,0.507,0.596,0.549,0.63,0.484,0.645
"2018-08-16 23:30:00",4560,0.51,0.597,0.55,0.633,0.484,0.647
"2018-08-17 00:00:00",4561,0.512,0.598,0.552,0.635,0.488,0.649
"2018-08-17 00:30:00",4562,0.513,0.599,0.553,0.635,0.487,0.651
"2018-08-17 01:00:00",4563,0.516,0.598,0.555,0.634,0.486,0.653
"2018-08-17 01:30:00",4564,0.518,0.598,0.556,0.634,0.486,0.655
"2018-08-17 02:00:00",4565,0.519,0.599,0.557,0.635,0.487,0.656
"2018-08-17 02:30:00",4566,0.52,0.599,0.559,0.637,0.488,0.656
"2018-08-17 03:00:00",4567,0.521,0.599,0.56,0.639,0.488,0.657
"2018-08-17 03:30:00",4568,0.522,0.6,0.56,0.64,0.489,0.658
"2018-08-17 04:00:00",4569,0.522,0.6,0.56,0.639,0.489,0.658
"2018-08-17 04:30:00",4570,0.523,0.6,0.561,0.638,0.489,0.659
"2018-08-17 05:00:00",4571,0.523,0.6,0.562,0.638,0.489,0.659
"2018-08-17 05:30:00",4572,0.523,0.6,0.563,0.64,0.49,0.659
"2018-08-17 06:00:00",4573,0.523,0.6,0.564,0.641,0.489,0.659
"2018-08-17 06:30:00",4574,0.524,0.6,0.564,0.641,0.488,0.659
"2018-08-17 07:00:00",4575,0.524,0.6,0.565,0.641,0.489,0.659
"2018-08-17 07:30:00",4576,0.524,0.601,0.563,0.641,0.489,0.656
"2018-08-17 08:00:00",4577,0.517,0.601,0.559,0.639,0.489,0.651
"2018-08-17 08:30:00",4578,0.483,0.598,0.536,0.634,0.488,0.622
"2018-08-17 09:00:00",4579,0.407,0.59,0.497,0.622,0.483,0.56
"2018-08-17 09:30:00",4580,0.373,0.579,0.481,0.612,0.473,0.525
"2018-08-17 10:00:00",4581,0.36,0.569,0.468,0.599,0.459,0.505
"2018-08-17 10:30:00",4582,0.349,0.553,0.453,0.584,0.437,0.487
"2018-08-17 11:00:00",4583,0.347,0.545,0.445,0.578,0.421,0.49
"2018-08-17 11:30:00",4584,0.337,0.526,0.434,0.563,0.399,0.475
"2018-08-17 12:00:00",4585,0.336,0.512,0.428,0.542,0.383,0.466
"2018-08-17 12:30:00",4586,0.34,0.502,0.424,0.543,0.371,0.465
"2018-08-17 13:00:00",4587,0.345,0.494,0.42,0.541,0.365,0.468
"2018-08-17 13:30:00",4588,0.351,0.495,0.423,0.541,0.37,0.468
"2018-08-17 14:00:00",4589,0.356,0.497,0.427,0.547,0.374,0.469
"2018-08-17 14:30:00",4590,0.363,0.5,0.429,0.552,0.375,0.473
"2018-08-17 15:00:00",4591,0.367,0.499,0.431,0.553,0.376,0.473
"2018-08-17 15:30:00",4592,0.376,0.503,0.438,0.561,0.379,0.477
"2018-08-17 16:00:00",4593,0.392,0.508,0.45,0.571,0.385,0.49
"2018-08-17 16:30:00",4594,0.404,0.52,0.465,0.584,0.396,0.509
"2018-08-17 17:00:00",4595,0.403,0.522,0.468,0.586,0.4,0.507
"2018-08-17 17:30:00",4596,0.439,0.542,0.493,0.604,0.419,0.543
"2018-08-17 18:00:00",4597,0.467,0.559,0.514,0.62,0.438,0.572
"2018-08-17 18:30:00",4598,0.485,0.57,0.527,0.629,0.452,0.591
"2018-08-17 19:00:00",4599,0.499,0.579,0.535,0.636,0.461,0.605
"2018-08-17 19:30:00",4600,0.514,0.586,0.547,0.64,0.47,0.624
"2018-08-17 20:00:00",4601,0.524,0.592,0.553,0.643,0.477,0.638
"2018-08-17 20:30:00",4602,0.529,0.594,0.554,0.644,0.48,0.645
"2018-08-17 21:00:00",4603,0.533,0.597,0.558,0.646,0.484,0.65
"2018-08-17 21:30:00",4604,0.535,0.598,0.56,0.644,0.486,0.655
"2018-08-17 22:00:00",4605,0.537,0.6,0.561,0.647,0.487,0.658
"2018-08-17 22:30:00",4606,0.538,0.6,0.562,0.646,0.488,0.66
"2018-08-17 23:00:00",4607,0.538,0.601,0.562,0.644,0.488,0.662
"2018-08-17 23:30:00",4608,0.538,0.601,0.564,0.648,0.49,0.664
"2018-08-18 00:00:00",4609,0.537,0.602,0.564,0.646,0.49,0.665
"2018-08-18 00:30:00",4610,0.536,0.603,0.563,0.647,0.491,0.664
"2018-08-18 01:00:00",4611,0.537,0.603,0.565,0.648,0.491,0.665
"2018-08-18 01:30:00",4612,0.537,0.603,0.567,0.649,0.492,0.666
"2018-08-18 02:00:00",4613,0.538,0.602,0.568,0.651,0.492,0.666
"2018-08-18 02:30:00",4614,0.538,0.603,0.565,0.651,0.492,0.665
"2018-08-18 03:00:00",4615,0.537,0.604,0.565,0.651,0.492,0.667
"2018-08-18 03:30:00",4616,0.537,0.605,0.565,0.652,0.493,0.667
"2018-08-18 04:00:00",4617,0.536,0.605,0.566,0.654,0.495,0.667
"2018-08-18 04:30:00",4618,0.535,0.606,0.564,0.653,0.495,0.667
"2018-08-18 05:00:00",4619,0.536,0.604,0.566,0.649,0.493,0.668
"2018-08-18 05:30:00",4620,0.536,0.603,0.567,0.648,0.492,0.668
"2018-08-18 06:00:00",4621,0.536,0.604,0.567,0.649,0.492,0.669
"2018-08-18 06:30:00",4622,0.536,0.604,0.568,0.647,0.491,0.668
"2018-08-18 07:00:00",4623,0.537,0.604,0.566,0.645,0.491,0.668
"2018-08-18 07:30:00",4624,0.536,0.605,0.566,0.646,0.493,0.667
"2018-08-18 08:00:00",4625,0.532,0.606,0.566,0.649,0.494,0.664
"2018-08-18 08:30:00",4626,0.524,0.606,0.564,0.648,0.494,0.658
"2018-08-18 09:00:00",4627,0.489,0.603,0.545,0.644,0.492,0.622
"2018-08-18 09:30:00",4628,0.447,0.595,0.527,0.635,0.482,0.578
"2018-08-18 10:00:00",4629,0.416,0.584,0.507,0.622,0.467,0.545
"2018-08-18 10:30:00",4630,0.417,0.579,0.496,0.615,0.455,0.547
"2018-08-18 11:00:00",4631,0.393,0.571,0.479,0.604,0.443,0.526
"2018-08-18 11:30:00",4632,0.375,0.554,0.459,0.584,0.423,0.503
"2018-08-18 12:00:00",4633,0.381,0.547,0.456,0.58,0.416,0.506
"2018-08-18 12:30:00",4634,0.358,0.532,0.441,0.567,0.397,0.485
"2018-08-18 13:00:00",4635,0.346,0.511,0.429,0.55,0.373,0.471
"2018-08-18 13:30:00",4636,0.347,0.502,0.426,0.548,0.37,0.469
"2018-08-18 14:00:00",4637,0.354,0.498,0.424,0.545,0.37,0.468
"2018-08-18 14:30:00",4638,0.366,0.504,0.428,0.552,0.376,0.477
"2018-08-18 15:00:00",4639,0.37,0.505,0.432,0.559,0.378,0.477
"2018-08-18 15:30:00",4640,0.385,0.511,0.438,0.567,0.385,0.487
"2018-08-18 16:00:00",4641,0.389,0.511,0.438,0.569,0.385,0.485
"2018-08-18 16:30:00",4642,0.404,0.522,0.45,0.577,0.394,0.503
"2018-08-18 17:00:00",4643,0.428,0.539,0.471,0.596,0.411,0.53
"2018-08-18 17:30:00",4644,0.444,0.549,0.486,0.607,0.421,0.543
"2018-08-18 18:00:00",4645,0.471,0.564,0.508,0.623,0.437,0.571
"2018-08-18 18:30:00",4646,0.486,0.572,0.521,0.631,0.448,0.59
"2018-08-18 19:00:00",4647,0.497,0.579,0.534,0.637,0.457,0.602
"2018-08-18 19:30:00",4648,0.509,0.586,0.544,0.642,0.466,0.615
"2018-08-18 20:00:00",4649,0.521,0.592,0.551,0.646,0.475,0.631
"2018-08-18 20:30:00",4650,0.528,0.597,0.557,0.646,0.48,0.644
"2018-08-18 21:00:00",4651,0.532,0.6,0.557,0.646,0.484,0.651
"2018-08-18 21:30:00",4652,0.534,0.601,0.561,0.647,0.487,0.656
"2018-08-18 22:00:00",4653,0.535,0.601,0.564,0.649,0.488,0.66
"2018-08-18 22:30:00",4654,0.536,0.602,0.564,0.649,0.49,0.661
"2018-08-18 23:00:00",4655,0.536,0.604,0.564,0.651,0.492,0.663
"2018-08-18 23:30:00",4656,0.538,0.603,0.566,0.65,0.492,0.665
"2018-08-19 00:00:00",4657,0.538,0.604,0.566,0.651,0.492,0.667
"2018-08-19 00:30:00",4658,0.539,0.604,0.566,0.648,0.492,0.668
"2018-08-19 01:00:00",4659,0.539,0.603,0.568,0.65,0.492,0.668
"2018-08-19 01:30:00",4660,0.54,0.604,0.566,0.648,0.492,0.669
"2018-08-19 02:00:00",4661,0.539,0.605,0.566,0.65,0.493,0.667
"2018-08-19 02:30:00",4662,0.536,0.606,0.563,0.648,0.491,0.665
"2018-08-19 03:00:00",4663,0.535,0.606,0.564,0.647,0.492,0.665
"2018-08-19 03:30:00",4664,0.534,0.607,0.563,0.648,0.492,0.665
"2018-08-19 04:00:00",4665,0.533,0.607,0.563,0.65,0.492,0.665
"2018-08-19 04:30:00",4666,0.533,0.606,0.564,0.648,0.491,0.664
"2018-08-19 05:00:00",4667,0.533,0.608,0.565,0.651,0.494,0.666
"2018-08-19 05:30:00",4668,0.532,0.607,0.564,0.649,0.492,0.664
"2018-08-19 06:00:00",4669,0.53,0.607,0.566,0.648,0.493,0.663
"2018-08-19 06:30:00",4670,0.528,0.607,0.566,0.649,0.492,0.662
"2018-08-19 07:00:00",4671,0.526,0.607,0.566,0.649,0.493,0.662
"2018-08-19 07:30:00",4672,0.516,0.606,0.561,0.647,0.491,0.653
"2018-08-19 08:00:00",4673,0.483,0.603,0.548,0.642,0.489,0.63
"2018-08-19 08:30:00",4674,0.449,0.597,0.534,0.635,0.48,0.6
"2018-08-19 09:00:00",4675,0.419,0.589,0.507,0.623,0.469,0.564
"2018-08-19 09:30:00",4676,0.394,0.576,0.487,0.609,0.458,0.538
"2018-08-19 10:00:00",4677,0.396,0.571,0.477,0.6,0.442,0.534
"2018-08-19 10:30:00",4678,0.412,0.572,0.492,0.609,0.443,0.548
"2018-08-19 11:00:00",4679,0.397,0.564,0.473,0.597,0.425,0.532
"2018-08-19 11:30:00",4680,0.385,0.557,0.458,0.586,0.414,0.517
"2018-08-19 12:00:00",4681,0.377,0.55,0.447,0.576,0.407,0.507
"2018-08-19 12:30:00",4682,0.359,0.542,0.437,0.568,0.397,0.491
"2018-08-19 13:00:00",4683,0.347,0.529,0.421,0.553,0.38,0.477
"2018-08-19 13:30:00",4684,0.349,0.523,0.419,0.552,0.38,0.476
"2018-08-19 14:00:00",4685,0.354,0.521,0.42,0.558,0.382,0.477
"2018-08-19 14:30:00",4686,0.378,0.531,0.433,0.572,0.392,0.499
"2018-08-19 15:00:00",4687,0.377,0.531,0.432,0.575,0.391,0.495
"2018-08-19 15:30:00",4688,0.384,0.533,0.435,0.581,0.393,0.496
"2018-08-19 16:00:00",4689,0.383,0.528,0.434,0.581,0.39,0.488
"2018-08-19 16:30:00",4690,0.395,0.533,0.439,0.585,0.397,0.501
"2018-08-19 17:00:00",4691,0.408,0.54,0.449,0.593,0.403,0.516
"2018-08-19 17:30:00",4692,0.419,0.544,0.459,0.601,0.41,0.531
"2018-08-19 18:00:00",4693,0.436,0.554,0.47,0.608,0.422,0.545
"2018-08-19 18:30:00",4694,0.446,0.562,0.479,0.613,0.432,0.558
"2018-08-19 19:00:00",4695,0.457,0.57,0.487,0.617,0.443,0.569
"2018-08-19 19:30:00",4696,0.468,0.578,0.492,0.619,0.452,0.582
"2018-08-19 20:00:00",4697,0.478,0.588,0.5,0.624,0.462,0.595
"2018-08-19 20:30:00",4698,0.484,0.594,0.508,0.629,0.467,0.605
"2018-08-19 21:00:00",4699,0.485,0.596,0.51,0.632,0.472,0.609
"2018-08-19 21:30:00",4700,0.482,0.597,0.509,0.631,0.474,0.608
"2018-08-19 22:00:00",4701,0.473,0.593,0.502,0.624,0.476,0.598
"2018-08-19 22:30:00",4702,0.47,0.593,0.5,0.624,0.477,0.595
"2018-08-19 23:00:00",4703,0.467,0.592,0.495,0.619,0.473,0.591
"2018-08-19 23:30:00",4704,0.465,0.591,0.496,0.62,0.475,0.588
"2018-08-20 00:00:00",4705,0.463,0.59,0.496,0.62,0.475,0.587
"2018-08-20 00:30:00",4706,0.461,0.591,0.496,0.621,0.479,0.586
"2018-08-20 01:00:00",4707,0.457,0.588,0.496,0.619,0.476,0.583
"2018-08-20 01:30:00",4708,0.454,0.585,0.491,0.614,0.473,0.58
"2018-08-20 02:00:00",4709,0.453,0.582,0.49,0.611,0.472,0.579
"2018-08-20 02:30:00",4710,0.451,0.581,0.49,0.61,0.469,0.577
"2018-08-20 03:00:00",4711,0.448,0.581,0.488,0.61,0.47,0.575
"2018-08-20 03:30:00",4712,0.446,0.579,0.487,0.608,0.47,0.573
"2018-08-20 04:00:00",4713,0.445,0.578,0.486,0.607,0.468,0.573
"2018-08-20 04:30:00",4714,0.446,0.576,0.483,0.603,0.464,0.572
"2018-08-20 05:00:00",4715,0.445,0.574,0.481,0.6,0.461,0.572
"2018-08-20 05:30:00",4716,0.441,0.571,0.475,0.596,0.459,0.566
"2018-08-20 06:00:00",4717,0.441,0.569,0.475,0.593,0.455,0.565
"2018-08-20 06:30:00",4718,0.441,0.567,0.476,0.592,0.451,0.567
"2018-08-20 07:00:00",4719,0.44,0.564,0.47,0.587,0.448,0.565
"2018-08-20 07:30:00",4720,0.433,0.559,0.466,0.582,0.444,0.559
"2018-08-20 08:00:00",4721,0.419,0.549,0.457,0.572,0.436,0.543
"2018-08-20 08:30:00",4722,0.407,0.538,0.45,0.563,0.427,0.53
"2018-08-20 09:00:00",4723,0.404,0.542,0.452,0.569,0.431,0.525
"2018-08-20 09:30:00",4724,0.375,0.517,0.428,0.545,0.411,0.489
"2018-08-20 10:00:00",4725,0.37,0.508,0.421,0.536,0.404,0.481
"2018-08-20 10:30:00",4726,0.376,0.506,0.421,0.533,0.404,0.487
"2018-08-20 11:00:00",4727,0.385,0.506,0.426,0.532,0.4,0.499
"2018-08-20 11:30:00",4728,0.373,0.501,0.418,0.527,0.394,0.487
"2018-08-20 12:00:00",4729,0.345,0.492,0.399,0.518,0.378,0.453
"2018-08-20 12:30:00",4730,0.332,0.486,0.391,0.513,0.367,0.435
"2018-08-20 13:00:00",4731,0.328,0.483,0.386,0.512,0.361,0.433
"2018-08-20 13:30:00",4732,0.322,0.479,0.38,0.508,0.358,0.428
"2018-08-20 14:00:00",4733,0.31,0.471,0.369,0.498,0.348,0.414
"2018-08-20 14:30:00",4734,0.311,0.468,0.365,0.494,0.346,0.413
"2018-08-20 15:00:00",4735,0.298,0.46,0.356,0.486,0.337,0.4
"2018-08-20 15:30:00",4736,0.3,0.456,0.353,0.482,0.335,0.401
"2018-08-20 16:00:00",4737,0.299,0.453,0.352,0.481,0.334,0.398
"2018-08-20 16:30:00",4738,0.301,0.451,0.354,0.483,0.334,0.399
"2018-08-20 17:00:00",4739,0.303,0.451,0.359,0.489,0.34,0.403
"2018-08-20 17:30:00",4740,0.322,0.46,0.374,0.502,0.353,0.421
"2018-08-20 18:00:00",4741,0.333,0.462,0.381,0.505,0.357,0.431
"2018-08-20 18:30:00",4742,0.349,0.473,0.399,0.518,0.372,0.451
"2018-08-20 19:00:00",4743,0.361,0.48,0.408,0.524,0.384,0.467
"2018-08-20 19:30:00",4744,0.367,0.484,0.411,0.524,0.389,0.472
"2018-08-20 20:00:00",4745,0.372,0.488,0.416,0.525,0.394,0.478
"2018-08-20 20:30:00",4746,0.375,0.49,0.418,0.527,0.396,0.481
"2018-08-20 21:00:00",4747,0.375,0.491,0.42,0.528,0.399,0.483
"2018-08-20 21:30:00",4748,0.373,0.489,0.421,0.528,0.4,0.482
"2018-08-20 22:00:00",4749,0.375,0.491,0.424,0.531,0.401,0.485
"2018-08-20 22:30:00",4750,0.375,0.492,0.425,0.532,0.402,0.486
"2018-08-20 23:00:00",4751,0.375,0.492,0.425,0.533,0.402,0.487
"2018-08-20 23:30:00",4752,0.376,0.492,0.427,0.534,0.404,0.488
"2018-08-21 00:00:00",4753,0.374,0.491,0.424,0.532,0.403,0.487
"2018-08-21 00:30:00",4754,0.375,0.491,0.424,0.531,0.403,0.487
"2018-08-21 01:00:00",4755,0.375,0.491,0.426,0.533,0.403,0.489
"2018-08-21 01:30:00",4756,0.377,0.492,0.427,0.533,0.404,0.49
"2018-08-21 02:00:00",4757,0.379,0.493,0.428,0.535,0.405,0.491
"2018-08-21 02:30:00",4758,0.378,0.493,0.429,0.534,0.405,0.491
"2018-08-21 03:00:00",4759,0.38,0.494,0.429,0.534,0.405,0.492
"2018-08-21 03:30:00",4760,0.379,0.493,0.43,0.534,0.406,0.491
"2018-08-21 04:00:00",4761,0.379,0.494,0.429,0.534,0.405,0.491
"2018-08-21 04:30:00",4762,0.376,0.493,0.427,0.532,0.405,0.489
"2018-08-21 05:00:00",4763,0.375,0.491,0.426,0.529,0.404,0.488
"2018-08-21 05:30:00",4764,0.376,0.491,0.427,0.529,0.404,0.488
"2018-08-21 06:00:00",4765,0.375,0.49,0.426,0.528,0.403,0.488
"2018-08-21 06:30:00",4766,0.378,0.492,0.428,0.53,0.403,0.49
"2018-08-21 07:00:00",4767,0.379,0.493,0.429,0.532,0.404,0.491
"2018-08-21 07:30:00",4768,0.375,0.493,0.429,0.533,0.404,0.49
"2018-08-21 08:00:00",4769,0.359,0.489,0.423,0.53,0.399,0.475
"2018-08-21 08:30:00",4770,0.336,0.484,0.412,0.524,0.392,0.452
"2018-08-21 09:00:00",4771,0.311,0.474,0.39,0.514,0.383,0.422
"2018-08-21 09:30:00",4772,0.319,0.475,0.393,0.516,0.379,0.428
"2018-08-21 10:00:00",4773,0.328,0.478,0.398,0.519,0.38,0.437
"2018-08-21 10:30:00",4774,0.314,0.47,0.388,0.512,0.371,0.423
"2018-08-21 11:00:00",4775,0.312,0.467,0.383,0.508,0.365,0.42
"2018-08-21 11:30:00",4776,0.32,0.469,0.386,0.51,0.366,0.429
"2018-08-21 12:00:00",4777,0.31,0.464,0.379,0.505,0.361,0.418
"2018-08-21 12:30:00",4778,0.333,0.47,0.39,0.511,0.368,0.444
"2018-08-21 13:00:00",4779,0.347,0.476,0.401,0.517,0.379,0.464
"2018-08-21 13:30:00",4780,0.351,0.478,0.404,0.519,0.383,0.469
"2018-08-21 14:00:00",4781,0.37,0.483,0.416,0.523,0.389,0.483
"2018-08-21 14:30:00",4782,0.379,0.462,0.422,0.525,0.389,0.487
"2018-08-21 15:00:00",4783,0.383,0.451,0.425,0.513,0.371,0.489
"2018-08-21 15:30:00",4784,0.385,0.452,0.418,0.5,0.374,0.49
"2018-08-21 16:00:00",4785,0.382,0.452,0.417,0.488,0.375,0.489
"2018-08-21 16:30:00",4786,0.383,0.441,0.416,0.462,0.364,0.49
"2018-08-21 17:00:00",4787,0.384,0.44,0.41,0.454,0.369,0.489
"2018-08-21 17:30:00",4788,0.383,0.448,0.406,0.475,0.374,0.488
"2018-08-21 18:00:00",4789,0.382,0.451,0.404,0.484,0.375,0.487
"2018-08-21 18:30:00",4790,0.382,0.454,0.402,0.486,0.376,0.487
"2018-08-21 19:00:00",4791,0.379,0.452,0.4,0.485,0.375,0.486
"2018-08-21 19:30:00",4792,0.381,0.451,0.4,0.487,0.375,0.486
"2018-08-21 20:00:00",4793,0.382,0.451,0.398,0.486,0.374,0.486
"2018-08-21 20:30:00",4794,0.382,0.451,0.394,0.485,0.373,0.489
"2018-08-21 21:00:00",4795,0.385,0.45,0.397,0.492,0.375,0.494
"2018-08-21 21:30:00",4796,0.388,0.451,0.398,0.498,0.374,0.495
"2018-08-21 22:00:00",4797,0.39,0.454,0.397,0.5,0.379,0.495
"2018-08-21 22:30:00",4798,0.391,0.455,0.397,0.502,0.38,0.495
"2018-08-21 23:00:00",4799,0.392,0.455,0.397,0.504,0.381,0.495
"2018-08-21 23:30:00",4800,0.391,0.455,0.396,0.506,0.382,0.493
"2018-08-22 00:00:00",4801,0.391,0.451,0.395,0.506,0.38,0.495
"2018-08-22 00:30:00",4802,0.392,0.45,0.394,0.505,0.379,0.494
"2018-08-22 01:00:00",4803,0.391,0.45,0.395,0.506,0.379,0.494
"2018-08-22 01:30:00",4804,0.391,0.449,0.394,0.506,0.378,0.492
"2018-08-22 02:00:00",4805,0.391,0.449,0.396,0.507,0.379,0.492
"2018-08-22 02:30:00",4806,0.391,0.448,0.398,0.507,0.379,0.492
"2018-08-22 03:00:00",4807,0.391,0.448,0.397,0.509,0.379,0.491
"2018-08-22 03:30:00",4808,0.39,0.448,0.396,0.509,0.378,0.49
"2018-08-22 04:00:00",4809,0.39,0.447,0.395,0.508,0.377,0.49
"2018-08-22 04:30:00",4810,0.389,0.447,0.395,0.509,0.377,0.489
"2018-08-22 05:00:00",4811,0.389,0.448,0.393,0.51,0.377,0.49
"2018-08-22 05:30:00",4812,0.389,0.448,0.393,0.513,0.377,0.492
"2018-08-22 06:00:00",4813,0.389,0.447,0.395,0.515,0.378,0.493
"2018-08-22 06:30:00",4814,0.389,0.447,0.395,0.516,0.379,0.493
"2018-08-22 07:00:00",4815,0.39,0.448,0.395,0.517,0.38,0.493
"2018-08-22 07:30:00",4816,0.39,0.45,0.391,0.518,0.379,0.492
"2018-08-22 08:00:00",4817,0.389,0.452,0.391,0.518,0.378,0.49
"2018-08-22 08:30:00",4818,0.382,0.452,0.389,0.516,0.376,0.486
"2018-08-22 09:00:00",4819,0.37,0.452,0.388,0.515,0.375,0.483
"2018-08-22 09:30:00",4820,0.356,0.451,0.388,0.513,0.373,0.478
"2018-08-22 10:00:00",4821,0.329,0.449,0.389,0.511,0.372,0.467
"2018-08-22 10:30:00",4822,0.3,0.445,0.377,0.508,0.37,0.44
"2018-08-22 11:00:00",4823,0.267,0.429,0.352,0.495,0.358,0.4
"2018-08-22 11:30:00",4824,0.285,0.432,0.361,0.5,0.354,0.404
"2018-08-22 12:00:00",4825,0.278,0.428,0.349,0.494,0.351,0.389
"2018-08-22 12:30:00",4826,0.267,0.414,0.332,0.477,0.334,0.372
"2018-08-22 13:00:00",4827,0.269,0.406,0.328,0.466,0.327,0.373
"2018-08-22 13:30:00",4828,0.285,0.406,0.335,0.472,0.329,0.387
"2018-08-22 14:00:00",4829,0.296,0.41,0.343,0.481,0.333,0.399
"2018-08-22 14:30:00",4830,0.31,0.417,0.355,0.488,0.341,0.422
"2018-08-22 15:00:00",4831,0.338,0.433,0.374,0.501,0.358,0.453
"2018-08-22 15:30:00",4832,0.346,0.439,0.381,0.506,0.365,0.459
"2018-08-22 16:00:00",4833,0.346,0.441,0.383,0.508,0.366,0.457
"2018-08-22 16:30:00",4834,0.339,0.439,0.382,0.508,0.364,0.446
"2018-08-22 17:00:00",4835,0.338,0.439,0.383,0.51,0.36,0.447
"2018-08-22 17:30:00",4836,0.341,0.439,0.386,0.512,0.36,0.448
"2018-08-22 18:00:00",4837,0.336,0.435,0.384,0.512,0.355,0.437
"2018-08-22 18:30:00",4838,0.343,0.438,0.389,0.514,0.356,0.445
"2018-08-22 19:00:00",4839,0.352,0.444,0.397,0.517,0.363,0.458
"2018-08-22 19:30:00",4840,0.363,0.45,0.402,0.517,0.368,0.47
"2018-08-22 20:00:00",4841,0.372,0.453,0.405,0.517,0.374,0.48
"2018-08-22 20:30:00",4842,0.377,0.458,0.408,0.521,0.379,0.485
"2018-08-22 21:00:00",4843,0.374,0.461,0.407,0.523,0.38,0.48
"2018-08-22 21:30:00",4844,0.37,0.464,0.406,0.524,0.382,0.476
"2018-08-22 22:00:00",4845,0.368,0.468,0.408,0.524,0.382,0.474
"2018-08-22 22:30:00",4846,0.368,0.472,0.41,0.524,0.383,0.473
"2018-08-22 23:00:00",4847,0.368,0.471,0.41,0.522,0.383,0.473
"2018-08-22 23:30:00",4848,0.367,0.475,0.41,0.522,0.383,0.473
"2018-08-23 00:00:00",4849,0.369,0.476,0.41,0.522,0.384,0.476
"2018-08-23 00:30:00",4850,0.371,0.476,0.413,0.523,0.385,0.48
"2018-08-23 01:00:00",4851,0.371,0.476,0.413,0.523,0.385,0.48
"2018-08-23 01:30:00",4852,0.369,0.48,0.412,0.523,0.385,0.48
"2018-08-23 02:00:00",4853,0.368,0.48,0.413,0.524,0.386,0.48
"2018-08-23 02:30:00",4854,0.367,0.481,0.413,0.525,0.387,0.481
"2018-08-23 03:00:00",4855,0.368,0.482,0.413,0.525,0.386,0.483
"2018-08-23 03:30:00",4856,0.368,0.483,0.412,0.524,0.386,0.484
"2018-08-23 04:00:00",4857,0.369,0.483,0.413,0.523,0.386,0.485
"2018-08-23 04:30:00",4858,0.371,0.484,0.413,0.523,0.386,0.486
"2018-08-23 05:00:00",4859,0.372,0.484,0.414,0.524,0.387,0.488
"2018-08-23 05:30:00",4860,0.374,0.484,0.414,0.523,0.387,0.489
"2018-08-23 06:00:00",4861,0.376,0.485,0.414,0.522,0.388,0.49
"2018-08-23 06:30:00",4862,0.378,0.484,0.414,0.522,0.388,0.491
"2018-08-23 07:00:00",4863,0.38,0.484,0.414,0.522,0.388,0.491
"2018-08-23 07:30:00",4864,0.372,0.482,0.409,0.52,0.386,0.482
"2018-08-23 08:00:00",4865,0.348,0.478,0.397,0.515,0.384,0.463
"2018-08-23 08:30:00",4866,0.309,0.469,0.372,0.505,0.378,0.428
"2018-08-23 09:00:00",4867,0.28,0.459,0.352,0.495,0.37,0.402
"2018-08-23 09:30:00",4868,0.267,0.45,0.344,0.486,0.355,0.384
"2018-08-23 10:00:00",4869,0.343,0.525,0.441,0.565,0.406,0.482
"2018-08-23 10:30:00",4870,0.343,0.531,0.446,0.574,0.403,0.485
"2018-08-23 11:00:00",4871,0.344,0.521,0.436,0.569,0.389,0.482
"2018-08-23 11:30:00",4872,0.345,0.515,0.438,0.568,0.383,0.488
"2018-08-23 12:00:00",4873,0.341,0.505,0.435,0.556,0.375,0.486
"2018-08-23 12:30:00",4874,0.339,0.497,0.433,0.558,0.367,0.484
"2018-08-23 13:00:00",4875,0.341,0.489,0.434,0.562,0.364,0.484
"2018-08-23 13:30:00",4876,0.343,0.487,0.432,0.564,0.367,0.483
"2018-08-23 14:00:00",4877,0.345,0.488,0.435,0.57,0.374,0.48
"2018-08-23 14:30:00",4878,0.349,0.491,0.436,0.574,0.38,0.482
"2018-08-23 15:00:00",4879,0.359,0.493,0.44,0.574,0.384,0.483
"2018-08-23 15:30:00",4880,0.37,0.495,0.446,0.583,0.389,0.482
"2018-08-23 16:00:00",4881,0.378,0.497,0.448,0.581,0.391,0.484
"2018-08-23 16:30:00",4882,0.391,0.501,0.453,0.586,0.397,0.497
"2018-08-23 17:00:00",4883,0.396,0.507,0.459,0.591,0.4,0.507
"2018-08-23 17:30:00",4884,0.407,0.514,0.466,0.598,0.408,0.512
"2018-08-23 18:00:00",4885,0.432,0.532,0.484,0.612,0.43,0.538
"2018-08-23 18:30:00",4886,0.455,0.548,0.499,0.625,0.447,0.569
"2018-08-23 19:00:00",4887,0.47,0.562,0.512,0.633,0.458,0.593
"2018-08-23 19:30:00",4888,0.484,0.574,0.522,0.639,0.468,0.611
"2018-08-23 20:00:00",4889,0.497,0.583,0.531,0.642,0.474,0.629
"2018-08-23 20:30:00",4890,0.506,0.589,0.537,0.645,0.479,0.64
"2018-08-23 21:00:00",4891,0.512,0.593,0.542,0.648,0.484,0.648
"2018-08-23 21:30:00",4892,0.516,0.595,0.543,0.648,0.486,0.652
"2018-08-23 22:00:00",4893,0.519,0.597,0.541,0.648,0.484,0.654
"2018-08-23 22:30:00",4894,0.519,0.599,0.541,0.649,0.487,0.652
"2018-08-23 23:00:00",4895,0.517,0.6,0.546,0.652,0.488,0.653
"2018-08-23 23:30:00",4896,0.517,0.6,0.542,0.65,0.487,0.655
"2018-08-24 00:00:00",4897,0.518,0.601,0.541,0.65,0.487,0.654
"2018-08-24 00:30:00",4898,0.517,0.599,0.544,0.651,0.489,0.652
"2018-08-24 01:00:00",4899,0.517,0.599,0.542,0.651,0.488,0.651
"2018-08-24 01:30:00",4900,0.517,0.6,0.539,0.649,0.487,0.649
"2018-08-24 02:00:00",4901,0.516,0.601,0.538,0.649,0.487,0.647
"2018-08-24 02:30:00",4902,0.514,0.602,0.537,0.649,0.487,0.646
"2018-08-24 03:00:00",4903,0.512,0.603,0.536,0.649,0.488,0.643
"2018-08-24 03:30:00",4904,0.51,0.604,0.536,0.65,0.489,0.642
"2018-08-24 04:00:00",4905,0.508,0.604,0.535,0.649,0.488,0.639
"2018-08-24 04:30:00",4906,0.506,0.605,0.534,0.65,0.489,0.637
"2018-08-24 05:00:00",4907,0.505,0.605,0.534,0.651,0.489,0.635
"2018-08-24 05:30:00",4908,0.504,0.604,0.536,0.652,0.49,0.636
"2018-08-24 06:00:00",4909,0.504,0.603,0.534,0.65,0.488,0.634
"2018-08-24 06:30:00",4910,0.503,0.603,0.533,0.649,0.488,0.632
"2018-08-24 07:00:00",4911,0.501,0.602,0.534,0.65,0.488,0.63
"2018-08-24 07:30:00",4912,0.499,0.605,0.529,0.648,0.488,0.627
"2018-08-24 08:00:00",4913,0.485,0.605,0.519,0.647,0.489,0.612
"2018-08-24 08:30:00",4914,0.447,0.603,0.498,0.645,0.488,0.579
"2018-08-24 09:00:00",4915,0.396,0.601,0.476,0.643,0.488,0.544
"2018-08-24 09:30:00",4916,0.352,0.592,0.459,0.636,0.482,0.5
"2018-08-24 10:00:00",4917,0.327,0.58,0.449,0.624,0.469,0.472
"2018-08-24 10:30:00",4918,0.315,0.557,0.43,0.6,0.432,0.437
"2018-08-24 11:00:00",4919,0.312,0.536,0.416,0.587,0.411,0.428
"2018-08-24 11:30:00",4920,0.313,0.525,0.415,0.579,0.397,0.439
"2018-08-24 12:00:00",4921,0.313,0.511,0.411,0.56,0.383,0.444
"2018-08-24 12:30:00",4922,0.313,0.499,0.408,0.561,0.37,0.446
"2018-08-24 13:00:00",4923,0.311,0.489,0.406,0.563,0.364,0.446
"2018-08-24 13:30:00",4924,0.312,0.484,0.405,0.563,0.362,0.442
"2018-08-24 14:00:00",4925,0.316,0.485,0.403,0.562,0.366,0.438
"2018-08-24 14:30:00",4926,0.324,0.49,0.409,0.571,0.371,0.445
"2018-08-24 15:00:00",4927,0.327,0.489,0.41,0.574,0.374,0.441
"2018-08-24 15:30:00",4928,0.337,0.49,0.415,0.574,0.375,0.439
"2018-08-24 16:00:00",4929,0.353,0.492,0.42,0.579,0.379,0.446
"2018-08-24 16:30:00",4930,0.368,0.497,0.428,0.586,0.387,0.465
"2018-08-24 17:00:00",4931,0.38,0.509,0.436,0.594,0.394,0.485
"2018-08-24 17:30:00",4932,0.391,0.52,0.446,0.601,0.405,0.491
"2018-08-24 18:00:00",4933,0.404,0.529,0.455,0.608,0.416,0.5
"2018-08-24 18:30:00",4934,0.419,0.539,0.464,0.615,0.426,0.52
"2018-08-24 19:00:00",4935,0.432,0.551,0.471,0.619,0.437,0.539
"2018-08-24 19:30:00",4936,0.45,0.564,0.484,0.625,0.449,0.565
"2018-08-24 20:00:00",4937,0.461,0.573,0.491,0.629,0.457,0.579
"2018-08-24 20:30:00",4938,0.469,0.578,0.495,0.63,0.462,0.589
"2018-08-24 21:00:00",4939,0.475,0.58,0.498,0.631,0.465,0.595
"2018-08-24 21:30:00",4940,0.478,0.58,0.499,0.632,0.467,0.599
"2018-08-24 22:00:00",4941,0.481,0.582,0.5,0.633,0.469,0.601
"2018-08-24 22:30:00",4942,0.483,0.581,0.501,0.632,0.468,0.602
"2018-08-24 23:00:00",4943,0.483,0.58,0.501,0.631,0.468,0.603
"2018-08-24 23:30:00",4944,0.483,0.579,0.5,0.629,0.468,0.603
"2018-08-25 00:00:00",4945,0.482,0.579,0.501,0.63,0.469,0.602
"2018-08-25 00:30:00",4946,0.481,0.579,0.497,0.626,0.468,0.6
"2018-08-25 01:00:00",4947,0.48,0.578,0.497,0.624,0.467,0.598
"2018-08-25 01:30:00",4948,0.479,0.576,0.497,0.622,0.466,0.596
"2018-08-25 02:00:00",4949,0.479,0.575,0.495,0.62,0.465,0.594
"2018-08-25 02:30:00",4950,0.477,0.574,0.495,0.618,0.463,0.592
"2018-08-25 03:00:00",4951,0.477,0.572,0.495,0.616,0.461,0.592
"2018-08-25 03:30:00",4952,0.474,0.571,0.495,0.616,0.461,0.591
"2018-08-25 04:00:00",4953,0.472,0.57,0.493,0.613,0.46,0.589
"2018-08-25 04:30:00",4954,0.47,0.569,0.495,0.614,0.461,0.588
"2018-08-25 05:00:00",4955,0.468,0.567,0.494,0.612,0.46,0.587
"2018-08-25 05:30:00",4956,0.465,0.566,0.491,0.61,0.458,0.585
"2018-08-25 06:00:00",4957,0.463,0.565,0.491,0.608,0.457,0.583
"2018-08-25 06:30:00",4958,0.462,0.563,0.49,0.606,0.457,0.582
"2018-08-25 07:00:00",4959,0.46,0.562,0.489,0.605,0.455,0.579
"2018-08-25 07:30:00",4960,0.459,0.561,0.487,0.602,0.454,0.577
"2018-08-25 08:00:00",4961,0.457,0.56,0.485,0.601,0.452,0.574
"2018-08-25 08:30:00",4962,0.447,0.559,0.478,0.597,0.451,0.563
"2018-08-25 09:00:00",4963,0.396,0.556,0.451,0.593,0.45,0.523
"2018-08-25 09:30:00",4964,0.333,0.544,0.425,0.58,0.437,0.462
"2018-08-25 10:00:00",4965,0.299,0.524,0.402,0.554,0.407,0.422
"2018-08-25 10:30:00",4966,0.29,0.507,0.387,0.534,0.38,0.402
"2018-08-25 11:00:00",4967,0.293,0.49,0.376,0.521,0.362,0.396
"2018-08-25 11:30:00",4968,0.296,0.48,0.373,0.513,0.356,0.402
"2018-08-25 12:00:00",4969,0.302,0.481,0.381,0.517,0.36,0.417
"2018-08-25 12:30:00",4970,0.304,0.477,0.381,0.518,0.356,0.42
"2018-08-25 13:00:00",4971,0.299,0.47,0.376,0.516,0.349,0.418
"2018-08-25 13:30:00",4972,0.294,0.464,0.373,0.516,0.345,0.414
"2018-08-25 14:00:00",4973,0.29,0.46,0.37,0.516,0.342,0.41
"2018-08-25 14:30:00",4974,0.293,0.456,0.373,0.519,0.342,0.409
"2018-08-25 15:00:00",4975,0.303,0.459,0.379,0.527,0.347,0.414
"2018-08-25 15:30:00",4976,0.313,0.459,0.384,0.531,0.347,0.411
"2018-08-25 16:00:00",4977,0.324,0.459,0.388,0.537,0.351,0.413
"2018-08-25 16:30:00",4978,0.336,0.459,0.393,0.539,0.356,0.426
"2018-08-25 17:00:00",4979,0.345,0.466,0.4,0.543,0.36,0.442
"2018-08-25 17:30:00",4980,0.358,0.477,0.409,0.55,0.372,0.451
"2018-08-25 18:00:00",4981,0.37,0.486,0.419,0.556,0.383,0.461
"2018-08-25 18:30:00",4982,0.381,0.495,0.426,0.559,0.392,0.479
"2018-08-25 19:00:00",4983,0.39,0.502,0.431,0.561,0.399,0.492
"2018-08-25 19:30:00",4984,0.399,0.508,0.436,0.562,0.405,0.503
"2018-08-25 20:00:00",4985,0.409,0.513,0.441,0.562,0.41,0.516
"2018-08-25 20:30:00",4986,0.416,0.516,0.442,0.562,0.413,0.525
"2018-08-25 21:00:00",4987,0.422,0.516,0.444,0.561,0.415,0.531
"2018-08-25 21:30:00",4988,0.427,0.516,0.445,0.561,0.415,0.535
"2018-08-25 22:00:00",4989,0.428,0.515,0.446,0.561,0.417,0.537
"2018-08-25 22:30:00",4990,0.429,0.514,0.444,0.559,0.416,0.537
"2018-08-25 23:00:00",4991,0.428,0.512,0.444,0.557,0.415,0.536
"2018-08-25 23:30:00",4992,0.427,0.511,0.441,0.555,0.415,0.533
"2018-08-26 00:00:00",4993,0.426,0.509,0.441,0.553,0.414,0.532
"2018-08-26 00:30:00",4994,0.424,0.507,0.438,0.55,0.412,0.529
"2018-08-26 01:00:00",4995,0.421,0.504,0.435,0.546,0.409,0.526
"2018-08-26 01:30:00",4996,0.419,0.5,0.434,0.542,0.407,0.523
"2018-08-26 02:00:00",4997,0.414,0.497,0.432,0.54,0.405,0.519
"2018-08-26 02:30:00",4998,0.41,0.492,0.427,0.534,0.401,0.514
"2018-08-26 03:00:00",4999,0.42,0.505,0.437,0.547,0.409,0.527
"2018-08-26 03:30:00",5000,0.427,0.515,0.445,0.557,0.417,0.536
"2018-08-26 04:00:00",5001,0.426,0.514,0.445,0.556,0.417,0.535
"2018-08-26 04:30:00",5002,0.426,0.513,0.446,0.554,0.416,0.533
"2018-08-26 05:00:00",5003,0.425,0.514,0.446,0.554,0.417,0.532
"2018-08-26 05:30:00",5004,0.424,0.515,0.448,0.555,0.418,0.533
"2018-08-26 06:00:00",5005,0.423,0.514,0.448,0.554,0.417,0.531
"2018-08-26 06:30:00",5006,0.422,0.513,0.448,0.553,0.415,0.531
"2018-08-26 07:00:00",5007,0.421,0.512,0.45,0.553,0.415,0.529
"2018-08-26 07:30:00",5008,0.42,0.512,0.448,0.551,0.415,0.527
"2018-08-26 08:00:00",5009,0.414,0.513,0.445,0.55,0.415,0.521
"2018-08-26 08:30:00",5010,0.392,0.513,0.433,0.547,0.414,0.504
"2018-08-26 09:00:00",5011,0.346,0.511,0.414,0.543,0.413,0.47
"2018-08-26 09:30:00",5012,0.303,0.505,0.398,0.537,0.408,0.428
"2018-08-26 10:00:00",5013,0.277,0.493,0.383,0.525,0.393,0.4
"2018-08-26 10:30:00",5014,0.269,0.478,0.366,0.512,0.369,0.378
"2018-08-26 11:00:00",5015,0.266,0.464,0.355,0.503,0.351,0.37
"2018-08-26 11:30:00",5016,0.264,0.453,0.351,0.494,0.336,0.372
"2018-08-26 12:00:00",5017,0.264,0.442,0.348,0.481,0.326,0.376
"2018-08-26 12:30:00",5018,0.262,0.429,0.344,0.474,0.312,0.375
"2018-08-26 13:00:00",5019,0.262,0.419,0.34,0.469,0.306,0.374
"2018-08-26 13:30:00",5020,0.26,0.408,0.334,0.462,0.298,0.363
"2018-08-26 14:00:00",5021,0.259,0.403,0.329,0.458,0.298,0.357
"2018-08-26 14:30:00",5022,0.26,0.4,0.327,0.455,0.298,0.355
"2018-08-26 15:00:00",5023,0.267,0.402,0.331,0.459,0.299,0.358
"2018-08-26 15:30:00",5024,0.277,0.406,0.337,0.465,0.304,0.36
"2018-08-26 16:00:00",5025,0.286,0.407,0.341,0.468,0.305,0.364
"2018-08-26 16:30:00",5026,0.296,0.409,0.346,0.473,0.31,0.374
"2018-08-26 17:00:00",5027,0.304,0.415,0.353,0.478,0.316,0.386
"2018-08-26 17:30:00",5028,0.316,0.424,0.363,0.485,0.325,0.397
"2018-08-26 18:00:00",5029,0.33,0.434,0.375,0.493,0.337,0.411
"2018-08-26 18:30:00",5030,0.342,0.442,0.384,0.499,0.347,0.424
"2018-08-26 19:00:00",5031,0.353,0.45,0.392,0.503,0.356,0.439
"2018-08-26 19:30:00",5032,0.363,0.458,0.397,0.507,0.365,0.452
"2018-08-26 20:00:00",5033,0.371,0.463,0.4,0.508,0.37,0.463
"2018-08-26 20:30:00",5034,0.378,0.467,0.403,0.51,0.375,0.472
"2018-08-26 21:00:00",5035,0.382,0.47,0.405,0.51,0.378,0.478
"2018-08-26 21:30:00",5036,0.386,0.471,0.408,0.512,0.38,0.482
"2018-08-26 22:00:00",5037,0.388,0.472,0.41,0.512,0.382,0.485
"2018-08-26 22:30:00",5038,0.39,0.471,0.41,0.511,0.382,0.487
"2018-08-26 23:00:00",5039,0.391,0.471,0.41,0.512,0.383,0.489
"2018-08-26 23:30:00",5040,0.392,0.472,0.412,0.513,0.384,0.49
"2018-08-27 00:00:00",5041,0.392,0.471,0.419,0.513,0.384,0.491
"2018-08-27 00:30:00",5042,0.392,0.471,0.43,0.513,0.384,0.49
"2018-08-27 01:00:00",5043,0.393,0.471,0.417,0.512,0.383,0.491
"2018-08-27 01:30:00",5044,0.392,0.47,0.416,0.512,0.383,0.49
"2018-08-27 02:00:00",5045,0.392,0.47,0.415,0.513,0.384,0.49
"2018-08-27 02:30:00",5046,0.392,0.47,0.413,0.512,0.384,0.49
"2018-08-27 03:00:00",5047,0.391,0.47,0.413,0.512,0.384,0.489
"2018-08-27 03:30:00",5048,0.391,0.47,0.412,0.511,0.384,0.489
"2018-08-27 04:00:00",5049,0.391,0.47,0.41,0.51,0.384,0.488
"2018-08-27 04:30:00",5050,0.389,0.47,0.409,0.509,0.383,0.486
"2018-08-27 05:00:00",5051,0.387,0.47,0.412,0.511,0.384,0.487
"2018-08-27 05:30:00",5052,0.386,0.471,0.413,0.511,0.384,0.489
"2018-08-27 06:00:00",5053,0.386,0.47,0.412,0.51,0.383,0.487
"2018-08-27 06:30:00",5054,0.386,0.469,0.409,0.508,0.382,0.485
"2018-08-27 07:00:00",5055,0.386,0.47,0.41,0.509,0.383,0.486
"2018-08-27 07:30:00",5056,0.386,0.472,0.411,0.511,0.384,0.485
"2018-08-27 08:00:00",5057,0.381,0.473,0.409,0.511,0.384,0.482
"2018-08-27 08:30:00",5058,0.362,0.473,0.4,0.507,0.383,0.466
"2018-08-27 09:00:00",5059,0.32,0.469,0.38,0.502,0.381,0.429
"2018-08-27 09:30:00",5060,0.279,0.461,0.362,0.493,0.374,0.391
"2018-08-27 10:00:00",5061,0.26,0.451,0.35,0.481,0.36,0.371
"2018-08-27 10:30:00",5062,0.251,0.441,0.337,0.467,0.341,0.355
"2018-08-27 11:00:00",5063,0.245,0.422,0.324,0.449,0.315,0.34
"2018-08-27 11:30:00",5064,0.249,0.414,0.321,0.44,0.303,0.341
"2018-08-27 12:00:00",5065,0.254,0.413,0.324,0.441,0.304,0.354
"2018-08-27 12:30:00",5066,0.256,0.407,0.322,0.44,0.296,0.355
"2018-08-27 13:00:00",5067,0.252,0.397,0.317,0.436,0.289,0.351
"2018-08-27 13:30:00",5068,0.257,0.397,0.318,0.438,0.294,0.351
"2018-08-27 14:00:00",5069,0.257,0.395,0.316,0.435,0.293,0.347
"2018-08-27 14:30:00",5070,0.259,0.398,0.322,0.443,0.298,0.351
"2018-08-27 15:00:00",5071,0.267,0.401,0.326,0.449,0.302,0.354
"2018-08-27 15:30:00",5072,0.281,0.408,0.335,0.458,0.307,0.363
"2018-08-27 16:00:00",5073,0.291,0.412,0.342,0.466,0.312,0.368
"2018-08-27 16:30:00",5074,0.297,0.413,0.347,0.471,0.314,0.375
"2018-08-27 17:00:00",5075,0.31,0.422,0.357,0.479,0.322,0.392
"2018-08-27 17:30:00",5076,0.321,0.429,0.366,0.487,0.33,0.402
"2018-08-27 18:00:00",5077,0.334,0.438,0.377,0.495,0.34,0.413
"2018-08-27 18:30:00",5078,0.346,0.445,0.385,0.501,0.349,0.429
"2018-08-27 19:00:00",5079,0.359,0.453,0.393,0.505,0.358,0.446
"2018-08-27 19:30:00",5080,0.369,0.459,0.398,0.507,0.367,0.459
"2018-08-27 20:00:00",5081,0.377,0.464,0.401,0.509,0.372,0.469
"2018-08-27 20:30:00",5082,0.382,0.466,0.404,0.51,0.376,0.475
"2018-08-27 21:00:00",5083,0.385,0.467,0.403,0.509,0.377,0.478
"2018-08-27 21:30:00",5084,0.388,0.468,0.405,0.509,0.378,0.481
"2018-08-27 22:00:00",5085,0.39,0.468,0.407,0.51,0.38,0.483
"2018-08-27 22:30:00",5086,0.391,0.468,0.407,0.509,0.381,0.484
"2018-08-27 23:00:00",5087,0.392,0.468,0.408,0.51,0.381,0.486
"2018-08-27 23:30:00",5088,0.393,0.469,0.409,0.511,0.382,0.487
"2018-08-28 00:00:00",5089,0.392,0.468,0.409,0.51,0.382,0.487
"2018-08-28 00:30:00",5090,0.392,0.468,0.41,0.511,0.383,0.488
"2018-08-28 01:00:00",5091,0.391,0.469,0.41,0.512,0.383,0.488
"2018-08-28 01:30:00",5092,0.39,0.469,0.411,0.511,0.384,0.488
"2018-08-28 02:00:00",5093,0.389,0.469,0.411,0.512,0.384,0.488
"2018-08-28 02:30:00",5094,0.388,0.468,0.411,0.511,0.383,0.488
"2018-08-28 03:00:00",5095,0.387,0.467,0.411,0.511,0.382,0.487
"2018-08-28 03:30:00",5096,0.386,0.466,0.41,0.509,0.382,0.486
"2018-08-28 04:00:00",5097,0.386,0.467,0.411,0.51,0.382,0.487
"2018-08-28 04:30:00",5098,0.385,0.466,0.409,0.508,0.381,0.485
"2018-08-28 05:00:00",5099,0.384,0.467,0.408,0.507,0.381,0.485
"2018-08-28 05:30:00",5100,0.385,0.468,0.409,0.508,0.382,0.486
"2018-08-28 06:00:00",5101,0.385,0.468,0.408,0.508,0.382,0.487
"2018-08-28 06:30:00",5102,0.384,0.468,0.408,0.508,0.382,0.485
"2018-08-28 07:00:00",5103,0.384,0.468,0.409,0.509,0.382,0.486
"2018-08-28 07:30:00",5104,0.385,0.469,0.409,0.509,0.383,0.486
"2018-08-28 08:00:00",5105,0.383,0.472,0.407,0.51,0.384,0.483
"2018-08-28 08:30:00",5106,0.366,0.473,0.399,0.509,0.384,0.468
"2018-08-28 09:00:00",5107,0.324,0.471,0.383,0.505,0.383,0.444
"2018-08-28 09:30:00",5108,0.283,0.466,0.37,0.498,0.379,0.406
"2018-08-28 10:00:00",5109,0.261,0.458,0.358,0.488,0.369,0.379
"2018-08-28 10:30:00",5110,0.253,0.448,0.343,0.476,0.351,0.362
"2018-08-28 11:00:00",5111,0.249,0.436,0.33,0.469,0.332,0.349
"2018-08-28 11:30:00",5112,0.246,0.421,0.324,0.456,0.315,0.343
"2018-08-28 12:00:00",5113,0.249,0.41,0.32,0.443,0.302,0.349
"2018-08-28 12:30:00",5114,0.252,0.401,0.318,0.441,0.291,0.349
"2018-08-28 13:00:00",5115,0.254,0.393,0.316,0.436,0.285,0.35
"2018-08-28 13:30:00",5116,0.261,0.392,0.316,0.435,0.287,0.348
"2018-08-28 14:00:00",5117,0.272,0.4,0.324,0.444,0.298,0.356
"2018-08-28 14:30:00",5118,0.284,0.41,0.332,0.458,0.309,0.371
"2018-08-28 15:00:00",5119,0.289,0.415,0.337,0.465,0.312,0.375
"2018-08-28 15:30:00",5120,0.284,0.409,0.334,0.463,0.306,0.365
"2018-08-28 16:00:00",5121,0.288,0.408,0.335,0.463,0.307,0.363
"2018-08-28 16:30:00",5122,0.296,0.41,0.339,0.467,0.309,0.372
"2018-08-28 17:00:00",5123,0.304,0.413,0.343,0.472,0.312,0.379
"2018-08-28 17:30:00",5124,0.315,0.422,0.356,0.479,0.321,0.39
"2018-08-28 18:00:00",5125,0.329,0.43,0.367,0.488,0.332,0.403
"2018-08-28 18:30:00",5126,0.341,0.439,0.376,0.495,0.342,0.419
"2018-08-28 19:00:00",5127,0.355,0.448,0.387,0.501,0.353,0.437
"2018-08-28 19:30:00",5128,0.367,0.455,0.395,0.504,0.362,0.452
"2018-08-28 20:00:00",5129,0.377,0.46,0.401,0.506,0.369,0.465
"2018-08-28 20:30:00",5130,0.384,0.463,0.404,0.506,0.373,0.473
"2018-08-28 21:00:00",5131,0.388,0.464,0.404,0.507,0.375,0.478
"2018-08-28 21:30:00",5132,0.392,0.466,0.405,0.507,0.377,0.482
"2018-08-28 22:00:00",5133,0.394,0.466,0.406,0.507,0.378,0.483
"2018-08-28 22:30:00",5134,0.395,0.469,0.407,0.508,0.38,0.484
"2018-08-28 23:00:00",5135,0.395,0.469,0.407,0.511,0.381,0.485
"2018-08-28 23:30:00",5136,0.396,0.468,0.408,0.51,0.381,0.487
"2018-08-29 00:00:00",5137,0.396,0.469,0.409,0.512,0.383,0.488
"2018-08-29 00:30:00",5138,0.395,0.469,0.41,0.513,0.383,0.488
"2018-08-29 01:00:00",5139,0.393,0.467,0.409,0.511,0.382,0.488
"2018-08-29 01:30:00",5140,0.393,0.468,0.411,0.513,0.384,0.489
"2018-08-29 02:00:00",5141,0.392,0.467,0.41,0.511,0.382,0.489
"2018-08-29 02:30:00",5142,0.391,0.467,0.41,0.511,0.382,0.489
"2018-08-29 03:00:00",5143,0.39,0.467,0.409,0.51,0.382,0.489
"2018-08-29 03:30:00",5144,0.388,0.467,0.408,0.508,0.382,0.488
"2018-08-29 04:00:00",5145,0.387,0.467,0.408,0.508,0.382,0.488
"2018-08-29 04:30:00",5146,0.386,0.468,0.41,0.511,0.383,0.488
"2018-08-29 05:00:00",5147,0.385,0.467,0.41,0.512,0.384,0.487
"2018-08-29 05:30:00",5148,0.385,0.467,0.41,0.512,0.383,0.487
"2018-08-29 06:00:00",5149,0.385,0.466,0.409,0.511,0.384,0.485
"2018-08-29 06:30:00",5150,0.384,0.467,0.408,0.509,0.383,0.485
"2018-08-29 07:00:00",5151,0.384,0.467,0.409,0.509,0.383,0.485
"2018-08-29 07:30:00",5152,0.385,0.468,0.408,0.51,0.383,0.485
"2018-08-29 08:00:00",5153,0.378,0.47,0.404,0.509,0.383,0.48
"2018-08-29 08:30:00",5154,0.35,0.469,0.39,0.505,0.381,0.453
"2018-08-29 09:00:00",5155,0.303,0.466,0.371,0.5,0.378,0.414
"2018-08-29 09:30:00",5156,0.271,0.458,0.356,0.492,0.37,0.381
"2018-08-29 10:00:00",5157,0.258,0.449,0.345,0.479,0.356,0.363
"2018-08-29 10:30:00",5158,0.252,0.441,0.336,0.469,0.34,0.353
"2018-08-29 11:00:00",5159,0.249,0.427,0.326,0.457,0.321,0.346
"2018-08-29 11:30:00",5160,0.249,0.418,0.322,0.45,0.309,0.352
"2018-08-29 12:00:00",5161,0.25,0.409,0.319,0.44,0.299,0.352
"2018-08-29 12:30:00",5162,0.25,0.394,0.312,0.431,0.282,0.344
"2018-08-29 13:00:00",5163,0.254,0.387,0.312,0.43,0.281,0.345
"2018-08-29 13:30:00",5164,0.255,0.379,0.307,0.423,0.278,0.338
"2018-08-29 14:00:00",5165,0.261,0.385,0.311,0.426,0.286,0.341
"2018-08-29 14:30:00",5166,0.273,0.397,0.321,0.438,0.297,0.356
"2018-08-29 15:00:00",5167,0.276,0.406,0.328,0.452,0.303,0.361
"2018-08-29 15:30:00",5168,0.284,0.406,0.331,0.456,0.303,0.359
"2018-08-29 16:00:00",5169,0.29,0.406,0.333,0.46,0.304,0.361
"2018-08-29 16:30:00",5170,0.297,0.406,0.337,0.464,0.307,0.367
"2018-08-29 17:00:00",5171,0.3,0.408,0.339,0.466,0.308,0.371
"2018-08-29 17:30:00",5172,0.309,0.415,0.348,0.472,0.315,0.381
"2018-08-29 18:00:00",5173,0.327,0.427,0.362,0.483,0.329,0.4
"2018-08-29 18:30:00",5174,0.341,0.436,0.371,0.491,0.338,0.417
"2018-08-29 19:00:00",5175,0.353,0.445,0.381,0.497,0.349,0.432
"2018-08-29 19:30:00",5176,0.364,0.452,0.388,0.501,0.358,0.446
"2018-08-29 20:00:00",5177,0.374,0.458,0.394,0.502,0.365,0.459
"2018-08-29 20:30:00",5178,0.381,0.462,0.399,0.504,0.37,0.469
"2018-08-29 21:00:00",5179,0.387,0.464,0.404,0.505,0.373,0.476
"2018-08-29 21:30:00",5180,0.391,0.465,0.403,0.507,0.376,0.479
"2018-08-29 22:00:00",5181,0.395,0.466,0.405,0.508,0.378,0.483
"2018-08-29 22:30:00",5182,0.396,0.466,0.406,0.509,0.379,0.485
"2018-08-29 23:00:00",5183,0.397,0.467,0.407,0.511,0.381,0.486
"2018-08-29 23:30:00",5184,0.398,0.467,0.409,0.513,0.382,0.487
"2018-08-30 00:00:00",5185,0.398,0.468,0.409,0.514,0.382,0.487
"2018-08-30 00:30:00",5186,0.397,0.469,0.41,0.515,0.384,0.487
"2018-08-30 01:00:00",5187,0.396,0.468,0.41,0.515,0.383,0.486
"2018-08-30 01:30:00",5188,0.395,0.468,0.409,0.514,0.383,0.484
"2018-08-30 02:00:00",5189,0.392,0.467,0.408,0.513,0.382,0.481
"2018-08-30 02:30:00",5190,0.393,0.468,0.41,0.514,0.383,0.483
"2018-08-30 03:00:00",5191,0.392,0.467,0.409,0.514,0.383,0.484
"2018-08-30 03:30:00",5192,0.391,0.468,0.41,0.514,0.384,0.484
"2018-08-30 04:00:00",5193,0.39,0.467,0.409,0.513,0.383,0.484
"2018-08-30 04:30:00",5194,0.39,0.467,0.409,0.513,0.384,0.485
"2018-08-30 05:00:00",5195,0.39,0.467,0.409,0.512,0.383,0.485
"2018-08-30 05:30:00",5196,0.39,0.467,0.406,0.509,0.381,0.484
"2018-08-30 06:00:00",5197,0.389,0.469,0.407,0.51,0.382,0.484
"2018-08-30 06:30:00",5198,0.388,0.468,0.407,0.509,0.382,0.484
"2018-08-30 07:00:00",5199,0.388,0.469,0.408,0.509,0.381,0.484
"2018-08-30 07:30:00",5200,0.386,0.469,0.405,0.506,0.38,0.481
"2018-08-30 08:00:00",5201,0.364,0.468,0.394,0.506,0.381,0.459
"2018-08-30 08:30:00",5202,0.307,0.463,0.362,0.498,0.376,0.4
"2018-08-30 09:00:00",5203,0.27,0.449,0.338,0.484,0.362,0.366
"2018-08-30 09:30:00",5204,0.254,0.435,0.326,0.468,0.337,0.334
"2018-08-30 10:00:00",5205,0.251,0.419,0.321,0.445,0.31,0.337
"2018-08-30 10:30:00",5206,0.251,0.413,0.322,0.44,0.301,0.346
"2018-08-30 11:00:00",5207,0.251,0.405,0.316,0.441,0.291,0.344
"2018-08-30 11:30:00",5208,0.251,0.393,0.31,0.429,0.282,0.345
"2018-08-30 12:00:00",5209,0.254,0.388,0.309,0.424,0.281,0.344
"2018-08-30 12:30:00",5210,0.257,0.382,0.309,0.425,0.277,0.343
"2018-08-30 13:00:00",5211,0.261,0.38,0.309,0.426,0.276,0.345
"2018-08-30 13:30:00",5212,0.262,0.38,0.31,0.429,0.28,0.343
"2018-08-30 14:00:00",5213,0.264,0.384,0.309,0.431,0.285,0.343
"2018-08-30 14:30:00",5214,0.268,0.389,0.313,0.436,0.289,0.347
"2018-08-30 15:00:00",5215,0.274,0.39,0.314,0.439,0.29,0.348
"2018-08-30 15:30:00",5216,0.282,0.39,0.317,0.439,0.289,0.345
"2018-08-30 16:00:00",5217,0.292,0.39,0.32,0.442,0.292,0.35
"2018-08-30 16:30:00",5218,0.298,0.393,0.325,0.447,0.298,0.358
"2018-08-30 17:00:00",5219,0.304,0.397,0.33,0.452,0.301,0.366
"2018-08-30 17:30:00",5220,0.312,0.403,0.337,0.458,0.306,0.37
"2018-08-30 18:00:00",5221,0.317,0.409,0.344,0.465,0.314,0.377
"2018-08-30 18:30:00",5222,0.325,0.418,0.355,0.473,0.325,0.391
"2018-08-30 19:00:00",5223,0.343,0.437,0.367,0.485,0.343,0.421
"2018-08-30 19:30:00",5224,0.363,0.449,0.379,0.494,0.355,0.446
"2018-08-30 20:00:00",5225,0.376,0.456,0.387,0.499,0.364,0.461
"2018-08-30 20:30:00",5226,0.385,0.46,0.392,0.503,0.368,0.47
"2018-08-30 21:00:00",5227,0.392,0.464,0.397,0.506,0.373,0.477
"2018-08-30 21:30:00",5228,0.396,0.466,0.399,0.508,0.375,0.481
"2018-08-30 22:00:00",5229,0.4,0.467,0.403,0.51,0.378,0.484
"2018-08-30 22:30:00",5230,0.402,0.468,0.404,0.51,0.38,0.485
"2018-08-30 23:00:00",5231,0.404,0.468,0.404,0.509,0.38,0.485
"2018-08-30 23:30:00",5232,0.405,0.467,0.405,0.51,0.38,0.486
"2018-08-31 00:00:00",5233,0.404,0.469,0.402,0.51,0.38,0.484
"2018-08-31 00:30:00",5234,0.403,0.469,0.404,0.511,0.381,0.484
"2018-08-31 01:00:00",5235,0.402,0.469,0.404,0.51,0.381,0.482
"2018-08-31 01:30:00",5236,0.4,0.469,0.404,0.509,0.38,0.481
"2018-08-31 02:00:00",5237,0.4,0.47,0.403,0.508,0.38,0.481
"2018-08-31 02:30:00",5238,0.397,0.473,0.399,0.508,0.381,0.481
"2018-08-31 03:00:00",5239,0.402,0.471,0.404,0.508,0.381,0.483
"2018-08-31 03:30:00",5240,0.403,0.469,0.407,0.509,0.382,0.486
"2018-08-31 04:00:00",5241,0.404,0.468,0.407,0.509,0.381,0.485
"2018-08-31 04:30:00",5242,0.403,0.468,0.407,0.508,0.381,0.484
"2018-08-31 05:00:00",5243,0.403,0.468,0.406,0.506,0.38,0.484
"2018-08-31 05:30:00",5244,0.402,0.468,0.406,0.507,0.38,0.484
"2018-08-31 06:00:00",5245,0.4,0.469,0.407,0.507,0.381,0.484
"2018-08-31 06:30:00",5246,0.398,0.468,0.407,0.505,0.38,0.483
"2018-08-31 07:00:00",5247,0.396,0.467,0.406,0.504,0.379,0.483
"2018-08-31 07:30:00",5248,0.396,0.468,0.407,0.506,0.38,0.483
"2018-08-31 08:00:00",5249,0.395,0.468,0.406,0.505,0.38,0.481
"2018-08-31 08:30:00",5250,0.384,0.469,0.4,0.505,0.38,0.475
"2018-08-31 09:00:00",5251,0.371,0.469,0.4,0.505,0.379,0.474
"2018-08-31 09:30:00",5252,0.332,0.464,0.391,0.499,0.377,0.441
"2018-08-31 10:00:00",5253,0.296,0.457,0.372,0.487,0.368,0.402
"2018-08-31 10:30:00",5254,0.33,0.524,0.419,0.555,0.411,0.452
"2018-08-31 11:00:00",5255,0.325,0.532,0.415,0.564,0.41,0.443
"2018-08-31 11:30:00",5256,0.316,0.52,0.403,0.554,0.39,0.433
"2018-08-31 12:00:00",5257,0.321,0.512,0.399,0.549,0.379,0.438
