TOA5,CR1000-CONTROL2,CR1000,86633,CR1000.Std.31.03,CPU:Sapflow_SERC.CR1,8974,Table1,,
TIMESTAMP,RECORD,DiffVolt_Avg(1),DiffVolt_Avg(2),DiffVolt_Avg(3),DiffVolt_Avg(4),DiffVolt_Avg(5),DiffVolt_Avg(6),DiffVolt_Avg(7),DiffVolt_Avg(8)
TS,RN,mV,mV,mV,mV,mV,mV,mV,mV
,,Avg,Avg,Avg,Avg,Avg,Avg,Avg,Avg
5/9/2018 11:00,0,NAN,NAN,NAN,NAN,NAN,NAN,NAN,NAN
5/9/2018 11:30,1,NAN,NAN,NAN,NAN,NAN,NAN,NAN,NAN
5/10/2018 12:30,2,0.43,0.398,0.435,0.405,0.417,0.44,0.456,0.465
5/10/2018 13:00,3,0.463,0.431,0.473,0.436,0.452,0.477,0.492,0.51
5/10/2018 13:30,4,0.453,0.423,0.467,0.425,0.442,0.452,0.486,0.503
5/10/2018 14:00,5,0.444,0.421,0.47,0.421,0.433,0.453,0.48,0.497
5/10/2018 14:30,6,0.435,0.422,0.474,0.419,0.429,0.452,0.469,0.487
5/10/2018 15:00,7,0.435,0.43,0.481,0.425,0.438,0.458,0.474,0.49
5/10/2018 15:30,8,0.435,0.436,0.485,0.43,0.443,0.456,0.476,0.495
5/10/2018 16:00,9,0.441,0.447,0.493,0.442,0.452,0.469,0.484,0.502
5/10/2018 16:30,10,0.452,0.46,0.505,0.453,0.465,0.469,0.496,0.513
5/10/2018 17:00,11,0.468,0.483,0.525,0.487,0.494,0.523,0.516,0.533
5/10/2018 17:30,12,0.477,0.497,0.537,0.509,0.512,0.538,0.529,0.546
5/10/2018 18:00,13,0.493,0.517,0.557,0.531,0.53,0.554,0.554,0.567
5/10/2018 18:30,14,0.506,0.537,0.571,0.55,0.545,0.57,0.571,0.584
5/10/2018 19:00,15,0.514,0.548,0.582,0.559,0.556,0.579,0.587,0.596
5/10/2018 19:30,16,0.519,0.55,0.586,0.561,0.561,0.581,0.595,0.603
5/10/2018 20:00,17,0.524,0.553,0.588,0.566,0.564,0.587,0.595,0.609
5/10/2018 20:30,18,0.528,0.563,0.59,0.57,0.566,0.59,0.6,0.611
5/10/2018 21:00,19,0.532,0.568,0.597,0.573,0.569,0.593,0.6,0.615
5/10/2018 21:30,20,0.536,0.573,0.599,0.574,0.574,0.595,0.606,0.618
5/10/2018 22:00,21,0.539,0.576,0.605,0.576,0.576,0.596,0.61,0.622
5/10/2018 22:30,22,0.541,0.578,0.606,0.578,0.578,0.597,0.614,0.624
5/10/2018 23:00,23,0.543,0.58,0.61,0.579,0.58,0.597,0.621,0.627
5/10/2018 23:30,24,0.544,0.582,0.61,0.58,0.582,0.598,0.622,0.628
5/11/2018 0:00,25,0.545,0.583,0.611,0.581,0.583,0.598,0.625,0.63
5/11/2018 0:30,26,0.546,0.584,0.61,0.582,0.584,0.599,0.629,0.631
5/11/2018 1:00,27,0.547,0.584,0.612,0.583,0.585,0.599,0.632,0.632
5/11/2018 1:30,28,0.548,0.585,0.609,0.584,0.586,0.6,0.633,0.633
5/11/2018 2:00,29,0.549,0.586,0.611,0.585,0.587,0.6,0.633,0.633
5/11/2018 2:30,30,0.549,0.586,0.605,0.585,0.588,0.601,0.638,0.633
5/11/2018 3:00,31,0.55,0.587,0.607,0.585,0.589,0.601,0.637,0.633
5/11/2018 3:30,32,0.55,0.587,0.609,0.585,0.59,0.601,0.638,0.632
5/11/2018 4:00,33,0.551,0.587,0.607,0.586,0.59,0.601,0.639,0.633
5/11/2018 4:30,34,0.551,0.588,0.604,0.586,0.591,0.602,0.64,0.632
5/11/2018 5:00,35,0.552,0.588,0.604,0.587,0.591,0.603,0.64,0.633
5/11/2018 5:30,36,0.552,0.588,0.603,0.587,0.591,0.603,0.641,0.632
5/11/2018 6:00,37,0.553,0.589,0.604,0.588,0.592,0.604,0.642,0.632
5/11/2018 6:30,38,0.553,0.589,0.603,0.588,0.593,0.605,0.643,0.631
5/11/2018 7:00,39,0.553,0.584,0.602,0.586,0.594,0.605,0.643,0.63
5/11/2018 7:30,40,0.551,0.567,0.597,0.584,0.593,0.603,0.64,0.629
5/11/2018 8:00,41,0.545,0.532,0.576,0.558,0.581,0.588,0.635,0.625
5/11/2018 8:30,42,0.53,0.503,0.549,0.503,0.546,0.554,0.619,0.62
5/11/2018 9:00,43,0.506,0.489,0.533,0.474,0.511,0.523,0.592,0.607
5/11/2018 9:30,44,0.488,0.483,0.524,0.461,0.493,0.507,0.563,0.583
5/11/2018 10:00,45,0.471,0.479,0.515,0.45,0.484,0.497,0.538,0.556
5/11/2018 10:30,46,0.458,0.474,0.509,0.444,0.475,0.487,0.515,0.531
5/11/2018 11:00,47,0.449,0.471,0.505,0.44,0.467,0.481,0.491,0.512
5/11/2018 11:30,48,0.44,0.468,0.499,0.438,0.463,0.475,0.473,0.498
5/11/2018 12:00,49,0.434,0.467,0.498,0.436,0.46,0.47,0.464,0.489
5/11/2018 12:30,50,0.439,0.472,0.504,0.444,0.467,0.475,0.47,0.495
5/11/2018 13:00,51,0.434,0.468,0.5,0.438,0.459,0.468,0.463,0.488
5/11/2018 13:30,52,0.431,0.466,0.499,0.436,0.458,0.466,0.464,0.486
5/11/2018 14:00,53,0.428,0.466,0.498,0.436,0.457,0.465,0.466,0.485
5/11/2018 14:30,54,0.427,0.466,0.498,0.436,0.458,0.465,0.468,0.487
5/11/2018 15:00,55,0.428,0.466,0.5,0.436,0.46,0.467,0.469,0.492
5/11/2018 15:30,56,0.429,0.466,0.499,0.438,0.461,0.467,0.471,0.495
5/11/2018 16:00,57,0.432,0.468,0.5,0.445,0.464,0.472,0.475,0.497
5/11/2018 16:30,58,0.435,0.471,0.504,0.454,0.47,0.479,0.484,0.504
5/11/2018 17:00,59,0.444,0.475,0.507,0.463,0.475,0.487,0.493,0.51
5/11/2018 17:30,60,0.454,0.482,0.518,0.477,0.484,0.501,0.502,0.522
5/11/2018 18:00,61,0.46,0.486,0.522,0.486,0.484,0.502,0.508,0.532
5/11/2018 18:30,62,0.473,0.5,0.536,0.5,0.496,0.519,0.523,0.548
5/11/2018 19:00,63,0.487,0.518,0.556,0.521,0.513,0.542,0.545,0.564
5/11/2018 19:30,64,0.501,0.531,0.57,0.538,0.526,0.557,0.563,0.581
5/11/2018 20:00,65,0.516,0.554,0.585,0.557,0.552,0.579,0.587,0.597
5/11/2018 20:30,66,0.527,0.57,0.597,0.571,0.568,0.594,0.602,0.608
5/11/2018 21:00,67,0.534,0.579,0.604,0.578,0.578,0.601,0.613,0.616
5/11/2018 21:30,68,0.54,0.584,0.609,0.583,0.584,0.604,0.622,0.623
5/11/2018 22:00,69,0.543,0.588,0.61,0.586,0.587,0.607,0.627,0.627
5/11/2018 22:30,70,0.547,0.59,0.611,0.588,0.59,0.609,0.632,0.631
5/11/2018 23:00,71,0.549,0.592,0.613,0.589,0.592,0.61,0.636,0.634
5/11/2018 23:30,72,0.551,0.593,0.615,0.591,0.594,0.611,0.638,0.636
5/12/2018 0:00,73,0.551,0.594,0.614,0.591,0.595,0.612,0.641,0.635
5/12/2018 0:30,74,0.552,0.595,0.617,0.591,0.596,0.612,0.641,0.637
5/12/2018 1:00,75,0.552,0.595,0.621,0.591,0.597,0.612,0.643,0.639
5/12/2018 1:30,76,0.553,0.595,0.622,0.591,0.598,0.611,0.644,0.64
5/12/2018 2:00,77,0.551,0.595,0.621,0.59,0.598,0.61,0.642,0.639
5/12/2018 2:30,78,0.551,0.595,0.621,0.59,0.598,0.61,0.643,0.64
5/12/2018 3:00,79,0.551,0.595,0.621,0.59,0.598,0.61,0.644,0.64
5/12/2018 3:30,80,0.551,0.595,0.619,0.589,0.598,0.609,0.644,0.639
5/12/2018 4:00,81,0.551,0.595,0.619,0.589,0.599,0.609,0.644,0.639
5/12/2018 4:30,82,0.551,0.595,0.62,0.588,0.599,0.609,0.643,0.64
5/12/2018 5:00,83,0.551,0.595,0.617,0.588,0.598,0.609,0.643,0.639
5/12/2018 5:30,84,0.551,0.595,0.62,0.589,0.597,0.609,0.64,0.638
5/12/2018 6:00,85,0.551,0.595,0.619,0.589,0.597,0.609,0.64,0.637
5/12/2018 6:30,86,0.552,0.595,0.621,0.589,0.598,0.609,0.643,0.639
5/12/2018 7:00,87,0.55,0.595,0.613,0.589,0.597,0.609,0.639,0.634
5/12/2018 7:30,88,0.548,0.587,0.6,0.588,0.594,0.609,0.635,0.626
5/12/2018 8:00,89,0.543,0.56,0.586,0.575,0.588,0.6,0.631,0.625
5/12/2018 8:30,90,0.533,0.534,0.562,0.541,0.573,0.582,0.624,0.619
5/12/2018 9:00,91,0.517,0.515,0.545,0.504,0.547,0.555,0.617,0.613
5/12/2018 9:30,92,0.5,0.508,0.538,0.488,0.526,0.535,0.604,0.602
5/12/2018 10:00,93,0.493,0.508,0.538,0.488,0.521,0.532,0.585,0.587
5/12/2018 10:30,94,0.48,0.5,0.532,0.471,0.511,0.518,0.566,0.574
5/12/2018 11:00,95,0.467,0.491,0.52,0.456,0.491,0.502,0.541,0.55
5/12/2018 11:30,96,0.456,0.485,0.515,0.45,0.477,0.491,0.513,0.531
5/12/2018 12:00,97,0.452,0.484,0.517,0.454,0.471,0.489,0.492,0.518
5/12/2018 12:30,98,0.45,0.487,0.517,0.459,0.477,0.493,0.487,0.513
5/12/2018 13:00,99,0.445,0.485,0.513,0.457,0.474,0.489,0.485,0.508
5/12/2018 13:30,100,0.436,0.479,0.507,0.449,0.465,0.478,0.48,0.503
5/12/2018 14:00,101,0.438,0.481,0.51,0.454,0.464,0.482,0.482,0.504
5/12/2018 14:30,102,0.432,0.478,0.507,0.45,0.461,0.477,0.486,0.505
5/12/2018 15:00,103,0.431,0.475,0.508,0.446,0.459,0.472,0.487,0.509
5/12/2018 15:30,104,0.428,0.475,0.505,0.447,0.46,0.473,0.485,0.509
5/12/2018 16:00,105,0.431,0.476,0.508,0.452,0.464,0.477,0.492,0.515
5/12/2018 16:30,106,0.432,0.477,0.509,0.458,0.466,0.48,0.497,0.519
5/12/2018 17:00,107,0.434,0.476,0.509,0.46,0.465,0.483,0.503,0.521
5/12/2018 17:30,108,0.446,0.483,0.519,0.474,0.476,0.499,0.516,0.536
5/12/2018 18:00,109,0.458,0.494,0.532,0.495,0.492,0.518,0.529,0.552
5/12/2018 18:30,110,0.469,0.501,0.539,0.506,0.501,0.525,0.541,0.565
5/12/2018 19:00,111,0.482,0.517,0.555,0.523,0.524,0.552,0.559,0.579
5/12/2018 19:30,112,0.497,0.541,0.572,0.546,0.549,0.577,0.577,0.591
5/12/2018 20:00,113,0.512,0.564,0.589,0.562,0.568,0.593,0.595,0.603
5/12/2018 20:30,114,0.522,0.578,0.601,0.571,0.577,0.6,0.606,0.614
5/12/2018 21:00,115,0.521,0.577,0.592,0.57,0.574,0.595,0.601,0.606
5/12/2018 21:30,116,0.48,0.579,0.594,0.561,0.569,0.594,0.592,0.456
5/12/2018 22:00,117,0.409,0.579,0.6,0.549,0.568,0.586,0.59,0.437
5/12/2018 22:30,118,0.407,0.582,0.611,0.55,0.573,0.586,0.605,0.502
5/12/2018 23:00,119,0.422,0.582,0.614,0.555,0.579,0.589,0.613,0.529
5/12/2018 23:30,120,0.44,0.583,0.619,0.565,0.581,0.594,0.617,0.542
5/13/2018 0:00,121,0.465,0.584,0.617,0.571,0.583,0.598,0.62,0.547
5/13/2018 0:30,122,0.479,0.586,0.621,0.575,0.585,0.601,0.624,0.548
5/13/2018 1:00,123,0.487,0.586,0.623,0.576,0.586,0.602,0.63,0.55
5/13/2018 1:30,124,0.491,0.586,0.624,0.577,0.588,0.602,0.633,0.553
5/13/2018 2:00,125,0.493,0.586,0.62,0.578,0.589,0.603,0.635,0.553
5/13/2018 2:30,126,0.493,0.587,0.62,0.578,0.589,0.603,0.636,0.549
5/13/2018 3:00,127,0.492,0.587,0.613,0.577,0.585,0.6,0.632,0.543
5/13/2018 3:30,128,0.492,0.586,0.612,0.577,0.585,0.599,0.628,0.54
5/13/2018 4:00,129,0.492,0.587,0.61,0.578,0.586,0.602,0.626,0.54
5/13/2018 4:30,130,0.492,0.588,0.611,0.578,0.588,0.604,0.625,0.54
5/13/2018 5:00,131,0.495,0.589,0.614,0.579,0.588,0.604,0.628,0.543
5/13/2018 5:30,132,0.499,0.589,0.612,0.579,0.586,0.604,0.63,0.543
5/13/2018 6:00,133,0.502,0.589,0.612,0.578,0.587,0.604,0.626,0.49
5/13/2018 6:30,134,0.455,0.589,0.619,0.571,0.588,0.605,0.606,0.425
5/13/2018 7:00,135,0.433,0.589,0.618,0.555,0.589,0.604,0.597,0.435
5/13/2018 7:30,136,0.431,0.585,0.616,0.549,0.589,0.604,0.592,0.481
5/13/2018 8:00,137,0.431,0.583,0.617,0.545,0.586,0.604,0.6,0.515
5/13/2018 8:30,138,0.433,0.582,0.613,0.544,0.585,0.604,0.609,0.53
5/13/2018 9:00,139,0.437,0.581,0.608,0.548,0.585,0.604,0.612,0.535
5/13/2018 9:30,140,0.443,0.581,0.607,0.555,0.585,0.603,0.615,0.54
5/13/2018 10:00,141,0.451,0.583,0.607,0.563,0.586,0.604,0.616,0.543
5/13/2018 10:30,142,0.457,0.583,0.593,0.569,0.582,0.604,0.61,0.531
5/13/2018 11:00,143,0.463,0.584,0.591,0.572,0.58,0.604,0.604,0.528
5/13/2018 11:30,144,0.465,0.586,0.6,0.575,0.584,0.607,0.609,0.535
5/13/2018 12:00,145,0.468,0.588,0.603,0.576,0.585,0.607,0.613,0.54
5/13/2018 12:30,146,0.472,0.589,0.602,0.577,0.586,0.607,0.615,0.536
5/13/2018 13:00,147,0.479,0.591,0.603,0.578,0.587,0.607,0.616,0.538
5/13/2018 13:30,148,0.48,0.591,0.599,0.579,0.588,0.609,0.613,0.534
5/13/2018 14:00,149,0.481,0.593,0.595,0.581,0.587,0.609,0.609,0.53
5/13/2018 14:30,150,0.483,0.594,0.599,0.581,0.588,0.61,0.61,0.533
5/13/2018 15:00,151,0.484,0.592,0.6,0.581,0.589,0.61,0.611,0.535
5/13/2018 15:30,152,0.484,0.592,0.602,0.582,0.59,0.611,0.612,0.538
5/13/2018 16:00,153,0.484,0.592,0.605,0.582,0.591,0.611,0.613,0.54
5/13/2018 16:30,154,0.485,0.591,0.608,0.581,0.591,0.61,0.617,0.545
5/13/2018 17:00,155,0.486,0.588,0.607,0.578,0.59,0.609,0.62,0.548
5/13/2018 17:30,156,0.487,0.586,0.608,0.577,0.589,0.608,0.623,0.55
5/13/2018 18:00,157,0.487,0.587,0.608,0.578,0.591,0.609,0.625,0.55
5/13/2018 18:30,158,0.487,0.584,0.606,0.577,0.59,0.608,0.625,0.55
5/13/2018 19:00,159,0.487,0.585,0.608,0.578,0.59,0.608,0.627,0.551
5/13/2018 19:30,160,0.487,0.586,0.61,0.58,0.591,0.609,0.629,0.552
5/13/2018 20:00,161,0.488,0.589,0.613,0.582,0.593,0.611,0.631,0.552
5/13/2018 20:30,162,0.488,0.593,0.614,0.582,0.595,0.611,0.631,0.552
5/13/2018 21:00,163,0.488,0.593,0.616,0.582,0.595,0.611,0.63,0.551
5/13/2018 21:30,164,0.488,0.595,0.617,0.582,0.596,0.611,0.632,0.551
5/13/2018 22:00,165,0.488,0.596,0.616,0.582,0.594,0.61,0.63,0.55
5/13/2018 22:30,166,0.488,0.596,0.613,0.581,0.593,0.61,0.629,0.549
5/13/2018 23:00,167,0.472,0.585,0.606,0.57,0.59,0.607,0.622,0.481
5/13/2018 23:30,168,0.428,0.573,0.607,0.548,0.583,0.584,0.621,0.459
5/14/2018 0:00,169,0.424,0.573,0.606,0.541,0.583,0.574,0.623,0.502
5/14/2018 0:30,170,0.425,0.579,0.607,0.538,0.585,0.57,0.624,0.522
5/14/2018 1:00,171,0.428,0.58,0.609,0.54,0.585,0.569,0.627,0.533
5/14/2018 1:30,172,0.432,0.581,0.611,0.546,0.587,0.574,0.628,0.538
5/14/2018 2:00,173,0.436,0.581,0.609,0.552,0.587,0.578,0.628,0.542
5/14/2018 2:30,174,0.442,0.583,0.611,0.559,0.587,0.583,0.628,0.544
5/14/2018 3:00,175,0.446,0.583,0.61,0.564,0.587,0.587,0.628,0.545
5/14/2018 3:30,176,0.45,0.584,0.612,0.567,0.587,0.589,0.627,0.546
5/14/2018 4:00,177,0.453,0.585,0.613,0.569,0.587,0.592,0.627,0.547
5/14/2018 4:30,178,0.457,0.586,0.614,0.57,0.586,0.594,0.628,0.548
5/14/2018 5:00,179,0.46,0.588,0.612,0.571,0.587,0.595,0.629,0.547
5/14/2018 5:30,180,0.463,0.59,0.61,0.573,0.586,0.596,0.63,0.547
5/14/2018 6:00,181,0.466,0.59,0.611,0.574,0.586,0.596,0.63,0.546
5/14/2018 6:30,182,0.47,0.59,0.612,0.575,0.585,0.597,0.628,0.547
5/14/2018 7:00,183,0.474,0.591,0.612,0.575,0.584,0.598,0.627,0.547
5/14/2018 7:30,184,0.476,0.591,0.612,0.575,0.585,0.598,0.628,0.545
5/14/2018 8:00,185,0.476,0.591,0.613,0.575,0.585,0.598,0.626,0.545
5/14/2018 8:30,186,0.477,0.592,0.612,0.575,0.585,0.598,0.627,0.546
5/14/2018 9:00,187,0.477,0.592,0.614,0.576,0.585,0.598,0.627,0.548
5/14/2018 9:30,188,0.478,0.592,0.612,0.576,0.585,0.6,0.626,0.546
5/14/2018 10:00,189,0.478,0.592,0.612,0.577,0.585,0.6,0.626,0.543
5/14/2018 10:30,190,0.477,0.593,0.611,0.577,0.586,0.601,0.626,0.543
5/14/2018 11:00,191,0.478,0.592,0.614,0.576,0.586,0.601,0.625,0.545
5/14/2018 11:30,192,0.477,0.587,0.611,0.574,0.585,0.599,0.623,0.546
5/14/2018 12:00,193,0.477,0.582,0.609,0.569,0.583,0.596,0.62,0.546
5/14/2018 12:30,194,0.478,0.579,0.609,0.567,0.581,0.596,0.62,0.547
5/14/2018 13:00,195,0.478,0.574,0.605,0.56,0.576,0.592,0.621,0.549
5/14/2018 13:30,196,0.475,0.566,0.595,0.549,0.569,0.585,0.619,0.547
5/14/2018 14:00,197,0.473,0.56,0.591,0.543,0.562,0.579,0.617,0.547
5/14/2018 14:30,198,0.467,0.55,0.582,0.529,0.55,0.566,0.61,0.542
5/14/2018 15:00,199,0.457,0.537,0.569,0.513,0.534,0.549,0.604,0.538
5/14/2018 15:30,200,0.447,0.525,0.556,0.499,0.517,0.533,0.592,0.53
5/14/2018 16:00,201,0.439,0.516,0.542,0.49,0.505,0.519,0.577,0.519
5/14/2018 16:30,202,0.429,0.506,0.529,0.483,0.488,0.502,0.557,0.507
5/14/2018 17:00,203,0.422,0.501,0.525,0.484,0.481,0.498,0.547,0.495
5/14/2018 17:30,204,0.425,0.507,0.536,0.492,0.488,0.511,0.548,0.496
5/14/2018 18:00,205,0.431,0.517,0.55,0.507,0.506,0.532,0.55,0.499
5/14/2018 18:30,206,0.443,0.536,0.57,0.53,0.532,0.558,0.562,0.508
5/14/2018 19:00,207,0.455,0.556,0.586,0.549,0.556,0.578,0.575,0.516
5/14/2018 19:30,208,0.462,0.569,0.599,0.56,0.57,0.589,0.586,0.524
5/14/2018 20:00,209,0.467,0.578,0.604,0.564,0.578,0.594,0.595,0.527
5/14/2018 20:30,210,0.456,0.575,0.605,0.549,0.576,0.591,0.591,0.474
5/14/2018 21:00,211,0.415,0.564,0.607,0.525,0.546,0.569,0.593,0.441
5/14/2018 21:30,212,0.411,0.572,0.608,0.526,0.555,0.564,0.601,0.483
5/14/2018 22:00,213,0.411,0.573,0.608,0.528,0.558,0.564,0.604,0.442
5/14/2018 22:30,214,0.407,0.51,0.606,0.527,0.55,0.562,0.608,0.46
5/14/2018 23:00,215,0.409,0.498,0.597,0.525,0.555,0.561,0.61,0.483
5/14/2018 23:30,216,0.411,0.497,0.604,0.525,0.56,0.562,0.611,0.506
5/15/2018 0:00,217,0.414,0.497,0.604,0.526,0.565,0.564,0.611,0.519
5/15/2018 0:30,218,0.418,0.498,0.602,0.529,0.568,0.568,0.61,0.524
5/15/2018 1:00,219,0.423,0.499,0.601,0.536,0.57,0.573,0.61,0.525
5/15/2018 1:30,220,0.428,0.5,0.605,0.542,0.571,0.577,0.61,0.531
5/15/2018 2:00,221,0.433,0.5,0.608,0.548,0.571,0.58,0.615,0.535
5/15/2018 2:30,222,0.44,0.502,0.607,0.554,0.573,0.583,0.618,0.537
5/15/2018 3:00,223,0.446,0.504,0.603,0.557,0.575,0.586,0.617,0.535
5/15/2018 3:30,224,0.45,0.504,0.605,0.559,0.574,0.588,0.615,0.535
5/15/2018 4:00,225,0.454,0.505,0.605,0.561,0.574,0.59,0.615,0.536
5/15/2018 4:30,226,0.458,0.505,0.608,0.563,0.572,0.591,0.613,0.538
5/15/2018 5:00,227,0.462,0.505,0.609,0.565,0.572,0.593,0.615,0.54
5/15/2018 5:30,228,0.466,0.507,0.609,0.564,0.574,0.594,0.619,0.541
5/15/2018 6:00,229,0.467,0.509,0.605,0.561,0.575,0.596,0.616,0.537
5/15/2018 6:30,230,0.466,0.506,0.602,0.551,0.575,0.597,0.605,0.535
5/15/2018 7:00,231,0.467,0.492,0.594,0.536,0.577,0.598,0.606,0.534
5/15/2018 7:30,232,0.463,0.471,0.575,0.54,0.575,0.597,0.602,0.527
5/15/2018 8:00,233,0.454,0.459,0.559,0.541,0.562,0.589,0.594,0.523
5/15/2018 8:30,234,0.447,0.451,0.548,0.526,0.548,0.575,0.588,0.519
5/15/2018 9:00,235,0.426,0.435,0.529,0.494,0.522,0.545,0.57,0.506
5/15/2018 9:30,236,0.409,0.427,0.517,0.468,0.493,0.516,0.546,0.485
5/15/2018 10:00,237,0.4,0.426,0.514,0.455,0.48,0.503,0.523,0.472
5/15/2018 10:30,238,0.39,0.42,0.509,0.443,0.466,0.488,0.502,0.46
5/15/2018 11:00,239,0.39,0.426,0.509,0.45,0.467,0.489,0.493,0.453
5/15/2018 11:30,240,0.381,0.422,0.504,0.437,0.458,0.477,0.478,0.447
5/15/2018 12:00,241,0.375,0.423,0.497,0.433,0.453,0.469,0.465,0.437
5/15/2018 12:30,242,0.369,0.427,0.494,0.43,0.45,0.464,0.456,0.43
5/15/2018 13:00,243,0.367,0.43,0.495,0.429,0.448,0.462,0.452,0.429
5/15/2018 13:30,244,0.365,0.432,0.495,0.428,0.446,0.458,0.452,0.428
5/15/2018 14:00,245,0.367,0.438,0.497,0.43,0.448,0.46,0.459,0.43
5/15/2018 14:30,246,0.366,0.44,0.498,0.43,0.449,0.461,0.464,0.433
5/15/2018 15:00,247,0.364,0.443,0.495,0.427,0.448,0.458,0.464,0.434
5/15/2018 15:30,248,0.364,0.447,0.493,0.425,0.449,0.456,0.464,0.435
5/15/2018 16:00,249,0.365,0.448,0.493,0.426,0.449,0.456,0.465,0.436
5/15/2018 16:30,250,0.369,0.452,0.494,0.431,0.451,0.46,0.472,0.44
5/15/2018 17:00,251,0.376,0.457,0.497,0.439,0.455,0.467,0.481,0.446
5/15/2018 17:30,252,0.384,0.461,0.499,0.446,0.459,0.474,0.49,0.453
5/15/2018 18:00,253,0.397,0.468,0.51,0.458,0.464,0.487,0.498,0.467
5/15/2018 18:30,254,0.412,0.48,0.525,0.472,0.477,0.503,0.516,0.483
5/15/2018 19:00,255,0.427,0.498,0.543,0.493,0.498,0.528,0.537,0.497
5/15/2018 19:30,256,0.439,0.519,0.558,0.511,0.524,0.548,0.556,0.512
5/15/2018 20:00,257,0.451,0.544,0.58,0.536,0.55,0.574,0.576,0.526
5/15/2018 20:30,258,0.459,0.559,0.593,0.551,0.563,0.587,0.587,0.535
5/15/2018 21:00,259,0.458,0.561,0.587,0.557,0.567,0.591,0.582,0.529
5/15/2018 21:30,260,0.461,0.564,0.58,0.564,0.565,0.594,0.577,0.521
5/15/2018 22:00,261,0.454,0.562,0.586,0.554,0.56,0.59,0.576,0.462
5/15/2018 22:30,262,0.422,0.548,0.596,0.532,0.56,0.576,0.577,0.412
5/15/2018 23:00,263,0.418,0.549,0.6,0.531,0.566,0.571,0.588,0.421
5/15/2018 23:30,264,0.417,0.55,0.602,0.53,0.571,0.568,0.595,0.436
5/16/2018 0:00,265,0.419,0.556,0.609,0.53,0.575,0.566,0.596,0.443
5/16/2018 0:30,266,0.421,0.546,0.612,0.53,0.575,0.565,0.6,0.479
5/16/2018 1:00,267,0.425,0.508,0.611,0.529,0.578,0.565,0.604,0.516
5/16/2018 1:30,268,0.429,0.501,0.612,0.529,0.579,0.566,0.607,0.532
5/16/2018 2:00,269,0.431,0.502,0.612,0.535,0.58,0.57,0.61,0.54
5/16/2018 2:30,270,0.435,0.503,0.606,0.543,0.581,0.575,0.614,0.542
5/16/2018 3:00,271,0.44,0.504,0.606,0.551,0.581,0.579,0.616,0.543
5/16/2018 3:30,272,0.446,0.505,0.608,0.557,0.581,0.583,0.619,0.545
5/16/2018 4:00,273,0.452,0.509,0.61,0.561,0.58,0.586,0.621,0.546
5/16/2018 4:30,274,0.455,0.515,0.61,0.563,0.581,0.589,0.624,0.547
5/16/2018 5:00,275,0.459,0.519,0.61,0.565,0.581,0.592,0.624,0.547
5/16/2018 5:30,276,0.463,0.521,0.611,0.567,0.58,0.593,0.624,0.547
5/16/2018 6:00,277,0.465,0.523,0.608,0.568,0.579,0.594,0.624,0.546
5/16/2018 6:30,278,0.467,0.524,0.608,0.568,0.579,0.595,0.623,0.548
5/16/2018 7:00,279,0.471,0.525,0.609,0.568,0.58,0.596,0.624,0.548
5/16/2018 7:30,280,0.473,0.527,0.611,0.569,0.58,0.596,0.625,0.545
5/16/2018 8:00,281,0.474,0.531,0.61,0.569,0.58,0.597,0.625,0.545
5/16/2018 8:30,282,0.473,0.535,0.612,0.569,0.58,0.597,0.621,0.546
5/16/2018 9:00,283,0.473,0.537,0.611,0.568,0.579,0.597,0.619,0.546
5/16/2018 9:30,284,0.473,0.54,0.609,0.567,0.579,0.597,0.619,0.544
5/16/2018 10:00,285,0.473,0.545,0.607,0.567,0.58,0.598,0.616,0.543
5/16/2018 10:30,286,0.473,0.548,0.609,0.564,0.579,0.596,0.617,0.545
5/16/2018 11:00,287,0.473,0.545,0.602,0.553,0.573,0.588,0.617,0.545
5/16/2018 11:30,288,0.472,0.543,0.594,0.543,0.567,0.581,0.617,0.543
5/16/2018 12:00,289,0.471,0.543,0.594,0.542,0.564,0.58,0.616,0.543
5/16/2018 12:30,290,0.47,0.541,0.591,0.535,0.559,0.575,0.614,0.545
5/16/2018 13:00,291,0.47,0.542,0.591,0.537,0.559,0.575,0.614,0.545
5/16/2018 13:30,292,0.467,0.541,0.584,0.532,0.556,0.572,0.612,0.541
5/16/2018 14:00,293,0.466,0.537,0.583,0.528,0.55,0.567,0.613,0.542
5/16/2018 14:30,294,0.469,0.548,0.591,0.541,0.562,0.581,0.612,0.5
5/16/2018 15:00,295,0.423,0.561,0.603,0.526,0.573,0.592,0.611,0.432
5/16/2018 15:30,296,0.412,0.55,0.605,0.524,0.573,0.579,0.612,0.43
5/16/2018 16:00,297,0.409,0.542,0.6,0.526,0.574,0.564,0.605,0.446
5/16/2018 16:30,298,0.413,0.535,0.597,0.526,0.573,0.561,0.6,0.484
5/16/2018 17:00,299,0.42,0.54,0.598,0.527,0.571,0.562,0.6,0.505
5/16/2018 17:30,300,0.429,0.548,0.601,0.53,0.574,0.568,0.605,0.501
5/16/2018 18:00,301,0.434,0.552,0.602,0.533,0.576,0.574,0.606,0.511
5/16/2018 18:30,302,0.436,0.556,0.605,0.533,0.578,0.579,0.609,0.522
5/16/2018 19:00,303,0.436,0.558,0.608,0.535,0.579,0.581,0.614,0.487
5/16/2018 19:30,304,0.43,0.557,0.601,0.534,0.578,0.581,0.605,0.434
5/16/2018 20:00,305,0.416,0.532,0.6,0.531,0.57,0.567,0.599,0.43
5/16/2018 20:30,306,0.414,0.528,0.599,0.528,0.566,0.56,0.604,0.43
5/16/2018 21:00,307,0.413,0.525,0.597,0.524,0.561,0.558,0.6,0.43
5/16/2018 21:30,308,0.411,0.523,0.6,0.524,0.555,0.558,0.599,0.424
5/16/2018 22:00,309,0.41,0.523,0.603,0.523,0.557,0.557,0.604,0.46
5/16/2018 22:30,310,0.417,0.524,0.605,0.522,0.566,0.555,0.61,0.506
5/16/2018 23:00,311,0.424,0.533,0.605,0.521,0.57,0.556,0.613,0.522
5/16/2018 23:30,312,0.431,0.537,0.605,0.521,0.571,0.558,0.613,0.502
5/17/2018 0:00,313,0.429,0.539,0.603,0.524,0.57,0.561,0.611,0.449
5/17/2018 0:30,314,0.417,0.529,0.606,0.523,0.565,0.556,0.611,0.47
5/17/2018 1:00,315,0.421,0.528,0.606,0.522,0.564,0.555,0.611,0.508
5/17/2018 1:30,316,0.427,0.531,0.605,0.521,0.568,0.555,0.61,0.52
5/17/2018 2:00,317,0.432,0.535,0.603,0.522,0.57,0.558,0.607,0.525
5/17/2018 2:30,318,0.437,0.542,0.606,0.526,0.571,0.561,0.609,0.529
5/17/2018 3:00,319,0.44,0.548,0.604,0.532,0.571,0.565,0.609,0.529
5/17/2018 3:30,320,0.443,0.55,0.603,0.537,0.571,0.569,0.61,0.531
5/17/2018 4:00,321,0.448,0.552,0.603,0.541,0.571,0.571,0.612,0.533
5/17/2018 4:30,322,0.452,0.554,0.601,0.545,0.568,0.571,0.614,0.533
5/17/2018 5:00,323,0.454,0.556,0.593,0.549,0.569,0.576,0.611,0.527
5/17/2018 5:30,324,0.457,0.558,0.598,0.552,0.568,0.578,0.612,0.53
5/17/2018 6:00,325,0.459,0.559,0.593,0.554,0.568,0.581,0.61,0.528
5/17/2018 6:30,326,0.461,0.56,0.59,0.556,0.567,0.583,0.608,0.525
5/17/2018 7:00,327,0.463,0.561,0.595,0.557,0.567,0.584,0.611,0.529
5/17/2018 7:30,328,0.466,0.561,0.597,0.558,0.567,0.584,0.612,0.532
5/17/2018 8:00,329,0.467,0.562,0.595,0.558,0.567,0.586,0.611,0.531
5/17/2018 8:30,330,0.47,0.563,0.595,0.559,0.566,0.585,0.611,0.531
5/17/2018 9:00,331,0.473,0.563,0.596,0.559,0.565,0.584,0.612,0.532
5/17/2018 9:30,332,0.475,0.564,0.593,0.561,0.566,0.587,0.609,0.531
5/17/2018 10:00,333,0.477,0.566,0.597,0.562,0.568,0.589,0.611,0.533
5/17/2018 10:30,334,0.478,0.568,0.598,0.563,0.568,0.591,0.613,0.519
5/17/2018 11:00,335,0.479,0.57,0.597,0.564,0.569,0.592,0.613,0.518
5/17/2018 11:30,336,0.48,0.571,0.599,0.563,0.568,0.59,0.614,0.511
5/17/2018 12:00,337,0.479,0.571,0.593,0.548,0.568,0.591,0.609,0.492
5/17/2018 12:30,338,0.479,0.568,0.589,0.531,0.568,0.594,0.607,0.508
5/17/2018 13:00,339,0.466,0.565,0.589,0.531,0.57,0.596,0.605,0.515
5/17/2018 13:30,340,0.457,0.56,0.59,0.533,0.57,0.598,0.605,0.483
5/17/2018 14:00,341,0.458,0.561,0.592,0.53,0.571,0.598,0.607,0.499
5/17/2018 14:30,342,0.458,0.563,0.592,0.528,0.569,0.597,0.605,0.512
5/17/2018 15:00,343,0.448,0.559,0.594,0.529,0.571,0.598,0.602,0.467
5/17/2018 15:30,344,0.444,0.558,0.593,0.527,0.571,0.596,0.601,0.492
5/17/2018 16:00,345,0.432,0.548,0.593,0.528,0.563,0.586,0.599,0.455
5/17/2018 16:30,346,0.42,0.527,0.588,0.529,0.544,0.568,0.593,0.426
5/17/2018 17:00,347,0.42,0.528,0.589,0.528,0.544,0.563,0.592,0.428
5/17/2018 17:30,348,0.417,0.524,0.59,0.526,0.54,0.561,0.592,0.423
5/17/2018 18:00,349,0.416,0.524,0.593,0.519,0.538,0.558,0.593,0.425
5/17/2018 18:30,350,0.416,0.524,0.594,0.508,0.537,0.556,0.597,0.425
5/17/2018 19:00,351,0.416,0.523,0.592,0.507,0.538,0.556,0.6,0.426
5/17/2018 19:30,352,0.416,0.522,0.591,0.506,0.539,0.555,0.599,0.431
5/17/2018 20:00,353,0.419,0.521,0.598,0.504,0.545,0.555,0.6,0.435
5/17/2018 20:30,354,0.42,0.522,0.592,0.504,0.547,0.554,0.595,0.43
5/17/2018 21:00,355,0.42,0.521,0.591,0.505,0.545,0.554,0.591,0.431
5/17/2018 21:30,356,0.421,0.52,0.592,0.505,0.549,0.554,0.59,0.444
5/17/2018 22:00,357,0.425,0.521,0.588,0.511,0.553,0.554,0.594,0.482
5/17/2018 22:30,358,0.431,0.529,0.591,0.512,0.559,0.555,0.592,0.491
5/17/2018 23:00,359,0.433,0.532,0.591,0.512,0.561,0.557,0.593,0.495
5/17/2018 23:30,360,0.435,0.531,0.594,0.513,0.564,0.558,0.595,0.497
5/18/2018 0:00,361,0.436,0.53,0.594,0.513,0.564,0.558,0.592,0.501
5/18/2018 0:30,362,0.44,0.532,0.586,0.513,0.561,0.559,0.592,0.495
5/18/2018 1:00,363,0.443,0.534,0.591,0.513,0.562,0.561,0.596,0.5
5/18/2018 1:30,364,0.424,0.524,0.593,0.506,0.547,0.557,0.594,0.427
5/18/2018 2:00,365,0.417,0.519,0.583,0.504,0.537,0.552,0.587,0.424
5/18/2018 2:30,366,0.418,0.519,0.581,0.503,0.537,0.551,0.59,0.429
5/18/2018 3:00,367,0.417,0.518,0.581,0.503,0.535,0.551,0.588,0.428
5/18/2018 3:30,368,0.417,0.517,0.583,0.504,0.537,0.55,0.587,0.431
5/18/2018 4:00,369,0.419,0.517,0.583,0.505,0.543,0.55,0.589,0.471
5/18/2018 4:30,370,0.424,0.516,0.582,0.505,0.551,0.551,0.589,0.486
5/18/2018 5:00,371,0.428,0.518,0.581,0.505,0.554,0.553,0.589,0.498
5/18/2018 5:30,372,0.43,0.518,0.578,0.504,0.555,0.555,0.586,0.5
5/18/2018 6:00,373,0.433,0.521,0.58,0.504,0.556,0.556,0.588,0.498
5/18/2018 6:30,374,0.426,0.518,0.586,0.504,0.553,0.555,0.586,0.443
5/18/2018 7:00,375,0.417,0.516,0.581,0.505,0.538,0.55,0.583,0.425
5/18/2018 7:30,376,0.417,0.515,0.577,0.504,0.535,0.548,0.581,0.427
5/18/2018 8:00,377,0.417,0.515,0.579,0.504,0.536,0.548,0.584,0.43
5/18/2018 8:30,378,0.418,0.515,0.581,0.503,0.539,0.548,0.585,0.436
5/18/2018 9:00,379,0.42,0.515,0.582,0.502,0.546,0.548,0.583,0.478
5/18/2018 9:30,380,0.424,0.515,0.582,0.501,0.553,0.549,0.583,0.499
5/18/2018 10:00,381,0.429,0.524,0.582,0.503,0.556,0.553,0.583,0.506
5/18/2018 10:30,382,0.437,0.525,0.583,0.508,0.558,0.557,0.583,0.511
5/18/2018 11:00,383,0.445,0.533,0.583,0.522,0.562,0.564,0.581,0.512
5/18/2018 11:30,384,0.444,0.537,0.588,0.531,0.565,0.569,0.58,0.494
5/18/2018 12:00,385,0.445,0.542,0.589,0.521,0.565,0.573,0.582,0.486
5/18/2018 12:30,386,0.428,0.541,0.584,0.512,0.561,0.573,0.579,0.463
5/18/2018 13:00,387,0.42,0.526,0.581,0.512,0.551,0.561,0.576,0.445
5/18/2018 13:30,388,0.417,0.52,0.587,0.509,0.542,0.557,0.575,0.425
5/18/2018 14:00,389,0.415,0.518,0.582,0.505,0.543,0.554,0.574,0.432
5/18/2018 14:30,390,0.421,0.52,0.581,0.506,0.55,0.555,0.576,0.468
5/18/2018 15:00,391,0.431,0.522,0.57,0.508,0.554,0.558,0.578,0.487
5/18/2018 15:30,392,0.439,0.526,0.568,0.513,0.554,0.563,0.579,0.485
5/18/2018 16:00,393,0.445,0.525,0.57,0.513,0.556,0.567,0.582,0.495
5/18/2018 16:30,394,0.45,0.53,0.569,0.516,0.559,0.571,0.581,0.503
5/18/2018 17:00,395,0.454,0.538,0.575,0.52,0.563,0.575,0.584,0.51
5/18/2018 17:30,396,0.455,0.539,0.578,0.517,0.565,0.578,0.585,0.499
5/18/2018 18:00,397,0.457,0.538,0.58,0.515,0.566,0.581,0.585,0.505
5/18/2018 18:30,398,0.45,0.536,0.582,0.514,0.567,0.577,0.586,0.51
5/18/2018 19:00,399,0.438,0.532,0.579,0.509,0.556,0.573,0.584,0.451
5/18/2018 19:30,400,0.435,0.528,0.583,0.5,0.547,0.567,0.582,0.447
5/18/2018 20:00,401,0.441,0.528,0.578,0.493,0.556,0.565,0.585,0.482
5/18/2018 20:30,402,0.448,0.527,0.575,0.49,0.56,0.566,0.588,0.501
5/18/2018 21:00,403,0.452,0.532,0.581,0.487,0.565,0.572,0.587,0.504
5/18/2018 21:30,404,0.452,0.533,0.578,0.486,0.563,0.574,0.587,0.474
5/18/2018 22:00,405,0.447,0.532,0.581,0.483,0.563,0.571,0.587,0.492
5/18/2018 22:30,406,0.449,0.532,0.584,0.479,0.565,0.569,0.586,0.499
5/18/2018 23:00,407,0.45,0.533,0.586,0.475,0.567,0.57,0.586,0.507
5/18/2018 23:30,408,0.45,0.534,0.59,0.473,0.569,0.571,0.588,0.512
5/19/2018 0:00,409,0.453,0.533,0.588,0.47,0.569,0.572,0.588,0.488
5/19/2018 0:30,410,0.446,0.532,0.589,0.468,0.568,0.571,0.587,0.499
5/19/2018 1:00,411,0.442,0.53,0.592,0.467,0.569,0.567,0.586,0.469
5/19/2018 1:30,412,0.435,0.526,0.593,0.464,0.559,0.563,0.586,0.441
5/19/2018 2:00,413,0.428,0.526,0.59,0.463,0.539,0.559,0.581,0.429
5/19/2018 2:30,414,0.427,0.525,0.594,0.454,0.545,0.557,0.583,0.449
5/19/2018 3:00,415,0.43,0.527,0.589,0.453,0.555,0.556,0.587,0.49
5/19/2018 3:30,416,0.437,0.528,0.587,0.453,0.56,0.557,0.586,0.488
5/19/2018 4:00,417,0.434,0.526,0.586,0.453,0.556,0.559,0.584,0.448
5/19/2018 4:30,418,0.427,0.525,0.589,0.454,0.546,0.557,0.581,0.445
5/19/2018 5:00,419,0.427,0.528,0.59,0.453,0.553,0.556,0.582,0.481
5/19/2018 5:30,420,0.43,0.527,0.591,0.452,0.559,0.557,0.586,0.484
5/19/2018 6:00,421,0.429,0.532,0.593,0.452,0.555,0.556,0.586,0.464
5/19/2018 6:30,422,0.426,0.534,0.594,0.45,0.557,0.554,0.586,0.499
5/19/2018 7:00,423,0.432,0.536,0.593,0.45,0.562,0.555,0.585,0.508
5/19/2018 7:30,424,0.437,0.539,0.592,0.451,0.563,0.557,0.588,0.508
5/19/2018 8:00,425,0.44,0.543,0.594,0.449,0.565,0.557,0.592,0.51
5/19/2018 8:30,426,0.441,0.544,0.596,0.449,0.565,0.558,0.592,0.48
5/19/2018 9:00,427,0.436,0.542,0.596,0.448,0.564,0.556,0.592,0.505
5/19/2018 9:30,428,0.443,0.541,0.598,0.447,0.565,0.556,0.593,0.515
5/19/2018 10:00,429,0.448,0.546,0.6,0.448,0.567,0.558,0.598,0.522
5/19/2018 10:30,430,0.449,0.55,0.6,0.452,0.569,0.56,0.601,0.527
5/19/2018 11:00,431,0.452,0.552,0.601,0.456,0.57,0.562,0.602,0.529
5/19/2018 11:30,432,0.458,0.555,0.6,0.461,0.571,0.565,0.605,0.531
5/19/2018 12:00,433,0.459,0.558,0.602,0.47,0.572,0.568,0.606,0.534
5/19/2018 12:30,434,0.458,0.56,0.603,0.475,0.573,0.571,0.607,0.534
5/19/2018 13:00,435,0.457,0.562,0.603,0.478,0.573,0.573,0.607,0.532
5/19/2018 13:30,436,0.456,0.563,0.6,0.479,0.573,0.574,0.601,0.52
5/19/2018 14:00,437,0.457,0.563,0.601,0.473,0.574,0.577,0.6,0.513
5/19/2018 14:30,438,0.455,0.564,0.598,0.467,0.572,0.578,0.6,0.497
5/19/2018 15:00,439,0.451,0.564,0.605,0.454,0.568,0.581,0.599,0.519
5/19/2018 15:30,440,0.443,0.564,0.606,0.457,0.568,0.582,0.6,0.529
5/19/2018 16:00,441,0.443,0.565,0.606,0.462,0.568,0.584,0.602,0.534
5/19/2018 16:30,442,0.446,0.565,0.605,0.468,0.567,0.584,0.603,0.536
5/19/2018 17:00,443,0.452,0.565,0.606,0.473,0.568,0.583,0.601,0.535
5/19/2018 17:30,444,0.458,0.564,0.606,0.476,0.567,0.582,0.602,0.536
5/19/2018 18:00,445,0.459,0.563,0.605,0.479,0.567,0.582,0.602,0.534
5/19/2018 18:30,446,0.461,0.565,0.604,0.48,0.57,0.583,0.601,0.534
5/19/2018 19:00,447,0.46,0.565,0.605,0.482,0.571,0.582,0.601,0.535
5/19/2018 19:30,448,0.464,0.565,0.605,0.485,0.572,0.582,0.603,0.536
5/19/2018 20:00,449,0.466,0.566,0.604,0.486,0.573,0.582,0.602,0.537
5/19/2018 20:30,450,0.468,0.566,0.603,0.486,0.573,0.582,0.602,0.536
5/19/2018 21:00,451,0.466,0.564,0.602,0.486,0.572,0.581,0.6,0.537
5/19/2018 21:30,452,0.468,0.563,0.601,0.486,0.572,0.581,0.599,0.536
5/19/2018 22:00,453,0.469,0.564,0.602,0.486,0.572,0.581,0.601,0.54
5/19/2018 22:30,454,0.47,0.564,0.603,0.487,0.572,0.581,0.602,0.543
5/19/2018 23:00,455,0.469,0.563,0.602,0.487,0.571,0.581,0.602,0.543
5/19/2018 23:30,456,0.47,0.562,0.602,0.488,0.571,0.581,0.603,0.543
5/20/2018 0:00,457,0.47,0.561,0.602,0.488,0.571,0.581,0.603,0.544
5/20/2018 0:30,458,0.47,0.561,0.601,0.489,0.57,0.581,0.603,0.541
5/20/2018 1:00,459,0.469,0.561,0.599,0.488,0.57,0.581,0.603,0.54
5/20/2018 1:30,460,0.468,0.561,0.599,0.488,0.569,0.58,0.602,0.541
5/20/2018 2:00,461,0.469,0.56,0.598,0.488,0.569,0.58,0.602,0.54
5/20/2018 2:30,462,0.469,0.559,0.598,0.487,0.568,0.58,0.601,0.539
5/20/2018 3:00,463,0.468,0.559,0.598,0.487,0.567,0.579,0.599,0.54
5/20/2018 3:30,464,0.47,0.558,0.597,0.486,0.568,0.579,0.599,0.539
5/20/2018 4:00,465,0.468,0.558,0.594,0.486,0.567,0.579,0.599,0.537
5/20/2018 4:30,466,0.466,0.559,0.595,0.486,0.567,0.579,0.6,0.538
5/20/2018 5:00,467,0.467,0.56,0.598,0.486,0.567,0.579,0.601,0.539
5/20/2018 5:30,468,0.467,0.561,0.599,0.487,0.567,0.58,0.601,0.539
5/20/2018 6:00,469,0.468,0.56,0.6,0.487,0.567,0.58,0.601,0.54
5/20/2018 6:30,470,0.47,0.561,0.599,0.487,0.568,0.581,0.602,0.541
5/20/2018 7:00,471,0.471,0.561,0.598,0.487,0.568,0.582,0.6,0.54
5/20/2018 7:30,472,0.473,0.559,0.597,0.485,0.568,0.584,0.596,0.54
5/20/2018 8:00,473,0.473,0.555,0.596,0.484,0.569,0.585,0.595,0.539
5/20/2018 8:30,474,0.468,0.532,0.578,0.473,0.563,0.578,0.591,0.535
5/20/2018 9:00,475,0.45,0.503,0.546,0.431,0.528,0.555,0.586,0.528
5/20/2018 9:30,476,0.428,0.483,0.517,0.396,0.484,0.523,0.579,0.514
5/20/2018 10:00,477,0.411,0.473,0.503,0.381,0.465,0.503,0.567,0.499
5/20/2018 10:30,478,0.414,0.468,0.499,0.379,0.457,0.494,0.553,0.491
5/20/2018 11:00,479,0.406,0.465,0.496,0.375,0.452,0.489,0.539,0.48
5/20/2018 11:30,480,0.394,0.462,0.491,0.373,0.449,0.484,0.515,0.456
5/20/2018 12:00,481,0.389,0.461,0.49,0.374,0.449,0.48,0.475,0.443
5/20/2018 12:30,482,0.385,0.46,0.488,0.373,0.447,0.476,0.458,0.437
5/20/2018 13:00,483,0.383,0.458,0.488,0.373,0.445,0.474,0.454,0.434
5/20/2018 13:30,484,0.383,0.459,0.488,0.374,0.444,0.473,0.455,0.433
5/20/2018 14:00,485,0.385,0.461,0.49,0.375,0.445,0.474,0.461,0.437
5/20/2018 14:30,486,0.389,0.462,0.492,0.378,0.447,0.477,0.467,0.44
5/20/2018 15:00,487,0.395,0.464,0.496,0.381,0.449,0.478,0.477,0.447
5/20/2018 15:30,488,0.396,0.464,0.495,0.381,0.45,0.479,0.476,0.449
5/20/2018 16:00,489,0.389,0.461,0.491,0.379,0.447,0.475,0.475,0.447
5/20/2018 16:30,490,0.39,0.461,0.489,0.379,0.447,0.474,0.477,0.448
5/20/2018 17:00,491,0.391,0.462,0.49,0.383,0.447,0.475,0.484,0.451
5/20/2018 17:30,492,0.395,0.462,0.491,0.384,0.446,0.476,0.488,0.456
5/20/2018 18:00,493,0.411,0.468,0.497,0.393,0.45,0.481,0.497,0.469
5/20/2018 18:30,494,0.425,0.472,0.503,0.401,0.453,0.487,0.51,0.481
5/20/2018 19:00,495,0.447,0.493,0.529,0.43,0.481,0.523,0.536,0.501
5/20/2018 19:30,496,0.461,0.515,0.546,0.45,0.513,0.546,0.557,0.515
5/20/2018 20:00,497,0.472,0.536,0.564,0.473,0.537,0.566,0.575,0.528
5/20/2018 20:30,498,0.478,0.547,0.569,0.487,0.549,0.577,0.591,0.535
5/20/2018 21:00,499,0.482,0.557,0.582,0.498,0.559,0.588,0.595,0.541
5/20/2018 21:30,500,0.484,0.563,0.585,0.505,0.566,0.593,0.6,0.544
5/20/2018 22:00,501,0.486,0.567,0.587,0.511,0.569,0.595,0.602,0.546
5/20/2018 22:30,502,0.488,0.57,0.592,0.518,0.573,0.598,0.607,0.55
5/20/2018 23:00,503,0.491,0.573,0.595,0.525,0.576,0.599,0.614,0.555
5/20/2018 23:30,504,0.493,0.575,0.595,0.531,0.579,0.601,0.617,0.558
5/21/2018 0:00,505,0.493,0.576,0.597,0.537,0.581,0.602,0.62,0.559
5/21/2018 0:30,506,0.493,0.578,0.598,0.541,0.583,0.602,0.622,0.561
5/21/2018 1:00,507,0.493,0.578,0.6,0.546,0.583,0.603,0.626,0.563
5/21/2018 1:30,508,0.494,0.579,0.599,0.55,0.585,0.603,0.625,0.566
5/21/2018 2:00,509,0.494,0.582,0.599,0.554,0.585,0.603,0.627,0.569
5/21/2018 2:30,510,0.494,0.583,0.599,0.557,0.585,0.604,0.627,0.572
5/21/2018 3:00,511,0.493,0.586,0.596,0.56,0.582,0.602,0.62,0.568
5/21/2018 3:30,512,0.491,0.587,0.593,0.562,0.58,0.601,0.614,0.567
5/21/2018 4:00,513,0.491,0.585,0.591,0.565,0.58,0.604,0.612,0.567
5/21/2018 4:30,514,0.492,0.588,0.592,0.567,0.58,0.606,0.612,0.571
5/21/2018 5:00,515,0.495,0.589,0.604,0.569,0.583,0.607,0.617,0.586
5/21/2018 5:30,516,0.499,0.591,0.605,0.569,0.585,0.606,0.625,0.598
5/21/2018 6:00,517,0.501,0.591,0.604,0.57,0.587,0.607,0.628,0.601
5/21/2018 6:30,518,0.502,0.59,0.598,0.572,0.588,0.608,0.627,0.598
5/21/2018 7:00,519,0.498,0.577,0.587,0.569,0.586,0.608,0.629,0.603
5/21/2018 7:30,520,0.482,0.553,0.559,0.548,0.569,0.601,0.623,0.596
5/21/2018 8:00,521,0.463,0.531,0.533,0.507,0.537,0.581,0.615,0.591
5/21/2018 8:30,522,0.453,0.521,0.52,0.487,0.514,0.561,0.609,0.586
5/21/2018 9:00,523,0.444,0.511,0.512,0.471,0.495,0.54,0.606,0.583
5/21/2018 9:30,524,0.437,0.504,0.508,0.46,0.481,0.526,0.6,0.578
5/21/2018 10:00,525,0.429,0.498,0.502,0.453,0.471,0.518,0.589,0.565
5/21/2018 10:30,526,0.423,0.495,0.501,0.448,0.464,0.509,0.575,0.551
5/21/2018 11:00,527,0.417,0.492,0.499,0.447,0.461,0.508,0.546,0.533
5/21/2018 11:30,528,0.411,0.489,0.497,0.447,0.458,0.506,0.511,0.516
5/21/2018 12:00,529,0.411,0.487,0.496,0.447,0.455,0.5,0.491,0.506
5/21/2018 12:30,530,0.409,0.487,0.495,0.447,0.453,0.495,0.475,0.499
5/21/2018 13:00,531,0.409,0.489,0.495,0.446,0.45,0.491,0.471,0.496
5/21/2018 13:30,532,0.405,0.487,0.494,0.447,0.449,0.492,0.467,0.493
5/21/2018 14:00,533,0.404,0.487,0.494,0.448,0.448,0.491,0.471,0.494
5/21/2018 14:30,534,0.404,0.487,0.494,0.449,0.449,0.492,0.472,0.494
5/21/2018 15:00,535,0.405,0.488,0.496,0.45,0.449,0.492,0.478,0.5
5/21/2018 15:30,536,0.405,0.488,0.495,0.452,0.452,0.491,0.478,0.503
5/21/2018 16:00,537,0.407,0.488,0.495,0.456,0.453,0.493,0.483,0.506
5/21/2018 16:30,538,0.409,0.491,0.496,0.462,0.453,0.495,0.491,0.511
5/21/2018 17:00,539,0.414,0.494,0.499,0.469,0.456,0.5,0.499,0.518
5/21/2018 17:30,540,0.422,0.498,0.504,0.475,0.458,0.505,0.508,0.529
5/21/2018 18:00,541,0.436,0.504,0.514,0.485,0.464,0.513,0.517,0.544
5/21/2018 18:30,542,0.451,0.513,0.527,0.493,0.473,0.522,0.531,0.559
5/21/2018 19:00,543,0.465,0.524,0.542,0.504,0.483,0.534,0.554,0.575
5/21/2018 19:30,544,0.479,0.537,0.557,0.52,0.501,0.551,0.574,0.59
5/21/2018 20:00,545,0.491,0.556,0.57,0.54,0.529,0.573,0.588,0.602
5/21/2018 20:30,546,0.501,0.573,0.585,0.557,0.553,0.591,0.602,0.612
5/21/2018 21:00,547,0.508,0.583,0.594,0.567,0.568,0.601,0.611,0.619
5/21/2018 21:30,548,0.511,0.588,0.6,0.572,0.575,0.606,0.616,0.624
5/21/2018 22:00,549,0.514,0.591,0.606,0.576,0.58,0.608,0.62,0.629
5/21/2018 22:30,550,0.516,0.595,0.606,0.578,0.583,0.61,0.624,0.631
5/21/2018 23:00,551,0.517,0.596,0.607,0.58,0.585,0.611,0.627,0.634
5/21/2018 23:30,552,0.519,0.597,0.607,0.582,0.588,0.613,0.629,0.635
5/22/2018 0:00,553,0.521,0.598,0.605,0.584,0.589,0.614,0.63,0.636
5/22/2018 0:30,554,0.522,0.599,0.607,0.585,0.59,0.615,0.63,0.638
5/22/2018 1:00,555,0.524,0.599,0.608,0.586,0.591,0.616,0.633,0.639
5/22/2018 1:30,556,0.525,0.601,0.607,0.587,0.592,0.617,0.634,0.641
5/22/2018 2:00,557,0.525,0.601,0.609,0.587,0.592,0.617,0.634,0.641
5/22/2018 2:30,558,0.526,0.603,0.608,0.588,0.593,0.617,0.634,0.641
5/22/2018 3:00,559,0.526,0.602,0.609,0.588,0.593,0.617,0.636,0.64
5/22/2018 3:30,560,0.526,0.601,0.609,0.588,0.593,0.616,0.635,0.641
5/22/2018 4:00,561,0.527,0.601,0.607,0.587,0.592,0.616,0.635,0.641
5/22/2018 4:30,562,0.527,0.601,0.611,0.587,0.592,0.616,0.635,0.641
5/22/2018 5:00,563,0.528,0.602,0.61,0.588,0.592,0.616,0.637,0.64
5/22/2018 5:30,564,0.528,0.602,0.607,0.587,0.592,0.615,0.637,0.64
5/22/2018 6:00,565,0.529,0.602,0.605,0.587,0.591,0.615,0.637,0.641
5/22/2018 6:30,566,0.529,0.602,0.605,0.587,0.591,0.615,0.639,0.639
5/22/2018 7:00,567,0.528,0.601,0.608,0.585,0.59,0.615,0.639,0.641
5/22/2018 7:30,568,0.527,0.598,0.607,0.583,0.589,0.615,0.638,0.641
5/22/2018 8:00,569,0.526,0.595,0.606,0.58,0.589,0.614,0.637,0.64
5/22/2018 8:30,570,0.523,0.59,0.602,0.575,0.587,0.613,0.636,0.639
5/22/2018 9:00,571,0.516,0.58,0.594,0.563,0.582,0.607,0.635,0.637
5/22/2018 9:30,572,0.497,0.561,0.574,0.536,0.568,0.589,0.631,0.632
5/22/2018 10:00,573,0.474,0.54,0.55,0.505,0.541,0.563,0.625,0.618
5/22/2018 10:30,574,0.483,0.547,0.553,0.513,0.537,0.567,0.619,0.612
5/22/2018 11:00,575,0.505,0.568,0.578,0.537,0.556,0.584,0.624,0.623
5/22/2018 11:30,576,0.51,0.569,0.582,0.54,0.56,0.583,0.626,0.627
5/22/2018 12:00,577,0.51,0.566,0.582,0.54,0.559,0.579,0.627,0.628
5/22/2018 12:30,578,0.513,0.574,0.588,0.549,0.565,0.587,0.625,0.63
5/22/2018 13:00,579,0.519,0.582,0.598,0.559,0.571,0.594,0.628,0.633
5/22/2018 13:30,580,0.518,0.58,0.595,0.554,0.569,0.591,0.629,0.633
5/22/2018 14:00,581,0.507,0.56,0.574,0.526,0.549,0.568,0.627,0.63
5/22/2018 14:30,582,0.483,0.535,0.551,0.497,0.516,0.541,0.623,0.623
5/22/2018 15:00,583,0.472,0.526,0.541,0.487,0.504,0.533,0.618,0.616
5/22/2018 15:30,584,0.458,0.518,0.532,0.478,0.491,0.52,0.61,0.606
5/22/2018 16:00,585,0.437,0.504,0.513,0.466,0.471,0.5,0.594,0.586
5/22/2018 16:30,586,0.435,0.501,0.511,0.468,0.465,0.497,0.578,0.573
5/22/2018 17:00,587,0.433,0.5,0.508,0.471,0.465,0.5,0.555,0.557
5/22/2018 17:30,588,0.465,0.53,0.539,0.504,0.507,0.545,0.559,0.573
5/22/2018 18:00,589,0.492,0.561,0.569,0.54,0.544,0.575,0.57,0.591
5/22/2018 18:30,590,0.51,0.58,0.591,0.56,0.564,0.59,0.59,0.611
5/22/2018 19:00,591,0.518,0.589,0.602,0.571,0.573,0.598,0.61,0.624
5/22/2018 19:30,592,0.522,0.592,0.609,0.575,0.578,0.601,0.615,0.632
5/22/2018 20:00,593,0.523,0.593,0.609,0.577,0.58,0.602,0.615,0.634
5/22/2018 20:30,594,0.523,0.594,0.609,0.577,0.581,0.603,0.61,0.631
5/22/2018 21:00,595,0.524,0.594,0.608,0.577,0.583,0.603,0.611,0.591
5/22/2018 21:30,596,0.525,0.594,0.609,0.577,0.584,0.603,0.615,0.584
5/22/2018 22:00,597,0.525,0.594,0.608,0.577,0.584,0.603,0.618,0.584
5/22/2018 22:30,598,0.525,0.594,0.606,0.577,0.584,0.603,0.62,0.584
5/22/2018 23:00,599,0.526,0.595,0.61,0.577,0.585,0.604,0.622,0.586
5/22/2018 23:30,600,0.526,0.594,0.604,0.577,0.585,0.604,0.622,0.584
5/23/2018 0:00,601,0.526,0.594,0.605,0.576,0.585,0.604,0.621,0.585
5/23/2018 0:30,602,0.526,0.592,0.607,0.577,0.583,0.603,0.619,0.587
5/23/2018 1:00,603,0.526,0.593,0.607,0.577,0.583,0.603,0.619,0.587
5/23/2018 1:30,604,0.526,0.593,0.606,0.577,0.582,0.603,0.619,0.587
5/23/2018 2:00,605,0.526,0.592,0.605,0.576,0.582,0.602,0.618,0.587
5/23/2018 2:30,606,0.524,0.591,0.605,0.575,0.581,0.6,0.616,0.584
5/23/2018 3:00,607,0.525,0.591,0.607,0.575,0.58,0.601,0.62,0.588
5/23/2018 3:30,608,0.526,0.589,0.609,0.576,0.58,0.601,0.62,0.587
5/23/2018 4:00,609,0.527,0.588,0.608,0.577,0.581,0.602,0.621,0.587
5/23/2018 4:30,610,0.527,0.589,0.605,0.577,0.58,0.601,0.621,0.586
5/23/2018 5:00,611,0.527,0.588,0.609,0.576,0.581,0.601,0.622,0.588
5/23/2018 5:30,612,0.527,0.588,0.609,0.577,0.581,0.601,0.627,0.59
5/23/2018 6:00,613,0.528,0.588,0.608,0.577,0.581,0.601,0.629,0.591
5/23/2018 6:30,614,0.529,0.588,0.606,0.577,0.582,0.601,0.629,0.59
5/23/2018 7:00,615,0.529,0.588,0.608,0.577,0.582,0.601,0.63,0.59
5/23/2018 7:30,616,0.528,0.587,0.608,0.576,0.581,0.601,0.629,0.59
5/23/2018 8:00,617,0.526,0.584,0.607,0.574,0.58,0.601,0.623,0.588
5/23/2018 8:30,618,0.525,0.565,0.594,0.56,0.577,0.593,0.62,0.587
5/23/2018 9:00,619,0.517,0.528,0.559,0.506,0.547,0.565,0.618,0.584
5/23/2018 9:30,620,0.482,0.501,0.518,0.46,0.489,0.521,0.61,0.568
5/23/2018 10:00,621,0.454,0.49,0.504,0.447,0.466,0.502,0.59,0.544
5/23/2018 10:30,622,0.432,0.484,0.496,0.445,0.455,0.492,0.555,0.514
5/23/2018 11:00,623,0.428,0.483,0.494,0.447,0.451,0.489,0.51,0.49
5/23/2018 11:30,624,0.427,0.485,0.497,0.449,0.45,0.489,0.483,0.48
5/23/2018 12:00,625,0.42,0.484,0.492,0.447,0.448,0.484,0.468,0.471
5/23/2018 12:30,626,0.422,0.486,0.495,0.451,0.45,0.486,0.467,0.471
5/23/2018 13:00,627,0.428,0.491,0.501,0.458,0.454,0.493,0.47,0.475
5/23/2018 13:30,628,0.426,0.49,0.499,0.459,0.456,0.494,0.472,0.475
5/23/2018 14:00,629,0.421,0.485,0.492,0.451,0.447,0.485,0.463,0.468
5/23/2018 14:30,630,0.419,0.483,0.489,0.449,0.442,0.483,0.457,0.465
5/23/2018 15:00,631,0.419,0.485,0.491,0.45,0.443,0.485,0.456,0.467
5/23/2018 15:30,632,0.417,0.483,0.487,0.448,0.442,0.482,0.452,0.466
5/23/2018 16:00,633,0.419,0.485,0.489,0.451,0.443,0.484,0.457,0.471
5/23/2018 16:30,634,0.425,0.489,0.493,0.459,0.448,0.49,0.467,0.481
5/23/2018 17:00,635,0.431,0.492,0.495,0.464,0.451,0.494,0.476,0.489
5/23/2018 17:30,636,0.438,0.495,0.497,0.468,0.451,0.497,0.481,0.497
5/23/2018 18:00,637,0.454,0.504,0.505,0.481,0.459,0.51,0.49,0.508
5/23/2018 18:30,638,0.472,0.51,0.513,0.485,0.46,0.513,0.504,0.524
5/23/2018 19:00,639,0.488,0.522,0.531,0.496,0.468,0.532,0.53,0.543
5/23/2018 19:30,640,0.501,0.536,0.551,0.515,0.486,0.547,0.557,0.565
5/23/2018 20:00,641,0.512,0.552,0.567,0.537,0.514,0.567,0.577,0.582
5/23/2018 20:30,642,0.521,0.572,0.58,0.555,0.542,0.588,0.593,0.591
5/23/2018 21:00,643,0.527,0.586,0.591,0.567,0.559,0.602,0.602,0.599
5/23/2018 21:30,644,0.531,0.593,0.596,0.574,0.569,0.608,0.608,0.607
5/23/2018 22:00,645,0.535,0.596,0.597,0.578,0.575,0.613,0.612,0.61
5/23/2018 22:30,646,0.536,0.6,0.595,0.58,0.579,0.616,0.615,0.612
5/23/2018 23:00,647,0.538,0.602,0.596,0.582,0.581,0.617,0.618,0.616
5/23/2018 23:30,648,0.539,0.602,0.599,0.583,0.583,0.618,0.62,0.618
5/24/2018 0:00,649,0.541,0.604,0.598,0.585,0.584,0.62,0.624,0.622
5/24/2018 0:30,650,0.542,0.604,0.597,0.586,0.586,0.621,0.626,0.624
5/24/2018 1:00,651,0.542,0.605,0.597,0.586,0.587,0.621,0.627,0.625
5/24/2018 1:30,652,0.543,0.608,0.597,0.587,0.588,0.622,0.628,0.627
5/24/2018 2:00,653,0.543,0.608,0.595,0.588,0.589,0.622,0.628,0.627
5/24/2018 2:30,654,0.543,0.609,0.598,0.587,0.59,0.622,0.63,0.628
5/24/2018 3:00,655,0.543,0.609,0.598,0.587,0.59,0.621,0.631,0.629
5/24/2018 3:30,656,0.543,0.609,0.595,0.587,0.591,0.622,0.631,0.63
5/24/2018 4:00,657,0.544,0.609,0.595,0.587,0.591,0.622,0.629,0.63
5/24/2018 4:30,658,0.544,0.609,0.594,0.587,0.591,0.622,0.629,0.631
5/24/2018 5:00,659,0.544,0.61,0.594,0.586,0.592,0.622,0.628,0.63
5/24/2018 5:30,660,0.544,0.611,0.595,0.586,0.592,0.621,0.628,0.63
5/24/2018 6:00,661,0.545,0.61,0.595,0.585,0.592,0.621,0.628,0.631
5/24/2018 6:30,662,0.543,0.605,0.592,0.583,0.593,0.622,0.628,0.633
5/24/2018 7:00,663,0.536,0.591,0.58,0.579,0.588,0.62,0.63,0.633
5/24/2018 7:30,664,0.513,0.557,0.545,0.548,0.564,0.607,0.627,0.629
5/24/2018 8:00,665,0.492,0.531,0.525,0.502,0.523,0.58,0.624,0.626
5/24/2018 8:30,666,0.479,0.519,0.522,0.48,0.5,0.555,0.619,0.62
5/24/2018 9:00,667,0.465,0.509,0.513,0.466,0.484,0.533,0.599,0.602
5/24/2018 9:30,668,0.452,0.499,0.502,0.456,0.465,0.512,0.562,0.572
5/24/2018 10:00,669,0.442,0.493,0.497,0.449,0.456,0.503,0.525,0.542
5/24/2018 10:30,670,0.433,0.489,0.491,0.445,0.45,0.496,0.496,0.517
5/24/2018 11:00,671,0.427,0.488,0.491,0.444,0.446,0.492,0.479,0.501
5/24/2018 11:30,672,0.422,0.486,0.491,0.443,0.444,0.49,0.466,0.491
5/24/2018 12:00,673,0.417,0.485,0.489,0.442,0.442,0.486,0.456,0.485
5/24/2018 12:30,674,0.414,0.484,0.486,0.443,0.44,0.483,0.447,0.478
5/24/2018 13:00,675,0.412,0.484,0.486,0.444,0.439,0.482,0.447,0.478
5/24/2018 13:30,676,0.412,0.484,0.486,0.445,0.437,0.48,0.45,0.479
5/24/2018 14:00,677,0.411,0.484,0.488,0.446,0.436,0.479,0.455,0.48
5/24/2018 14:30,678,0.409,0.484,0.489,0.446,0.437,0.479,0.456,0.483
5/24/2018 15:00,679,0.411,0.484,0.489,0.447,0.436,0.479,0.46,0.487
5/24/2018 15:30,680,0.412,0.485,0.489,0.449,0.439,0.479,0.46,0.491
5/24/2018 16:00,681,0.414,0.487,0.489,0.453,0.439,0.48,0.465,0.494
5/24/2018 16:30,682,0.418,0.49,0.491,0.459,0.44,0.482,0.475,0.499
5/24/2018 17:00,683,0.424,0.492,0.494,0.464,0.442,0.487,0.482,0.506
5/24/2018 17:30,684,0.434,0.495,0.497,0.468,0.444,0.49,0.49,0.517
5/24/2018 18:00,685,0.452,0.503,0.506,0.476,0.447,0.498,0.497,0.532
5/24/2018 18:30,686,0.47,0.51,0.518,0.48,0.454,0.506,0.508,0.547
5/24/2018 19:00,687,0.486,0.52,0.534,0.49,0.463,0.521,0.535,0.565
5/24/2018 19:30,688,0.5,0.534,0.547,0.506,0.479,0.536,0.562,0.583
5/24/2018 20:00,689,0.513,0.551,0.562,0.528,0.505,0.557,0.581,0.598
5/24/2018 20:30,690,0.524,0.57,0.574,0.547,0.534,0.579,0.597,0.613
5/24/2018 21:00,691,0.532,0.585,0.584,0.563,0.555,0.597,0.607,0.622
5/24/2018 21:30,692,0.538,0.596,0.587,0.572,0.566,0.606,0.614,0.628
5/24/2018 22:00,693,0.54,0.6,0.591,0.578,0.573,0.61,0.619,0.633
5/24/2018 22:30,694,0.542,0.603,0.594,0.581,0.577,0.613,0.623,0.636
5/24/2018 23:00,695,0.544,0.607,0.594,0.583,0.58,0.615,0.626,0.638
5/24/2018 23:30,696,0.545,0.609,0.595,0.584,0.582,0.616,0.629,0.639
5/25/2018 0:00,697,0.545,0.611,0.598,0.585,0.583,0.617,0.632,0.642
5/25/2018 0:30,698,0.546,0.611,0.601,0.585,0.585,0.617,0.633,0.644
5/25/2018 1:00,699,0.547,0.612,0.599,0.588,0.587,0.618,0.635,0.644
5/25/2018 1:30,700,0.547,0.613,0.6,0.589,0.588,0.619,0.636,0.645
5/25/2018 2:00,701,0.547,0.612,0.6,0.588,0.589,0.618,0.637,0.648
5/25/2018 2:30,702,0.547,0.612,0.603,0.588,0.59,0.618,0.637,0.649
5/25/2018 3:00,703,0.547,0.614,0.602,0.589,0.59,0.617,0.637,0.649
5/25/2018 3:30,704,0.547,0.614,0.605,0.589,0.59,0.617,0.639,0.65
5/25/2018 4:00,705,0.547,0.612,0.604,0.589,0.591,0.616,0.639,0.649
5/25/2018 4:30,706,0.547,0.611,0.603,0.588,0.59,0.616,0.638,0.648
5/25/2018 5:00,707,0.546,0.611,0.603,0.587,0.59,0.615,0.638,0.646
5/25/2018 5:30,708,0.546,0.61,0.603,0.586,0.59,0.614,0.638,0.645
5/25/2018 6:00,709,0.545,0.609,0.603,0.584,0.59,0.614,0.638,0.645
5/25/2018 6:30,710,0.545,0.607,0.603,0.583,0.589,0.613,0.639,0.644
5/25/2018 7:00,711,0.543,0.604,0.598,0.58,0.588,0.612,0.638,0.642
5/25/2018 7:30,712,0.536,0.586,0.584,0.572,0.582,0.61,0.637,0.641
5/25/2018 8:00,713,0.516,0.552,0.554,0.531,0.558,0.595,0.631,0.638
5/25/2018 8:30,714,0.487,0.526,0.53,0.485,0.519,0.565,0.622,0.633
5/25/2018 9:00,715,0.467,0.512,0.521,0.465,0.492,0.539,0.606,0.623
5/25/2018 9:30,716,0.449,0.5,0.511,0.452,0.472,0.518,0.576,0.603
5/25/2018 10:00,717,0.436,0.492,0.501,0.443,0.46,0.504,0.54,0.57
5/25/2018 10:30,718,0.426,0.487,0.496,0.439,0.451,0.495,0.507,0.539
5/25/2018 11:00,719,0.418,0.483,0.491,0.436,0.443,0.487,0.481,0.512
5/25/2018 11:30,720,0.412,0.479,0.488,0.435,0.439,0.48,0.46,0.496
5/25/2018 12:00,721,0.409,0.478,0.487,0.435,0.437,0.476,0.449,0.485
5/25/2018 12:30,722,0.407,0.478,0.486,0.435,0.437,0.473,0.444,0.482
5/25/2018 13:00,723,0.405,0.477,0.486,0.436,0.435,0.472,0.442,0.477
5/25/2018 13:30,724,0.405,0.478,0.486,0.436,0.435,0.47,0.445,0.478
5/25/2018 14:00,725,0.405,0.479,0.487,0.437,0.434,0.47,0.449,0.482
5/25/2018 14:30,726,0.403,0.478,0.487,0.437,0.434,0.471,0.45,0.483
5/25/2018 15:00,727,0.402,0.476,0.486,0.437,0.434,0.47,0.45,0.484
5/25/2018 15:30,728,0.402,0.476,0.484,0.437,0.434,0.469,0.449,0.484
5/25/2018 16:00,729,0.405,0.478,0.484,0.441,0.435,0.471,0.453,0.487
5/25/2018 16:30,730,0.407,0.48,0.485,0.446,0.437,0.473,0.462,0.493
5/25/2018 17:00,731,0.416,0.487,0.491,0.458,0.443,0.484,0.477,0.503
5/25/2018 17:30,732,0.426,0.49,0.495,0.463,0.445,0.485,0.491,0.518
5/25/2018 18:00,733,0.44,0.493,0.5,0.467,0.445,0.489,0.501,0.535
5/25/2018 18:30,734,0.462,0.503,0.51,0.474,0.453,0.503,0.512,0.551
5/25/2018 19:00,735,0.482,0.519,0.527,0.486,0.467,0.521,0.539,0.571
5/25/2018 19:30,736,0.498,0.533,0.546,0.506,0.484,0.539,0.568,0.591
5/25/2018 20:00,737,0.512,0.552,0.562,0.525,0.511,0.558,0.586,0.608
5/25/2018 20:30,738,0.523,0.573,0.577,0.545,0.541,0.581,0.6,0.619
5/25/2018 21:00,739,0.529,0.586,0.59,0.559,0.559,0.595,0.608,0.626
5/25/2018 21:30,740,0.533,0.592,0.599,0.566,0.569,0.601,0.615,0.631
5/25/2018 22:00,741,0.535,0.595,0.603,0.57,0.574,0.604,0.619,0.635
5/25/2018 22:30,742,0.537,0.597,0.603,0.573,0.578,0.606,0.622,0.637
5/25/2018 23:00,743,0.539,0.599,0.608,0.576,0.58,0.607,0.625,0.639
5/25/2018 23:30,744,0.54,0.6,0.609,0.577,0.582,0.608,0.627,0.64
5/26/2018 0:00,745,0.54,0.6,0.611,0.578,0.583,0.608,0.629,0.642
5/26/2018 0:30,746,0.541,0.602,0.611,0.579,0.584,0.609,0.63,0.642
5/26/2018 1:00,747,0.541,0.601,0.61,0.579,0.585,0.609,0.631,0.643
5/26/2018 1:30,748,0.541,0.602,0.609,0.579,0.585,0.609,0.631,0.643
5/26/2018 2:00,749,0.541,0.601,0.61,0.578,0.585,0.609,0.628,0.643
5/26/2018 2:30,750,0.54,0.6,0.61,0.576,0.584,0.609,0.625,0.642
5/26/2018 3:00,751,0.54,0.6,0.607,0.575,0.584,0.609,0.625,0.641
5/26/2018 3:30,752,0.54,0.6,0.608,0.575,0.584,0.609,0.624,0.64
5/26/2018 4:00,753,0.539,0.6,0.611,0.574,0.583,0.609,0.622,0.641
5/26/2018 4:30,754,0.539,0.599,0.61,0.573,0.583,0.608,0.621,0.641
5/26/2018 5:00,755,0.54,0.599,0.608,0.573,0.584,0.608,0.621,0.64
5/26/2018 5:30,756,0.54,0.599,0.607,0.573,0.584,0.608,0.621,0.639
5/26/2018 6:00,757,0.54,0.599,0.608,0.574,0.584,0.608,0.622,0.64
5/26/2018 6:30,758,0.54,0.598,0.605,0.572,0.584,0.608,0.622,0.64
5/26/2018 7:00,759,0.538,0.589,0.591,0.568,0.581,0.607,0.624,0.639
5/26/2018 7:30,760,0.528,0.563,0.567,0.547,0.567,0.6,0.62,0.636
5/26/2018 8:00,761,0.505,0.539,0.544,0.51,0.542,0.581,0.615,0.63
5/26/2018 8:30,762,0.48,0.521,0.529,0.484,0.518,0.555,0.603,0.617
5/26/2018 9:00,763,0.46,0.507,0.516,0.464,0.493,0.528,0.578,0.593
5/26/2018 9:30,764,0.444,0.493,0.503,0.446,0.467,0.504,0.55,0.571
5/26/2018 10:00,765,0.432,0.485,0.496,0.438,0.45,0.491,0.523,0.547
5/26/2018 10:30,766,0.423,0.48,0.493,0.434,0.443,0.484,0.503,0.527
5/26/2018 11:00,767,0.417,0.479,0.489,0.433,0.439,0.481,0.482,0.509
5/26/2018 11:30,768,0.412,0.477,0.489,0.432,0.437,0.477,0.465,0.498
5/26/2018 12:00,769,0.407,0.475,0.486,0.43,0.435,0.472,0.455,0.488
5/26/2018 12:30,770,0.403,0.473,0.484,0.429,0.434,0.468,0.448,0.481
5/26/2018 13:00,771,0.4,0.472,0.484,0.428,0.432,0.466,0.448,0.48
5/26/2018 13:30,772,0.399,0.471,0.482,0.428,0.43,0.464,0.45,0.478
5/26/2018 14:00,773,0.397,0.47,0.482,0.429,0.429,0.464,0.452,0.478
5/26/2018 14:30,774,0.397,0.471,0.482,0.429,0.432,0.465,0.455,0.48
5/26/2018 15:00,775,0.398,0.471,0.482,0.429,0.432,0.465,0.456,0.484
5/26/2018 15:30,776,0.399,0.471,0.484,0.43,0.432,0.465,0.461,0.488
5/26/2018 16:00,777,0.413,0.482,0.496,0.443,0.444,0.481,0.475,0.502
5/26/2018 16:30,778,0.443,0.512,0.522,0.474,0.479,0.521,0.505,0.526
5/26/2018 17:00,779,0.459,0.526,0.537,0.489,0.499,0.534,0.527,0.545
5/26/2018 17:30,780,0.463,0.524,0.536,0.486,0.496,0.531,0.536,0.555
5/26/2018 18:00,781,0.481,0.531,0.542,0.496,0.505,0.542,0.556,0.573
5/26/2018 18:30,782,0.504,0.551,0.554,0.521,0.528,0.568,0.579,0.594
5/26/2018 19:00,783,0.517,0.567,0.562,0.54,0.545,0.585,0.599,0.611
5/26/2018 19:30,784,0.524,0.576,0.573,0.55,0.555,0.594,0.609,0.62
5/26/2018 20:00,785,0.528,0.581,0.579,0.555,0.561,0.598,0.614,0.626
5/26/2018 20:30,786,0.533,0.587,0.592,0.564,0.567,0.603,0.62,0.632
5/26/2018 21:00,787,0.536,0.594,0.597,0.57,0.574,0.606,0.625,0.637
5/26/2018 21:30,788,0.537,0.597,0.597,0.573,0.578,0.607,0.63,0.639
5/26/2018 22:00,789,0.538,0.598,0.604,0.574,0.581,0.607,0.633,0.641
5/26/2018 22:30,790,0.539,0.597,0.609,0.575,0.582,0.607,0.634,0.642
5/26/2018 23:00,791,0.539,0.596,0.605,0.576,0.583,0.607,0.635,0.645
5/26/2018 23:30,792,0.54,0.597,0.607,0.576,0.584,0.607,0.636,0.645
5/27/2018 0:00,793,0.54,0.598,0.61,0.577,0.584,0.607,0.637,0.644
5/27/2018 0:30,794,0.54,0.598,0.611,0.577,0.585,0.607,0.638,0.645
5/27/2018 1:00,795,0.541,0.598,0.611,0.578,0.585,0.607,0.639,0.646
5/27/2018 1:30,796,0.541,0.599,0.609,0.578,0.586,0.607,0.639,0.646
5/27/2018 2:00,797,0.541,0.598,0.612,0.578,0.586,0.607,0.639,0.647
5/27/2018 2:30,798,0.541,0.596,0.61,0.578,0.586,0.607,0.639,0.647
5/27/2018 3:00,799,0.542,0.597,0.611,0.578,0.586,0.607,0.64,0.647
5/27/2018 3:30,800,0.542,0.597,0.61,0.578,0.586,0.607,0.64,0.648
5/27/2018 4:00,801,0.541,0.597,0.61,0.578,0.586,0.606,0.64,0.648
5/27/2018 4:30,802,0.542,0.596,0.61,0.577,0.586,0.606,0.641,0.647
5/27/2018 5:00,803,0.542,0.596,0.609,0.577,0.586,0.606,0.641,0.648
5/27/2018 5:30,804,0.541,0.596,0.609,0.576,0.585,0.605,0.641,0.646
5/27/2018 6:00,805,0.541,0.595,0.609,0.576,0.585,0.605,0.64,0.647
5/27/2018 6:30,806,0.541,0.595,0.611,0.575,0.585,0.605,0.64,0.646
5/27/2018 7:00,807,0.542,0.595,0.611,0.574,0.585,0.606,0.64,0.645
5/27/2018 7:30,808,0.541,0.592,0.606,0.572,0.583,0.607,0.639,0.645
5/27/2018 8:00,809,0.536,0.584,0.595,0.564,0.577,0.605,0.635,0.643
5/27/2018 8:30,810,0.524,0.572,0.58,0.546,0.567,0.598,0.631,0.639
5/27/2018 9:00,811,0.509,0.557,0.565,0.524,0.552,0.586,0.623,0.631
5/27/2018 9:30,812,0.48,0.524,0.54,0.479,0.513,0.547,0.605,0.616
5/27/2018 10:00,813,0.474,0.522,0.537,0.482,0.503,0.54,0.584,0.602
5/27/2018 10:30,814,0.462,0.514,0.527,0.474,0.49,0.526,0.563,0.583
5/27/2018 11:00,815,0.447,0.503,0.517,0.461,0.475,0.509,0.54,0.563
5/27/2018 11:30,816,0.429,0.489,0.503,0.441,0.453,0.489,0.515,0.54
5/27/2018 12:00,817,0.423,0.483,0.498,0.438,0.444,0.481,0.491,0.521
5/27/2018 12:30,818,0.427,0.487,0.502,0.445,0.448,0.488,0.485,0.517
5/27/2018 13:00,819,0.415,0.479,0.493,0.437,0.438,0.478,0.474,0.504
5/27/2018 13:30,820,0.407,0.474,0.486,0.433,0.431,0.471,0.463,0.492
5/27/2018 14:00,821,0.412,0.479,0.49,0.437,0.436,0.475,0.47,0.496
5/27/2018 14:30,822,0.413,0.481,0.491,0.439,0.439,0.477,0.476,0.5
5/27/2018 15:00,823,0.413,0.481,0.493,0.441,0.44,0.479,0.48,0.503
5/27/2018 15:30,824,0.439,0.503,0.516,0.462,0.465,0.507,0.505,0.527
5/27/2018 16:00,825,0.446,0.512,0.525,0.475,0.479,0.522,0.526,0.542
5/27/2018 16:30,826,0.454,0.516,0.53,0.479,0.485,0.529,0.531,0.55
5/27/2018 17:00,827,0.463,0.525,0.536,0.489,0.495,0.539,0.54,0.561
5/27/2018 17:30,828,0.475,0.538,0.54,0.514,0.51,0.561,0.552,0.576
5/27/2018 18:00,829,0.493,0.551,0.543,0.542,0.523,0.582,0.566,0.587
5/27/2018 18:30,830,0.513,0.571,0.561,0.558,0.542,0.596,0.589,0.606
5/27/2018 19:00,831,0.521,0.578,0.569,0.561,0.55,0.597,0.602,0.614
5/27/2018 19:30,832,0.526,0.583,0.575,0.564,0.556,0.6,0.607,0.618
5/27/2018 20:00,833,0.534,0.59,0.588,0.57,0.564,0.604,0.617,0.63
5/27/2018 20:30,834,0.536,0.594,0.599,0.574,0.571,0.606,0.621,0.635
5/27/2018 21:00,835,0.536,0.597,0.604,0.576,0.576,0.606,0.623,0.637
5/27/2018 21:30,836,0.535,0.597,0.598,0.577,0.578,0.606,0.62,0.598
5/27/2018 22:00,837,0.536,0.595,0.601,0.579,0.579,0.606,0.619,0.575
5/27/2018 22:30,838,0.538,0.595,0.597,0.581,0.579,0.608,0.616,0.579
5/27/2018 23:00,839,0.541,0.596,0.598,0.584,0.582,0.61,0.619,0.583
5/27/2018 23:30,840,0.544,0.599,0.594,0.586,0.582,0.612,0.621,0.581
5/28/2018 0:00,841,0.545,0.6,0.599,0.587,0.584,0.612,0.624,0.587
5/28/2018 0:30,842,0.546,0.601,0.594,0.588,0.584,0.613,0.625,0.584
5/28/2018 1:00,843,0.546,0.602,0.6,0.588,0.586,0.613,0.628,0.59
5/28/2018 1:30,844,0.547,0.602,0.604,0.587,0.587,0.613,0.631,0.597
5/28/2018 2:00,845,0.547,0.602,0.604,0.587,0.587,0.613,0.632,0.599
5/28/2018 2:30,846,0.547,0.602,0.601,0.587,0.588,0.613,0.635,0.596
5/28/2018 3:00,847,0.547,0.602,0.604,0.587,0.589,0.613,0.635,0.599
5/28/2018 3:30,848,0.547,0.601,0.6,0.587,0.589,0.613,0.636,0.596
5/28/2018 4:00,849,0.545,0.601,0.6,0.586,0.588,0.612,0.631,0.593
5/28/2018 4:30,850,0.544,0.599,0.599,0.585,0.587,0.612,0.626,0.589
5/28/2018 5:00,851,0.544,0.598,0.601,0.584,0.586,0.612,0.626,0.591
5/28/2018 5:30,852,0.543,0.598,0.602,0.583,0.586,0.611,0.623,0.595
5/28/2018 6:00,853,0.544,0.598,0.602,0.583,0.585,0.611,0.624,0.596
5/28/2018 6:30,854,0.545,0.598,0.605,0.582,0.586,0.611,0.631,0.606
5/28/2018 7:00,855,0.544,0.597,0.6,0.582,0.586,0.61,0.629,0.602
5/28/2018 7:30,856,0.543,0.596,0.603,0.581,0.586,0.61,0.626,0.606
5/28/2018 8:00,857,0.544,0.597,0.602,0.581,0.586,0.61,0.627,0.607
5/28/2018 8:30,858,0.544,0.597,0.603,0.58,0.587,0.61,0.627,0.609
5/28/2018 9:00,859,0.544,0.597,0.601,0.58,0.587,0.61,0.63,0.608
5/28/2018 9:30,860,0.545,0.598,0.604,0.58,0.586,0.61,0.632,0.613
5/28/2018 10:00,861,0.545,0.598,0.605,0.579,0.586,0.61,0.633,0.617
5/28/2018 10:30,862,0.545,0.598,0.6,0.58,0.586,0.611,0.633,0.612
5/28/2018 11:00,863,0.545,0.597,0.601,0.579,0.586,0.612,0.632,0.612
5/28/2018 11:30,864,0.546,0.598,0.602,0.579,0.586,0.613,0.631,0.615
5/28/2018 12:00,865,0.547,0.598,0.602,0.579,0.586,0.613,0.634,0.618
5/28/2018 12:30,866,0.544,0.595,0.599,0.572,0.581,0.611,0.634,0.623
5/28/2018 13:00,867,0.54,0.591,0.594,0.563,0.574,0.609,0.636,0.625
5/28/2018 13:30,868,0.538,0.587,0.589,0.559,0.571,0.609,0.637,0.621
5/28/2018 14:00,869,0.533,0.579,0.581,0.549,0.563,0.604,0.634,0.62
5/28/2018 14:30,870,0.53,0.577,0.578,0.543,0.558,0.6,0.635,0.623
5/28/2018 15:00,871,0.528,0.573,0.576,0.538,0.554,0.597,0.635,0.625
5/28/2018 15:30,872,0.518,0.563,0.565,0.526,0.543,0.586,0.63,0.622
5/28/2018 16:00,873,0.51,0.556,0.56,0.517,0.533,0.578,0.626,0.62
5/28/2018 16:30,874,0.504,0.551,0.556,0.511,0.525,0.571,0.619,0.616
5/28/2018 17:00,875,0.502,0.55,0.554,0.512,0.524,0.57,0.612,0.609
5/28/2018 17:30,876,0.512,0.561,0.565,0.527,0.537,0.582,0.612,0.615
5/28/2018 18:00,877,0.521,0.57,0.574,0.54,0.547,0.59,0.614,0.619
5/28/2018 18:30,878,0.528,0.578,0.582,0.552,0.556,0.597,0.617,0.621
5/28/2018 19:00,879,0.534,0.586,0.591,0.563,0.566,0.603,0.62,0.624
5/28/2018 19:30,880,0.538,0.59,0.598,0.569,0.572,0.607,0.624,0.627
5/28/2018 20:00,881,0.541,0.594,0.603,0.573,0.576,0.609,0.627,0.629
5/28/2018 20:30,882,0.543,0.597,0.606,0.575,0.58,0.61,0.629,0.631
5/28/2018 21:00,883,0.545,0.598,0.608,0.577,0.583,0.61,0.632,0.633
5/28/2018 21:30,884,0.545,0.599,0.611,0.577,0.585,0.609,0.633,0.634
5/28/2018 22:00,885,0.545,0.599,0.613,0.576,0.585,0.608,0.634,0.635
5/28/2018 22:30,886,0.544,0.599,0.613,0.576,0.585,0.608,0.634,0.634
5/28/2018 23:00,887,0.544,0.599,0.613,0.575,0.585,0.608,0.634,0.634
5/28/2018 23:30,888,0.544,0.598,0.613,0.574,0.586,0.608,0.634,0.635
5/29/2018 0:00,889,0.544,0.598,0.613,0.574,0.585,0.607,0.634,0.635
5/29/2018 0:30,890,0.543,0.597,0.614,0.574,0.585,0.607,0.633,0.635
5/29/2018 1:00,891,0.543,0.597,0.612,0.573,0.584,0.606,0.633,0.635
5/29/2018 1:30,892,0.543,0.597,0.614,0.573,0.584,0.605,0.634,0.636
5/29/2018 2:00,893,0.542,0.596,0.609,0.574,0.584,0.604,0.634,0.635
5/29/2018 2:30,894,0.542,0.595,0.61,0.573,0.583,0.604,0.632,0.634
5/29/2018 3:00,895,0.541,0.595,0.609,0.573,0.582,0.603,0.633,0.635
5/29/2018 3:30,896,0.541,0.593,0.609,0.572,0.582,0.603,0.633,0.635
5/29/2018 4:00,897,0.541,0.592,0.608,0.571,0.582,0.602,0.633,0.636
5/29/2018 4:30,898,0.54,0.591,0.609,0.571,0.581,0.602,0.632,0.634
5/29/2018 5:00,899,0.54,0.591,0.61,0.571,0.581,0.602,0.632,0.635
5/29/2018 5:30,900,0.541,0.591,0.608,0.571,0.581,0.601,0.633,0.635
5/29/2018 6:00,901,0.54,0.589,0.607,0.57,0.581,0.601,0.633,0.635
5/29/2018 6:30,902,0.54,0.588,0.607,0.57,0.579,0.6,0.632,0.634
5/29/2018 7:00,903,0.539,0.586,0.607,0.569,0.579,0.6,0.632,0.633
5/29/2018 7:30,904,0.539,0.586,0.608,0.568,0.579,0.599,0.632,0.634
5/29/2018 8:00,905,0.539,0.585,0.611,0.568,0.58,0.599,0.632,0.634
5/29/2018 8:30,906,0.54,0.585,0.61,0.568,0.58,0.6,0.63,0.633
5/29/2018 9:00,907,0.54,0.584,0.61,0.567,0.58,0.601,0.628,0.632
5/29/2018 9:30,908,0.539,0.583,0.609,0.565,0.579,0.602,0.627,0.632
5/29/2018 10:00,909,0.53,0.571,0.598,0.55,0.571,0.595,0.624,0.628
5/29/2018 10:30,910,0.513,0.553,0.577,0.525,0.552,0.582,0.619,0.622
5/29/2018 11:00,911,0.499,0.541,0.563,0.507,0.532,0.568,0.611,0.618
5/29/2018 11:30,912,0.492,0.538,0.558,0.5,0.523,0.56,0.604,0.613
5/29/2018 12:00,913,0.482,0.532,0.549,0.493,0.514,0.552,0.594,0.602
5/29/2018 12:30,914,0.489,0.541,0.556,0.504,0.522,0.562,0.59,0.6
5/29/2018 13:00,915,0.495,0.545,0.561,0.509,0.526,0.567,0.591,0.601
5/29/2018 13:30,916,0.486,0.538,0.555,0.501,0.518,0.558,0.587,0.595
5/29/2018 14:00,917,0.471,0.526,0.543,0.487,0.502,0.543,0.578,0.584
5/29/2018 14:30,918,0.467,0.522,0.538,0.483,0.496,0.539,0.573,0.579
5/29/2018 15:00,919,0.444,0.505,0.522,0.465,0.473,0.513,0.56,0.565
5/29/2018 15:30,920,0.429,0.493,0.504,0.451,0.454,0.492,0.539,0.546
5/29/2018 16:00,921,0.427,0.49,0.501,0.453,0.45,0.489,0.528,0.541
5/29/2018 16:30,922,0.43,0.491,0.5,0.458,0.45,0.492,0.523,0.538
5/29/2018 17:00,923,0.434,0.495,0.504,0.465,0.454,0.498,0.526,0.541
5/29/2018 17:30,924,0.453,0.511,0.52,0.481,0.474,0.521,0.539,0.556
5/29/2018 18:00,925,0.462,0.52,0.531,0.495,0.487,0.537,0.553,0.571
5/29/2018 18:30,926,0.469,0.522,0.534,0.496,0.485,0.536,0.561,0.581
5/29/2018 19:00,927,0.485,0.534,0.547,0.51,0.499,0.551,0.572,0.596
5/29/2018 19:30,928,0.503,0.549,0.562,0.531,0.518,0.57,0.587,0.61
5/29/2018 20:00,929,0.519,0.568,0.58,0.552,0.542,0.588,0.602,0.621
5/29/2018 20:30,930,0.53,0.579,0.592,0.564,0.558,0.598,0.612,0.628
5/29/2018 21:00,931,0.535,0.586,0.601,0.569,0.568,0.602,0.618,0.633
5/29/2018 21:30,932,0.538,0.59,0.606,0.572,0.573,0.603,0.623,0.636
5/29/2018 22:00,933,0.54,0.592,0.608,0.574,0.577,0.604,0.627,0.638
5/29/2018 22:30,934,0.54,0.593,0.608,0.575,0.579,0.605,0.63,0.64
5/29/2018 23:00,935,0.541,0.593,0.609,0.576,0.581,0.605,0.632,0.641
5/29/2018 23:30,936,0.541,0.593,0.609,0.576,0.582,0.605,0.634,0.642
5/30/2018 0:00,937,0.542,0.593,0.609,0.576,0.583,0.605,0.636,0.643
5/30/2018 0:30,938,0.542,0.594,0.61,0.576,0.583,0.605,0.637,0.644
5/30/2018 1:00,939,0.543,0.594,0.607,0.576,0.584,0.605,0.637,0.646
5/30/2018 1:30,940,0.543,0.593,0.606,0.576,0.584,0.606,0.637,0.646
5/30/2018 2:00,941,0.544,0.593,0.607,0.576,0.584,0.605,0.639,0.646
5/30/2018 2:30,942,0.544,0.593,0.603,0.577,0.584,0.605,0.639,0.648
5/30/2018 3:00,943,0.545,0.593,0.606,0.577,0.585,0.607,0.639,0.649
5/30/2018 3:30,944,0.545,0.594,0.605,0.577,0.585,0.607,0.64,0.649
5/30/2018 4:00,945,0.546,0.594,0.604,0.578,0.585,0.607,0.641,0.649
5/30/2018 4:30,946,0.546,0.593,0.604,0.577,0.585,0.607,0.641,0.649
5/30/2018 5:00,947,0.545,0.592,0.604,0.577,0.585,0.607,0.643,0.648
5/30/2018 5:30,948,0.544,0.592,0.606,0.576,0.585,0.606,0.641,0.648
5/30/2018 6:00,949,0.544,0.591,0.607,0.574,0.584,0.604,0.64,0.647
5/30/2018 6:30,950,0.543,0.59,0.606,0.574,0.584,0.604,0.64,0.647
5/30/2018 7:00,951,0.542,0.59,0.605,0.573,0.583,0.603,0.639,0.646
5/30/2018 7:30,952,0.541,0.589,0.607,0.572,0.582,0.601,0.638,0.645
5/30/2018 8:00,953,0.539,0.589,0.606,0.57,0.581,0.601,0.636,0.642
5/30/2018 8:30,954,0.538,0.586,0.607,0.567,0.58,0.599,0.634,0.641
5/30/2018 9:00,955,0.533,0.575,0.599,0.561,0.576,0.592,0.628,0.635
5/30/2018 9:30,956,0.518,0.551,0.575,0.532,0.557,0.577,0.618,0.623
5/30/2018 10:00,957,0.495,0.529,0.549,0.496,0.524,0.556,0.611,0.614
5/30/2018 10:30,958,0.467,0.507,0.529,0.463,0.491,0.526,0.595,0.601
5/30/2018 11:00,959,0.432,0.483,0.501,0.433,0.454,0.493,0.553,0.565
5/30/2018 11:30,960,0.427,0.481,0.497,0.434,0.445,0.486,0.515,0.538
5/30/2018 12:00,961,0.42,0.476,0.492,0.433,0.439,0.479,0.489,0.52
5/30/2018 12:30,962,0.416,0.475,0.489,0.434,0.435,0.475,0.475,0.508
5/30/2018 13:00,963,0.415,0.476,0.489,0.438,0.434,0.475,0.468,0.501
5/30/2018 13:30,964,0.416,0.476,0.488,0.439,0.433,0.474,0.469,0.5
5/30/2018 14:00,965,0.42,0.479,0.492,0.444,0.438,0.48,0.475,0.503
5/30/2018 14:30,966,0.428,0.484,0.498,0.449,0.444,0.486,0.485,0.512
5/30/2018 15:00,967,0.427,0.485,0.499,0.45,0.446,0.486,0.491,0.515
5/30/2018 15:30,968,0.428,0.486,0.5,0.451,0.447,0.487,0.492,0.518
5/30/2018 16:00,969,0.432,0.49,0.503,0.456,0.452,0.493,0.495,0.521
5/30/2018 16:30,970,0.46,0.511,0.524,0.48,0.479,0.523,0.521,0.548
5/30/2018 17:00,971,0.468,0.52,0.53,0.492,0.491,0.539,0.537,0.561
5/30/2018 17:30,972,0.471,0.525,0.532,0.5,0.5,0.552,0.544,0.571
5/30/2018 18:00,973,0.476,0.528,0.532,0.506,0.504,0.56,0.549,0.58
5/30/2018 18:30,974,0.492,0.541,0.542,0.522,0.518,0.574,0.56,0.594
5/30/2018 19:00,975,0.51,0.558,0.558,0.544,0.535,0.588,0.576,0.61
5/30/2018 19:30,976,0.521,0.573,0.57,0.558,0.549,0.597,0.591,0.621
5/30/2018 20:00,977,0.528,0.582,0.581,0.565,0.559,0.601,0.602,0.629
5/30/2018 20:30,978,0.532,0.587,0.588,0.568,0.565,0.602,0.608,0.633
5/30/2018 21:00,979,0.534,0.59,0.595,0.571,0.57,0.603,0.613,0.637
5/30/2018 21:30,980,0.536,0.591,0.597,0.572,0.574,0.603,0.616,0.639
5/30/2018 22:00,981,0.538,0.593,0.601,0.574,0.576,0.603,0.62,0.643
5/30/2018 22:30,982,0.538,0.594,0.602,0.574,0.578,0.603,0.62,0.643
5/30/2018 23:00,983,0.539,0.594,0.602,0.574,0.579,0.603,0.622,0.645
5/30/2018 23:30,984,0.54,0.595,0.6,0.575,0.58,0.603,0.625,0.645
5/31/2018 0:00,985,0.541,0.595,0.603,0.574,0.581,0.603,0.629,0.646
5/31/2018 0:30,986,0.542,0.595,0.603,0.574,0.581,0.603,0.629,0.646
5/31/2018 1:00,987,0.541,0.595,0.601,0.574,0.582,0.603,0.63,0.645
5/31/2018 1:30,988,0.541,0.595,0.6,0.574,0.582,0.604,0.629,0.644
5/31/2018 2:00,989,0.541,0.595,0.599,0.574,0.581,0.604,0.625,0.642
5/31/2018 2:30,990,0.541,0.596,0.601,0.574,0.581,0.604,0.626,0.644
5/31/2018 3:00,991,0.542,0.596,0.601,0.573,0.582,0.603,0.629,0.644
5/31/2018 3:30,992,0.542,0.595,0.601,0.573,0.582,0.603,0.631,0.644
5/31/2018 4:00,993,0.542,0.595,0.604,0.573,0.582,0.603,0.631,0.647
5/31/2018 4:30,994,0.543,0.595,0.605,0.572,0.582,0.602,0.633,0.647
5/31/2018 5:00,995,0.543,0.594,0.606,0.571,0.583,0.602,0.635,0.647
5/31/2018 5:30,996,0.542,0.593,0.604,0.571,0.583,0.602,0.632,0.646
5/31/2018 6:00,997,0.541,0.593,0.603,0.571,0.582,0.601,0.631,0.646
5/31/2018 6:30,998,0.541,0.592,0.603,0.57,0.582,0.6,0.63,0.645
5/31/2018 7:00,999,0.541,0.592,0.602,0.569,0.581,0.6,0.631,0.644
5/31/2018 7:30,1000,0.541,0.592,0.603,0.569,0.581,0.599,0.632,0.645
5/31/2018 8:00,1001,0.541,0.591,0.604,0.568,0.581,0.598,0.633,0.645
5/31/2018 8:30,1002,0.54,0.59,0.604,0.567,0.581,0.598,0.632,0.645
5/31/2018 9:00,1003,0.541,0.589,0.605,0.567,0.58,0.598,0.633,0.644
5/31/2018 9:30,1004,0.54,0.589,0.604,0.566,0.58,0.598,0.632,0.642
5/31/2018 10:00,1005,0.54,0.588,0.604,0.566,0.579,0.598,0.631,0.641
5/31/2018 10:30,1006,0.538,0.585,0.603,0.563,0.577,0.597,0.629,0.64
5/31/2018 11:00,1007,0.536,0.581,0.599,0.558,0.574,0.597,0.63,0.639
5/31/2018 11:30,1008,0.53,0.575,0.59,0.55,0.568,0.594,0.628,0.636
5/31/2018 12:00,1009,0.523,0.563,0.581,0.534,0.557,0.587,0.628,0.635
5/31/2018 12:30,1010,0.513,0.552,0.568,0.517,0.543,0.576,0.625,0.631
5/31/2018 13:00,1011,0.508,0.547,0.562,0.511,0.537,0.571,0.624,0.629
5/31/2018 13:30,1012,0.505,0.546,0.561,0.51,0.534,0.57,0.622,0.626
5/31/2018 14:00,1013,0.477,0.524,0.538,0.483,0.507,0.543,0.611,0.614
5/31/2018 14:30,1014,0.435,0.493,0.507,0.449,0.462,0.502,0.581,0.578
5/31/2018 15:00,1015,0.424,0.484,0.497,0.441,0.448,0.487,0.546,0.552
5/31/2018 15:30,1016,0.418,0.481,0.491,0.44,0.443,0.481,0.522,0.536
5/31/2018 16:00,1017,0.411,0.475,0.484,0.437,0.434,0.472,0.503,0.521
5/31/2018 16:30,1018,0.419,0.478,0.487,0.441,0.436,0.476,0.5,0.521
5/31/2018 17:00,1019,0.422,0.48,0.49,0.448,0.438,0.48,0.504,0.525
5/31/2018 17:30,1020,0.424,0.48,0.491,0.45,0.437,0.481,0.508,0.53
5/31/2018 18:00,1021,0.447,0.498,0.509,0.468,0.458,0.506,0.522,0.548
5/31/2018 18:30,1022,0.465,0.516,0.525,0.489,0.48,0.53,0.539,0.564
5/31/2018 19:00,1023,0.494,0.545,0.55,0.522,0.517,0.566,0.564,0.588
5/31/2018 19:30,1024,0.514,0.567,0.571,0.547,0.541,0.585,0.587,0.608
5/31/2018 20:00,1025,0.526,0.578,0.586,0.559,0.555,0.594,0.603,0.622
5/31/2018 20:30,1026,0.531,0.584,0.589,0.563,0.562,0.597,0.611,0.627
5/31/2018 21:00,1027,0.533,0.588,0.592,0.565,0.568,0.598,0.615,0.628
5/31/2018 21:30,1028,0.535,0.59,0.597,0.567,0.572,0.598,0.62,0.633
5/31/2018 22:00,1029,0.537,0.591,0.602,0.569,0.575,0.599,0.624,0.637
5/31/2018 22:30,1030,0.538,0.592,0.602,0.569,0.576,0.599,0.626,0.637
5/31/2018 23:00,1031,0.539,0.592,0.606,0.569,0.578,0.6,0.63,0.64
5/31/2018 23:30,1032,0.539,0.592,0.604,0.569,0.579,0.6,0.631,0.64
6/1/2018 0:00,1033,0.539,0.591,0.605,0.569,0.58,0.6,0.632,0.641
6/1/2018 0:30,1034,0.539,0.591,0.604,0.569,0.58,0.6,0.633,0.641
6/1/2018 1:00,1035,0.54,0.592,0.607,0.568,0.581,0.6,0.634,0.642
6/1/2018 1:30,1036,0.54,0.592,0.608,0.569,0.581,0.6,0.636,0.644
6/1/2018 2:00,1037,0.54,0.591,0.608,0.569,0.581,0.6,0.637,0.642
6/1/2018 2:30,1038,0.54,0.592,0.606,0.569,0.581,0.6,0.638,0.643
6/1/2018 3:00,1039,0.541,0.592,0.606,0.569,0.581,0.6,0.637,0.644
6/1/2018 3:30,1040,0.541,0.592,0.606,0.569,0.581,0.6,0.638,0.644
6/1/2018 4:00,1041,0.542,0.592,0.603,0.568,0.581,0.601,0.638,0.645
6/1/2018 4:30,1042,0.542,0.592,0.605,0.568,0.582,0.601,0.638,0.645
6/1/2018 5:00,1043,0.542,0.592,0.605,0.568,0.582,0.601,0.638,0.645
6/1/2018 5:30,1044,0.543,0.592,0.605,0.569,0.582,0.601,0.639,0.646
6/1/2018 6:00,1045,0.542,0.592,0.603,0.568,0.582,0.601,0.639,0.644
6/1/2018 6:30,1046,0.541,0.591,0.604,0.567,0.581,0.6,0.639,0.645
6/1/2018 7:00,1047,0.54,0.59,0.603,0.567,0.581,0.599,0.637,0.644
6/1/2018 7:30,1048,0.54,0.589,0.602,0.566,0.58,0.598,0.637,0.644
6/1/2018 8:00,1049,0.539,0.588,0.602,0.564,0.58,0.597,0.636,0.644
6/1/2018 8:30,1050,0.538,0.588,0.603,0.563,0.579,0.596,0.636,0.643
6/1/2018 9:00,1051,0.537,0.586,0.603,0.561,0.578,0.596,0.634,0.642
6/1/2018 9:30,1052,0.533,0.569,0.59,0.533,0.565,0.586,0.631,0.64
6/1/2018 10:00,1053,0.502,0.516,0.544,0.457,0.513,0.545,0.626,0.635
6/1/2018 10:30,1054,0.466,0.493,0.514,0.437,0.47,0.508,0.616,0.619
6/1/2018 11:00,1055,0.443,0.484,0.503,0.433,0.452,0.491,0.586,0.588
6/1/2018 11:30,1056,0.422,0.472,0.486,0.424,0.433,0.472,0.519,0.537
6/1/2018 12:00,1057,0.423,0.474,0.491,0.433,0.434,0.474,0.485,0.518
6/1/2018 12:30,1058,0.416,0.471,0.482,0.428,0.429,0.468,0.465,0.502
6/1/2018 13:00,1059,0.418,0.477,0.488,0.434,0.435,0.476,0.465,0.499
6/1/2018 13:30,1060,0.416,0.476,0.49,0.436,0.434,0.475,0.471,0.501
6/1/2018 14:00,1061,0.412,0.475,0.486,0.436,0.432,0.473,0.469,0.496
6/1/2018 14:30,1062,0.414,0.478,0.488,0.44,0.435,0.477,0.477,0.501
6/1/2018 15:00,1063,0.413,0.478,0.489,0.439,0.435,0.475,0.478,0.505
6/1/2018 15:30,1064,0.412,0.476,0.487,0.438,0.432,0.47,0.476,0.506
6/1/2018 16:00,1065,0.416,0.477,0.488,0.442,0.434,0.471,0.482,0.512
6/1/2018 16:30,1066,0.413,0.473,0.484,0.441,0.43,0.468,0.483,0.511
6/1/2018 17:00,1067,0.418,0.476,0.487,0.445,0.432,0.474,0.487,0.516
6/1/2018 17:30,1068,0.429,0.48,0.492,0.451,0.437,0.48,0.498,0.531
6/1/2018 18:00,1069,0.44,0.484,0.497,0.457,0.438,0.483,0.51,0.545
6/1/2018 18:30,1070,0.451,0.487,0.502,0.461,0.441,0.488,0.519,0.558
6/1/2018 19:00,1071,0.476,0.506,0.519,0.482,0.463,0.515,0.54,0.576
6/1/2018 19:30,1072,0.503,0.539,0.548,0.522,0.501,0.557,0.569,0.598
6/1/2018 20:00,1073,0.516,0.557,0.563,0.54,0.523,0.576,0.588,0.613
6/1/2018 20:30,1074,0.527,0.572,0.579,0.552,0.542,0.589,0.602,0.623
6/1/2018 21:00,1075,0.533,0.582,0.591,0.56,0.556,0.597,0.611,0.63
6/1/2018 21:30,1076,0.535,0.587,0.596,0.564,0.564,0.599,0.615,0.633
6/1/2018 22:00,1077,0.537,0.589,0.601,0.566,0.57,0.599,0.619,0.635
6/1/2018 22:30,1078,0.537,0.591,0.602,0.567,0.573,0.598,0.623,0.637
6/1/2018 23:00,1079,0.538,0.591,0.601,0.567,0.576,0.598,0.626,0.638
6/1/2018 23:30,1080,0.538,0.591,0.6,0.568,0.577,0.597,0.628,0.639
6/2/2018 0:00,1081,0.538,0.591,0.597,0.567,0.578,0.597,0.63,0.636
6/2/2018 0:30,1082,0.538,0.592,0.597,0.566,0.579,0.597,0.63,0.637
6/2/2018 1:00,1083,0.538,0.592,0.602,0.565,0.578,0.597,0.63,0.638
6/2/2018 1:30,1084,0.54,0.592,0.599,0.566,0.578,0.598,0.631,0.638
6/2/2018 2:00,1085,0.541,0.593,0.604,0.567,0.578,0.599,0.63,0.64
6/2/2018 2:30,1086,0.542,0.594,0.603,0.568,0.578,0.599,0.631,0.64
6/2/2018 3:00,1087,0.542,0.593,0.603,0.569,0.577,0.599,0.63,0.639
6/2/2018 3:30,1088,0.543,0.594,0.604,0.57,0.578,0.599,0.631,0.642
6/2/2018 4:00,1089,0.543,0.594,0.603,0.57,0.58,0.6,0.632,0.642
6/2/2018 4:30,1090,0.543,0.595,0.602,0.571,0.581,0.6,0.633,0.641
6/2/2018 5:00,1091,0.543,0.595,0.603,0.57,0.581,0.599,0.633,0.641
6/2/2018 5:30,1092,0.542,0.595,0.602,0.569,0.58,0.598,0.634,0.641
6/2/2018 6:00,1093,0.543,0.595,0.604,0.568,0.58,0.598,0.635,0.643
6/2/2018 6:30,1094,0.542,0.594,0.601,0.567,0.58,0.598,0.635,0.642
6/2/2018 7:00,1095,0.541,0.594,0.601,0.567,0.58,0.598,0.635,0.641
6/2/2018 7:30,1096,0.541,0.591,0.601,0.565,0.578,0.599,0.633,0.64
6/2/2018 8:00,1097,0.538,0.564,0.582,0.544,0.565,0.592,0.631,0.64
6/2/2018 8:30,1098,0.526,0.539,0.56,0.512,0.537,0.576,0.627,0.637
6/2/2018 9:00,1099,0.515,0.538,0.555,0.509,0.527,0.565,0.623,0.633
6/2/2018 9:30,1100,0.507,0.539,0.554,0.507,0.524,0.559,0.617,0.627
6/2/2018 10:00,1101,0.497,0.534,0.55,0.5,0.518,0.551,0.611,0.621
6/2/2018 10:30,1102,0.49,0.529,0.547,0.496,0.511,0.544,0.602,0.612
6/2/2018 11:00,1103,0.488,0.527,0.545,0.494,0.51,0.542,0.591,0.605
6/2/2018 11:30,1104,0.49,0.529,0.548,0.494,0.512,0.542,0.586,0.603
6/2/2018 12:00,1105,0.479,0.52,0.54,0.486,0.501,0.532,0.577,0.598
6/2/2018 12:30,1106,0.451,0.499,0.518,0.46,0.472,0.504,0.555,0.576
6/2/2018 13:00,1107,0.463,0.507,0.523,0.469,0.477,0.514,0.54,0.568
6/2/2018 13:30,1108,0.479,0.519,0.535,0.483,0.492,0.528,0.55,0.578
6/2/2018 14:00,1109,0.499,0.539,0.554,0.509,0.516,0.553,0.566,0.593
6/2/2018 14:30,1110,0.513,0.554,0.569,0.529,0.533,0.569,0.584,0.609
6/2/2018 15:00,1111,0.524,0.567,0.579,0.542,0.546,0.58,0.598,0.62
6/2/2018 15:30,1112,0.528,0.573,0.586,0.548,0.553,0.586,0.609,0.627
6/2/2018 16:00,1113,0.531,0.573,0.587,0.548,0.557,0.589,0.615,0.631
6/2/2018 16:30,1114,0.531,0.571,0.587,0.546,0.557,0.591,0.618,0.633
6/2/2018 17:00,1115,0.529,0.57,0.583,0.543,0.556,0.591,0.622,0.635
6/2/2018 17:30,1116,0.527,0.569,0.582,0.542,0.554,0.591,0.624,0.635
6/2/2018 18:00,1117,0.527,0.57,0.583,0.544,0.555,0.593,0.624,0.636
6/2/2018 18:30,1118,0.529,0.574,0.585,0.548,0.559,0.595,0.624,0.636
6/2/2018 19:00,1119,0.531,0.577,0.589,0.554,0.564,0.598,0.625,0.637
6/2/2018 19:30,1120,0.533,0.581,0.591,0.558,0.568,0.598,0.626,0.637
6/2/2018 20:00,1121,0.537,0.585,0.596,0.56,0.571,0.598,0.627,0.638
6/2/2018 20:30,1122,0.538,0.588,0.6,0.562,0.574,0.597,0.627,0.638
6/2/2018 21:00,1123,0.538,0.589,0.598,0.561,0.576,0.595,0.627,0.636
6/2/2018 21:30,1124,0.537,0.589,0.598,0.561,0.576,0.593,0.628,0.634
6/2/2018 22:00,1125,0.536,0.589,0.597,0.561,0.574,0.591,0.628,0.632
6/2/2018 22:30,1126,0.536,0.589,0.596,0.56,0.574,0.591,0.627,0.632
6/2/2018 23:00,1127,0.537,0.587,0.599,0.561,0.576,0.593,0.626,0.634
6/2/2018 23:30,1128,0.539,0.588,0.6,0.562,0.577,0.594,0.627,0.634
6/3/2018 0:00,1129,0.538,0.587,0.6,0.562,0.577,0.594,0.626,0.634
6/3/2018 0:30,1130,0.539,0.586,0.602,0.561,0.578,0.594,0.626,0.638
6/3/2018 1:00,1131,0.539,0.586,0.603,0.561,0.578,0.594,0.626,0.638
6/3/2018 1:30,1132,0.535,0.586,0.599,0.56,0.577,0.594,0.623,0.632
6/3/2018 2:00,1133,0.533,0.585,0.592,0.56,0.574,0.593,0.617,0.626
6/3/2018 2:30,1134,0.531,0.583,0.59,0.559,0.573,0.593,0.61,0.623
6/3/2018 3:00,1135,0.531,0.583,0.588,0.559,0.573,0.593,0.608,0.62
6/3/2018 3:30,1136,0.531,0.583,0.591,0.559,0.574,0.593,0.606,0.621
6/3/2018 4:00,1137,0.532,0.585,0.594,0.559,0.575,0.594,0.607,0.623
6/3/2018 4:30,1138,0.532,0.587,0.592,0.558,0.575,0.594,0.607,0.622
6/3/2018 5:00,1139,0.533,0.588,0.589,0.558,0.574,0.595,0.608,0.62
6/3/2018 5:30,1140,0.533,0.587,0.587,0.559,0.574,0.595,0.608,0.619
6/3/2018 6:00,1141,0.533,0.588,0.587,0.559,0.574,0.596,0.607,0.619
6/3/2018 6:30,1142,0.534,0.589,0.584,0.558,0.573,0.597,0.608,0.618
6/3/2018 7:00,1143,0.534,0.587,0.582,0.559,0.573,0.598,0.606,0.618
6/3/2018 7:30,1144,0.534,0.586,0.581,0.562,0.572,0.599,0.605,0.617
6/3/2018 8:00,1145,0.534,0.587,0.575,0.564,0.57,0.599,0.602,0.613
6/3/2018 8:30,1146,0.535,0.585,0.565,0.566,0.567,0.6,0.602,0.611
6/3/2018 9:00,1147,0.533,0.575,0.555,0.566,0.564,0.601,0.6,0.611
6/3/2018 9:30,1148,0.527,0.56,0.537,0.558,0.554,0.6,0.599,0.608
6/3/2018 10:00,1149,0.516,0.542,0.524,0.538,0.535,0.592,0.596,0.606
6/3/2018 10:30,1150,0.52,0.554,0.535,0.541,0.535,0.593,0.593,0.607
6/3/2018 11:00,1151,0.533,0.579,0.552,0.564,0.553,0.604,0.577,0.52
6/3/2018 11:30,1152,0.521,0.581,0.559,0.567,0.561,0.607,0.574,0.467
6/3/2018 12:00,1153,0.512,0.585,0.572,0.56,0.566,0.601,0.584,0.489
6/3/2018 12:30,1154,0.51,0.564,0.564,0.556,0.566,0.594,0.591,0.525
6/3/2018 13:00,1155,0.511,0.563,0.559,0.554,0.565,0.592,0.592,0.545
6/3/2018 13:30,1156,0.512,0.568,0.555,0.556,0.563,0.593,0.593,0.558
6/3/2018 14:00,1157,0.51,0.556,0.538,0.556,0.554,0.596,0.592,0.558
6/3/2018 14:30,1158,0.511,0.561,0.542,0.558,0.552,0.602,0.595,0.561
6/3/2018 15:00,1159,0.514,0.574,0.556,0.564,0.56,0.606,0.6,0.54
6/3/2018 15:30,1160,0.515,0.582,0.564,0.567,0.565,0.606,0.604,0.537
6/3/2018 16:00,1161,0.515,0.584,0.57,0.57,0.569,0.607,0.606,0.516
6/3/2018 16:30,1162,0.495,0.585,0.571,0.57,0.571,0.606,0.603,0.495
6/3/2018 17:00,1163,0.46,0.591,0.569,0.561,0.568,0.595,0.602,0.487
6/3/2018 17:30,1164,0.462,0.588,0.568,0.554,0.568,0.586,0.605,0.49
6/3/2018 18:00,1165,0.459,0.584,0.567,0.551,0.567,0.581,0.605,0.489
6/3/2018 18:30,1166,0.46,0.582,0.568,0.551,0.567,0.578,0.606,0.49
6/3/2018 19:00,1167,0.46,0.578,0.571,0.549,0.567,0.575,0.608,0.498
6/3/2018 19:30,1168,0.461,0.579,0.577,0.547,0.566,0.574,0.613,0.499
6/3/2018 20:00,1169,0.463,0.579,0.581,0.546,0.558,0.572,0.617,0.51
6/3/2018 20:30,1170,0.465,0.578,0.583,0.545,0.566,0.572,0.618,0.516
6/3/2018 21:00,1171,0.463,0.577,0.585,0.544,0.569,0.572,0.62,0.52
6/3/2018 21:30,1172,0.461,0.577,0.583,0.542,0.57,0.573,0.62,0.517
6/3/2018 22:00,1173,0.461,0.576,0.582,0.54,0.559,0.571,0.616,0.522
6/3/2018 22:30,1174,0.461,0.575,0.581,0.539,0.565,0.571,0.617,0.548
6/3/2018 23:00,1175,0.464,0.574,0.578,0.537,0.566,0.572,0.614,0.558
6/3/2018 23:30,1176,0.464,0.576,0.58,0.536,0.566,0.573,0.614,0.567
6/4/2018 0:00,1177,0.468,0.578,0.585,0.536,0.567,0.574,0.617,0.572
6/4/2018 0:30,1178,0.473,0.58,0.585,0.535,0.568,0.576,0.618,0.574
6/4/2018 1:00,1179,0.478,0.581,0.584,0.535,0.568,0.58,0.615,0.575
6/4/2018 1:30,1180,0.479,0.58,0.585,0.535,0.571,0.582,0.618,0.581
6/4/2018 2:00,1181,0.482,0.58,0.587,0.539,0.572,0.583,0.619,0.581
6/4/2018 2:30,1182,0.484,0.581,0.585,0.544,0.572,0.585,0.619,0.583
6/4/2018 3:00,1183,0.493,0.582,0.585,0.551,0.572,0.587,0.619,0.583
6/4/2018 3:30,1184,0.501,0.583,0.586,0.556,0.572,0.589,0.619,0.584
6/4/2018 4:00,1185,0.503,0.584,0.586,0.556,0.574,0.591,0.621,0.587
6/4/2018 4:30,1186,0.506,0.584,0.588,0.557,0.575,0.593,0.623,0.59
6/4/2018 5:00,1187,0.508,0.585,0.59,0.556,0.575,0.593,0.625,0.593
6/4/2018 5:30,1188,0.51,0.586,0.59,0.557,0.576,0.594,0.625,0.594
6/4/2018 6:00,1189,0.511,0.587,0.593,0.558,0.577,0.596,0.626,0.594
6/4/2018 6:30,1190,0.512,0.587,0.589,0.559,0.577,0.597,0.626,0.593
6/4/2018 7:00,1191,0.513,0.588,0.592,0.559,0.578,0.597,0.626,0.595
6/4/2018 7:30,1192,0.514,0.59,0.592,0.559,0.578,0.598,0.627,0.595
6/4/2018 8:00,1193,0.514,0.59,0.593,0.561,0.579,0.599,0.627,0.594
6/4/2018 8:30,1194,0.513,0.587,0.59,0.56,0.578,0.599,0.626,0.594
6/4/2018 9:00,1195,0.51,0.586,0.586,0.558,0.577,0.6,0.625,0.594
6/4/2018 9:30,1196,0.506,0.579,0.579,0.551,0.568,0.598,0.624,0.59
6/4/2018 10:00,1197,0.501,0.57,0.566,0.535,0.552,0.592,0.621,0.588
6/4/2018 10:30,1198,0.496,0.562,0.56,0.522,0.538,0.587,0.62,0.588
6/4/2018 11:00,1199,0.489,0.556,0.555,0.514,0.529,0.581,0.62,0.588
6/4/2018 11:30,1200,0.478,0.546,0.547,0.5,0.516,0.57,0.619,0.588
6/4/2018 12:00,1201,0.458,0.527,0.529,0.475,0.493,0.546,0.612,0.578
6/4/2018 12:30,1202,0.432,0.503,0.506,0.445,0.463,0.513,0.592,0.56
6/4/2018 13:00,1203,0.418,0.486,0.488,0.429,0.441,0.489,0.555,0.527
6/4/2018 13:30,1204,0.408,0.478,0.482,0.425,0.433,0.479,0.516,0.499
6/4/2018 14:00,1205,0.404,0.474,0.481,0.425,0.429,0.474,0.487,0.488
6/4/2018 14:30,1206,0.408,0.477,0.485,0.431,0.432,0.478,0.485,0.488
6/4/2018 15:00,1207,0.401,0.47,0.478,0.427,0.428,0.469,0.483,0.483
6/4/2018 15:30,1208,0.397,0.469,0.476,0.426,0.426,0.467,0.474,0.48
6/4/2018 16:00,1209,0.399,0.47,0.479,0.431,0.428,0.47,0.476,0.485
6/4/2018 16:30,1210,0.405,0.473,0.482,0.436,0.43,0.475,0.482,0.49
6/4/2018 17:00,1211,0.412,0.476,0.487,0.442,0.433,0.479,0.495,0.5
6/4/2018 17:30,1212,0.406,0.472,0.48,0.437,0.426,0.472,0.49,0.496
6/4/2018 18:00,1213,0.416,0.476,0.485,0.44,0.429,0.476,0.496,0.507
6/4/2018 18:30,1214,0.43,0.478,0.489,0.444,0.431,0.48,0.506,0.518
6/4/2018 19:00,1215,0.447,0.483,0.495,0.45,0.434,0.486,0.528,0.534
6/4/2018 19:30,1216,0.46,0.488,0.5,0.461,0.439,0.492,0.551,0.55
6/4/2018 20:00,1217,0.473,0.495,0.506,0.48,0.446,0.501,0.568,0.558
6/4/2018 20:30,1218,0.489,0.507,0.522,0.512,0.457,0.519,0.584,0.574
6/4/2018 21:00,1219,0.498,0.523,0.539,0.537,0.47,0.542,0.592,0.582
6/4/2018 21:30,1220,0.504,0.541,0.551,0.55,0.482,0.567,0.599,0.585
6/4/2018 22:00,1221,0.507,0.556,0.561,0.557,0.496,0.584,0.606,0.587
6/4/2018 22:30,1222,0.509,0.569,0.567,0.561,0.511,0.593,0.612,0.589
6/4/2018 23:00,1223,0.51,0.579,0.574,0.563,0.529,0.598,0.617,0.592
6/4/2018 23:30,1224,0.512,0.584,0.577,0.565,0.543,0.6,0.62,0.593
6/5/2018 0:00,1225,0.513,0.588,0.579,0.567,0.552,0.601,0.623,0.594
6/5/2018 0:30,1226,0.514,0.591,0.584,0.568,0.558,0.601,0.624,0.595
6/5/2018 1:00,1227,0.515,0.593,0.587,0.568,0.563,0.601,0.624,0.596
6/5/2018 1:30,1228,0.515,0.595,0.586,0.569,0.567,0.601,0.627,0.597
6/5/2018 2:00,1229,0.516,0.596,0.585,0.57,0.57,0.601,0.627,0.598
6/5/2018 2:30,1230,0.518,0.597,0.59,0.57,0.573,0.601,0.628,0.601
6/5/2018 3:00,1231,0.519,0.598,0.585,0.572,0.575,0.601,0.628,0.599
6/5/2018 3:30,1232,0.519,0.599,0.587,0.572,0.577,0.602,0.63,0.603
6/5/2018 4:00,1233,0.522,0.6,0.58,0.572,0.578,0.601,0.628,0.602
6/5/2018 4:30,1234,0.522,0.601,0.585,0.571,0.579,0.602,0.63,0.605
6/5/2018 5:00,1235,0.522,0.603,0.589,0.571,0.579,0.602,0.631,0.61
6/5/2018 5:30,1236,0.523,0.604,0.591,0.572,0.581,0.602,0.633,0.615
6/5/2018 6:00,1237,0.524,0.604,0.591,0.574,0.582,0.602,0.634,0.614
6/5/2018 6:30,1238,0.523,0.604,0.592,0.574,0.582,0.603,0.634,0.612
6/5/2018 7:00,1239,0.521,0.595,0.586,0.568,0.578,0.605,0.633,0.613
6/5/2018 7:30,1240,0.512,0.566,0.56,0.54,0.561,0.604,0.631,0.612
6/5/2018 8:00,1241,0.494,0.534,0.53,0.494,0.525,0.588,0.627,0.61
6/5/2018 8:30,1242,0.473,0.517,0.516,0.465,0.495,0.56,0.618,0.606
6/5/2018 9:00,1243,0.452,0.504,0.506,0.448,0.472,0.53,0.594,0.593
6/5/2018 9:30,1244,0.436,0.494,0.497,0.438,0.455,0.508,0.558,0.571
