"TOA5","CR1000-FRESH","CR1000","86614","CR1000.Std.31.03","CPU:Sapflow_SERC.CR1","28068","Table1"
"TIMESTAMP","RECORD","DiffVolt_Avg(1)","DiffVolt_Avg(2)","DiffVolt_Avg(3)","DiffVolt_Avg(4)","DiffVolt_Avg(5)","DiffVolt_Avg(6)","DiffVolt_Avg(7)","DiffVolt_Avg(8)"
"TS","RN","mV","mV","mV","mV","mV","mV","mV","mV"
"","","Avg","Avg","Avg","Avg","Avg","Avg","Avg","Avg"
"2018-08-31 12:30:00",4788,0.417,0.43,0.389,0.307,0.422,0.358,0.541,0.519
"2018-08-31 13:00:00",4789,0.41,0.425,0.384,0.301,0.416,0.351,0.533,0.508
"2018-08-31 13:30:00",4790,0.407,0.424,0.383,0.298,0.414,0.346,0.524,0.498
"2018-08-31 14:00:00",4791,0.407,0.425,0.386,0.297,0.414,0.346,0.516,0.492
"2018-08-31 14:30:00",4792,0.404,0.424,0.388,0.295,0.413,0.344,0.507,0.488
"2018-08-31 15:00:00",4793,0.407,0.428,0.393,0.296,0.416,0.347,0.502,0.488
"2018-08-31 15:30:00",4794,0.411,0.432,0.397,0.301,0.418,0.35,0.506,0.496
"2018-08-31 16:00:00",4795,0.409,0.432,0.398,0.302,0.418,0.35,0.509,0.498
"2018-08-31 16:30:00",4796,0.409,0.434,0.4,0.306,0.421,0.35,0.51,0.499
"2018-08-31 17:00:00",4797,0.416,0.441,0.407,0.316,0.429,0.357,0.514,0.506
"2018-08-31 17:30:00",4798,0.444,0.463,0.427,0.343,0.451,0.382,0.525,0.524
"2018-08-31 18:00:00",4799,0.447,0.469,0.433,0.351,0.451,0.384,0.533,0.54
"2018-08-31 18:30:00",4800,0.453,0.475,0.439,0.355,0.457,0.392,0.539,0.549
"2018-08-31 19:00:00",4801,0.46,0.479,0.445,0.362,0.465,0.395,0.539,0.551
"2018-08-31 19:30:00",4802,0.476,0.49,0.459,0.377,0.484,0.413,0.542,0.557
"2018-08-31 20:00:00",4803,0.487,0.489,0.469,0.384,0.496,0.426,0.544,0.561
"2018-08-31 20:30:00",4804,0.494,0.493,0.475,0.388,0.505,0.436,0.549,0.567
"2018-08-31 21:00:00",4805,0.5,0.498,0.479,0.391,0.513,0.444,0.553,0.571
"2018-08-31 21:30:00",4806,0.505,0.502,0.482,0.394,0.522,0.452,0.555,0.574
"2018-08-31 22:00:00",4807,0.507,0.503,0.48,0.395,0.527,0.455,0.555,0.573
"2018-08-31 22:30:00",4808,0.505,0.497,0.477,0.393,0.529,0.45,0.553,0.569
"2018-08-31 23:00:00",4809,0.51,0.502,0.483,0.395,0.536,0.462,0.555,0.575
"2018-08-31 23:30:00",4810,0.512,0.503,0.482,0.398,0.538,0.465,0.557,0.578
"2018-09-01 00:00:00",4811,0.51,0.503,0.479,0.4,0.535,0.464,0.559,0.58
"2018-09-01 00:30:00",4812,0.508,0.502,0.476,0.4,0.53,0.462,0.559,0.581
"2018-09-01 01:00:00",4813,0.508,0.501,0.473,0.4,0.526,0.461,0.561,0.581
"2018-09-01 01:30:00",4814,0.507,0.499,0.469,0.4,0.522,0.459,0.561,0.578
"2018-09-01 02:00:00",4815,0.506,0.496,0.467,0.398,0.521,0.457,0.56,0.578
"2018-09-01 02:30:00",4816,0.506,0.496,0.467,0.398,0.522,0.457,0.561,0.579
"2018-09-01 03:00:00",4817,0.507,0.496,0.468,0.398,0.523,0.458,0.56,0.577
"2018-09-01 03:30:00",4818,0.506,0.497,0.468,0.399,0.524,0.458,0.56,0.575
"2018-09-01 04:00:00",4819,0.507,0.497,0.469,0.4,0.525,0.461,0.558,0.573
"2018-09-01 04:30:00",4820,0.506,0.497,0.47,0.4,0.526,0.46,0.557,0.572
"2018-09-01 05:00:00",4821,0.505,0.498,0.471,0.401,0.526,0.461,0.556,0.571
"2018-09-01 05:30:00",4822,0.505,0.498,0.472,0.402,0.526,0.463,0.554,0.57
"2018-09-01 06:00:00",4823,0.504,0.497,0.472,0.402,0.526,0.464,0.552,0.57
"2018-09-01 06:30:00",4824,0.502,0.495,0.472,0.401,0.525,0.461,0.55,0.57
"2018-09-01 07:00:00",4825,0.501,0.492,0.472,0.4,0.524,0.458,0.548,0.567
"2018-09-01 07:30:00",4826,0.5,0.491,0.472,0.4,0.522,0.456,0.547,0.565
"2018-09-01 08:00:00",4827,0.5,0.491,0.471,0.396,0.518,0.454,0.544,0.565
"2018-09-01 08:30:00",4828,0.498,0.487,0.465,0.391,0.509,0.448,0.543,0.563
"2018-09-01 09:00:00",4829,0.495,0.482,0.456,0.384,0.5,0.441,0.543,0.565
"2018-09-01 09:30:00",4830,0.487,0.473,0.442,0.375,0.487,0.429,0.54,0.562
"2018-09-01 10:00:00",4831,0.479,0.464,0.432,0.366,0.477,0.418,0.537,0.562
"2018-09-01 10:30:00",4832,0.48,0.467,0.436,0.367,0.479,0.421,0.537,0.565
"2018-09-01 11:00:00",4833,0.458,0.449,0.42,0.349,0.455,0.398,0.533,0.563
"2018-09-01 11:30:00",4834,0.431,0.426,0.398,0.325,0.431,0.37,0.531,0.558
"2018-09-01 12:00:00",4835,0.414,0.414,0.385,0.309,0.418,0.355,0.528,0.541
"2018-09-01 12:30:00",4836,0.41,0.419,0.382,0.303,0.414,0.351,0.525,0.52
"2018-09-01 13:00:00",4837,0.406,0.419,0.38,0.299,0.412,0.346,0.517,0.504
"2018-09-01 13:30:00",4838,0.413,0.425,0.388,0.302,0.415,0.354,0.517,0.506
"2018-09-01 14:00:00",4839,0.408,0.422,0.386,0.295,0.411,0.348,0.509,0.5
"2018-09-01 14:30:00",4840,0.406,0.422,0.388,0.294,0.411,0.345,0.502,0.497
"2018-09-01 15:00:00",4841,0.41,0.426,0.394,0.298,0.417,0.349,0.497,0.498
"2018-09-01 15:30:00",4842,0.412,0.43,0.399,0.301,0.421,0.352,0.499,0.505
"2018-09-01 16:00:00",4843,0.407,0.428,0.397,0.3,0.419,0.347,0.5,0.504
"2018-09-01 16:30:00",4844,0.425,0.442,0.411,0.318,0.434,0.363,0.502,0.509
"2018-09-01 17:00:00",4845,0.442,0.457,0.426,0.335,0.447,0.38,0.51,0.525
"2018-09-01 17:30:00",4846,0.448,0.463,0.432,0.345,0.452,0.386,0.516,0.536
"2018-09-01 18:00:00",4847,0.438,0.457,0.425,0.336,0.442,0.375,0.519,0.542
"2018-09-01 18:30:00",4848,0.44,0.457,0.426,0.336,0.447,0.378,0.519,0.541
"2018-09-01 19:00:00",4849,0.458,0.471,0.443,0.354,0.463,0.394,0.524,0.549
"2018-09-01 19:30:00",4850,0.473,0.482,0.457,0.369,0.478,0.41,0.53,0.553
"2018-09-01 20:00:00",4851,0.482,0.484,0.465,0.376,0.487,0.419,0.532,0.558
"2018-09-01 20:30:00",4852,0.489,0.487,0.47,0.381,0.495,0.427,0.535,0.559
"2018-09-01 21:00:00",4853,0.495,0.492,0.474,0.385,0.505,0.436,0.537,0.562
"2018-09-01 21:30:00",4854,0.503,0.499,0.477,0.392,0.522,0.449,0.541,0.566
"2018-09-01 22:00:00",4855,0.507,0.502,0.477,0.395,0.529,0.455,0.541,0.567
"2018-09-01 22:30:00",4856,0.51,0.505,0.479,0.397,0.53,0.459,0.544,0.568
"2018-09-01 23:00:00",4857,0.511,0.505,0.48,0.396,0.53,0.46,0.544,0.57
"2018-09-01 23:30:00",4858,0.512,0.506,0.479,0.398,0.531,0.462,0.546,0.571
"2018-09-02 00:00:00",4859,0.512,0.506,0.479,0.398,0.532,0.463,0.547,0.572
"2018-09-02 00:30:00",4860,0.513,0.506,0.478,0.399,0.533,0.465,0.548,0.573
"2018-09-02 01:00:00",4861,0.513,0.507,0.478,0.401,0.532,0.465,0.548,0.574
"2018-09-02 01:30:00",4862,0.514,0.507,0.478,0.401,0.531,0.466,0.549,0.574
"2018-09-02 02:00:00",4863,0.514,0.507,0.478,0.401,0.531,0.467,0.55,0.575
"2018-09-02 02:30:00",4864,0.514,0.507,0.478,0.401,0.531,0.468,0.549,0.576
"2018-09-02 03:00:00",4865,0.514,0.506,0.478,0.402,0.531,0.468,0.55,0.576
"2018-09-02 03:30:00",4866,0.512,0.505,0.477,0.403,0.529,0.469,0.55,0.577
"2018-09-02 04:00:00",4867,0.509,0.502,0.476,0.403,0.525,0.467,0.549,0.576
"2018-09-02 04:30:00",4868,0.506,0.5,0.474,0.403,0.521,0.465,0.549,0.576
"2018-09-02 05:00:00",4869,0.506,0.498,0.473,0.402,0.518,0.464,0.548,0.576
"2018-09-02 05:30:00",4870,0.504,0.497,0.472,0.402,0.515,0.463,0.548,0.576
"2018-09-02 06:00:00",4871,0.502,0.495,0.471,0.401,0.513,0.462,0.546,0.576
"2018-09-02 06:30:00",4872,0.502,0.493,0.47,0.4,0.511,0.462,0.544,0.577
"2018-09-02 07:00:00",4873,0.5,0.492,0.47,0.4,0.508,0.46,0.544,0.577
"2018-09-02 07:30:00",4874,0.498,0.49,0.468,0.399,0.505,0.459,0.543,0.577
"2018-09-02 08:00:00",4875,0.498,0.49,0.468,0.399,0.505,0.459,0.542,0.577
"2018-09-02 08:30:00",4876,0.494,0.491,0.465,0.4,0.509,0.459,0.541,0.577
"2018-09-02 09:00:00",4877,0.479,0.484,0.446,0.395,0.496,0.44,0.54,0.576
"2018-09-02 09:30:00",4878,0.454,0.457,0.419,0.366,0.458,0.404,0.537,0.575
"2018-09-02 10:00:00",4879,0.445,0.443,0.41,0.349,0.444,0.392,0.537,0.573
"2018-09-02 10:30:00",4880,0.434,0.431,0.402,0.334,0.434,0.379,0.537,0.572
"2018-09-02 11:00:00",4881,0.421,0.421,0.392,0.321,0.422,0.366,0.535,0.566
"2018-09-02 11:30:00",4882,0.445,0.44,0.411,0.338,0.442,0.391,0.536,0.566
"2018-09-02 12:00:00",4883,0.424,0.423,0.393,0.319,0.422,0.367,0.534,0.556
"2018-09-02 12:30:00",4884,0.413,0.419,0.385,0.306,0.412,0.355,0.529,0.528
"2018-09-02 13:00:00",4885,0.415,0.423,0.388,0.306,0.415,0.357,0.525,0.517
"2018-09-02 13:30:00",4886,0.42,0.427,0.393,0.307,0.418,0.359,0.521,0.512
"2018-09-02 14:00:00",4887,0.423,0.429,0.397,0.309,0.422,0.362,0.516,0.511
"2018-09-02 14:30:00",4888,0.411,0.421,0.389,0.295,0.413,0.349,0.508,0.503
"2018-09-02 15:00:00",4889,0.414,0.425,0.395,0.299,0.418,0.352,0.506,0.505
"2018-09-02 15:30:00",4890,0.41,0.424,0.395,0.296,0.417,0.35,0.504,0.505
"2018-09-02 16:00:00",4891,0.411,0.427,0.399,0.298,0.421,0.352,0.506,0.506
"2018-09-02 16:30:00",4892,0.414,0.431,0.404,0.302,0.424,0.355,0.509,0.509
"2018-09-02 17:00:00",4893,0.418,0.436,0.409,0.308,0.429,0.36,0.512,0.513
"2018-09-02 17:30:00",4894,0.424,0.443,0.415,0.317,0.435,0.366,0.518,0.522
"2018-09-02 18:00:00",4895,0.431,0.45,0.421,0.328,0.441,0.373,0.525,0.534
"2018-09-02 18:30:00",4896,0.439,0.459,0.429,0.339,0.448,0.382,0.537,0.547
"2018-09-02 19:00:00",4897,0.451,0.471,0.44,0.353,0.46,0.396,0.542,0.557
"2018-09-02 19:30:00",4898,0.468,0.486,0.454,0.367,0.477,0.413,0.545,0.564
"2018-09-02 20:00:00",4899,0.485,0.499,0.467,0.379,0.494,0.431,0.549,0.569
"2018-09-02 20:30:00",4900,0.495,0.509,0.473,0.385,0.507,0.442,0.551,0.571
"2018-09-02 21:00:00",4901,0.502,0.514,0.478,0.392,0.52,0.452,0.553,0.573
"2018-09-02 21:30:00",4902,0.507,0.508,0.481,0.396,0.529,0.46,0.554,0.575
"2018-09-02 22:00:00",4903,0.51,0.508,0.481,0.399,0.535,0.465,0.555,0.575
"2018-09-02 22:30:00",4904,0.512,0.509,0.481,0.401,0.539,0.467,0.556,0.576
"2018-09-02 23:00:00",4905,0.513,0.509,0.481,0.402,0.539,0.469,0.556,0.577
"2018-09-02 23:30:00",4906,0.513,0.509,0.48,0.403,0.54,0.469,0.557,0.577
"2018-09-03 00:00:00",4907,0.512,0.508,0.478,0.403,0.539,0.47,0.557,0.578
"2018-09-03 00:30:00",4908,0.512,0.508,0.476,0.404,0.539,0.47,0.558,0.578
"2018-09-03 01:00:00",4909,0.51,0.507,0.475,0.404,0.538,0.47,0.558,0.579
"2018-09-03 01:30:00",4910,0.509,0.506,0.474,0.404,0.535,0.469,0.558,0.579
"2018-09-03 02:00:00",4911,0.508,0.505,0.473,0.404,0.534,0.469,0.558,0.579
"2018-09-03 02:30:00",4912,0.506,0.504,0.473,0.404,0.532,0.469,0.558,0.58
"2018-09-03 03:00:00",4913,0.504,0.503,0.472,0.404,0.53,0.468,0.558,0.58
"2018-09-03 03:30:00",4914,0.503,0.499,0.471,0.403,0.527,0.467,0.557,0.58
"2018-09-03 04:00:00",4915,0.501,0.497,0.47,0.402,0.525,0.466,0.556,0.58
"2018-09-03 04:30:00",4916,0.5,0.495,0.47,0.402,0.522,0.466,0.556,0.581
"2018-09-03 05:00:00",4917,0.499,0.493,0.469,0.402,0.52,0.465,0.555,0.581
"2018-09-03 05:30:00",4918,0.498,0.492,0.468,0.401,0.517,0.464,0.555,0.581
"2018-09-03 06:00:00",4919,0.496,0.491,0.468,0.4,0.515,0.464,0.553,0.581
"2018-09-03 06:30:00",4920,0.495,0.49,0.469,0.4,0.513,0.463,0.552,0.581
"2018-09-03 07:00:00",4921,0.494,0.489,0.468,0.4,0.512,0.463,0.551,0.581
"2018-09-03 07:30:00",4922,0.493,0.488,0.467,0.399,0.511,0.463,0.549,0.582
"2018-09-03 08:00:00",4923,0.496,0.489,0.467,0.4,0.514,0.465,0.548,0.581
"2018-09-03 08:30:00",4924,0.486,0.492,0.469,0.401,0.518,0.465,0.546,0.581
"2018-09-03 09:00:00",4925,0.464,0.481,0.451,0.399,0.499,0.44,0.543,0.58
"2018-09-03 09:30:00",4926,0.442,0.455,0.42,0.376,0.464,0.401,0.541,0.579
"2018-09-03 10:00:00",4927,0.426,0.434,0.4,0.348,0.443,0.377,0.539,0.577
"2018-09-03 10:30:00",4928,0.415,0.422,0.388,0.327,0.43,0.365,0.539,0.572
"2018-09-03 11:00:00",4929,0.409,0.419,0.383,0.318,0.424,0.359,0.538,0.566
"2018-09-03 11:30:00",4930,0.403,0.417,0.378,0.307,0.417,0.352,0.534,0.544
"2018-09-03 12:00:00",4931,0.399,0.416,0.375,0.3,0.413,0.347,0.528,0.509
"2018-09-03 12:30:00",4932,0.408,0.422,0.382,0.303,0.419,0.354,0.518,0.494
"2018-09-03 13:00:00",4933,0.4,0.418,0.378,0.296,0.414,0.346,0.508,0.487
"2018-09-03 13:30:00",4934,0.4,0.418,0.381,0.294,0.416,0.347,0.502,0.486
"2018-09-03 14:00:00",4935,0.399,0.417,0.383,0.292,0.416,0.345,0.496,0.483
"2018-09-03 14:30:00",4936,0.401,0.42,0.388,0.294,0.419,0.348,0.496,0.487
"2018-09-03 15:00:00",4937,0.401,0.421,0.389,0.292,0.419,0.347,0.496,0.487
"2018-09-03 15:30:00",4938,0.402,0.423,0.392,0.294,0.421,0.348,0.505,0.492
"2018-09-03 16:00:00",4939,0.402,0.424,0.394,0.295,0.422,0.348,0.507,0.493
"2018-09-03 16:30:00",4940,0.407,0.429,0.399,0.299,0.427,0.353,0.51,0.497
"2018-09-03 17:00:00",4941,0.411,0.433,0.404,0.304,0.43,0.358,0.516,0.505
"2018-09-03 17:30:00",4942,0.418,0.44,0.411,0.313,0.437,0.365,0.522,0.516
"2018-09-03 18:00:00",4943,0.428,0.449,0.419,0.324,0.444,0.374,0.528,0.529
"2018-09-03 18:30:00",4944,0.443,0.462,0.431,0.34,0.456,0.388,0.535,0.544
"2018-09-03 19:00:00",4945,0.458,0.477,0.446,0.357,0.471,0.406,0.543,0.556
"2018-09-03 19:30:00",4946,0.473,0.49,0.459,0.372,0.487,0.424,0.547,0.564
"2018-09-03 20:00:00",4947,0.487,0.493,0.47,0.383,0.505,0.44,0.551,0.569
"2018-09-03 20:30:00",4948,0.495,0.496,0.475,0.389,0.516,0.451,0.554,0.571
"2018-09-03 21:00:00",4949,0.499,0.499,0.477,0.393,0.523,0.455,0.555,0.574
"2018-09-03 21:30:00",4950,0.504,0.502,0.479,0.396,0.532,0.461,0.556,0.575
"2018-09-03 22:00:00",4951,0.507,0.504,0.479,0.399,0.538,0.465,0.557,0.576
"2018-09-03 22:30:00",4952,0.509,0.504,0.478,0.4,0.541,0.468,0.557,0.577
"2018-09-03 23:00:00",4953,0.51,0.504,0.478,0.402,0.541,0.468,0.558,0.578
"2018-09-03 23:30:00",4954,0.51,0.503,0.477,0.403,0.54,0.468,0.559,0.578
"2018-09-04 00:00:00",4955,0.509,0.501,0.475,0.403,0.538,0.468,0.56,0.579
"2018-09-04 00:30:00",4956,0.508,0.5,0.473,0.403,0.535,0.467,0.56,0.579
"2018-09-04 01:00:00",4957,0.507,0.498,0.471,0.403,0.532,0.466,0.561,0.58
"2018-09-04 01:30:00",4958,0.505,0.496,0.469,0.402,0.529,0.466,0.561,0.581
"2018-09-04 02:00:00",4959,0.505,0.496,0.47,0.402,0.531,0.467,0.561,0.581
"2018-09-04 02:30:00",4960,0.507,0.497,0.473,0.403,0.532,0.47,0.562,0.581
"2018-09-04 03:00:00",4961,0.507,0.498,0.475,0.403,0.532,0.471,0.562,0.581
"2018-09-04 03:30:00",4962,0.507,0.497,0.476,0.402,0.533,0.472,0.56,0.581
"2018-09-04 04:00:00",4963,0.506,0.497,0.476,0.403,0.533,0.473,0.562,0.581
"2018-09-04 04:30:00",4964,0.504,0.494,0.475,0.404,0.531,0.472,0.562,0.582
"2018-09-04 05:00:00",4965,0.502,0.492,0.474,0.403,0.528,0.47,0.562,0.583
"2018-09-04 05:30:00",4966,0.5,0.49,0.473,0.403,0.525,0.468,0.561,0.583
"2018-09-04 06:00:00",4967,0.5,0.488,0.472,0.402,0.523,0.467,0.561,0.583
"2018-09-04 06:30:00",4968,0.499,0.487,0.472,0.401,0.521,0.466,0.56,0.583
"2018-09-04 07:00:00",4969,0.499,0.486,0.471,0.401,0.52,0.465,0.558,0.584
"2018-09-04 07:30:00",4970,0.499,0.485,0.47,0.4,0.519,0.464,0.557,0.584
"2018-09-04 08:00:00",4971,0.501,0.487,0.47,0.401,0.523,0.466,0.555,0.583
"2018-09-04 08:30:00",4972,0.492,0.489,0.471,0.402,0.522,0.464,0.553,0.582
"2018-09-04 09:00:00",4973,0.469,0.474,0.446,0.393,0.492,0.432,0.551,0.582
"2018-09-04 09:30:00",4974,0.445,0.446,0.415,0.363,0.458,0.393,0.548,0.58
"2018-09-04 10:00:00",4975,0.426,0.425,0.395,0.336,0.436,0.369,0.547,0.577
"2018-09-04 10:30:00",4976,0.413,0.414,0.384,0.316,0.424,0.357,0.545,0.568
"2018-09-04 11:00:00",4977,0.407,0.416,0.381,0.309,0.419,0.353,0.542,0.553
"2018-09-04 11:30:00",4978,0.399,0.412,0.375,0.297,0.412,0.344,0.531,0.521
"2018-09-04 12:00:00",4979,0.401,0.417,0.377,0.298,0.414,0.346,0.521,0.495
"2018-09-04 12:30:00",4980,0.401,0.417,0.377,0.296,0.414,0.345,0.511,0.485
"2018-09-04 13:00:00",4981,0.397,0.416,0.376,0.294,0.413,0.34,0.499,0.477
"2018-09-04 13:30:00",4982,0.393,0.415,0.377,0.291,0.412,0.337,0.491,0.473
"2018-09-04 14:00:00",4983,0.391,0.415,0.382,0.288,0.413,0.336,0.486,0.47
"2018-09-04 14:30:00",4984,0.392,0.417,0.386,0.288,0.415,0.338,0.48,0.469
"2018-09-04 15:00:00",4985,0.395,0.42,0.39,0.29,0.42,0.34,0.48,0.473
"2018-09-04 15:30:00",4986,0.399,0.422,0.394,0.292,0.423,0.343,0.482,0.478
"2018-09-04 16:00:00",4987,0.404,0.427,0.399,0.297,0.429,0.347,0.487,0.483
"2018-09-04 16:30:00",4988,0.407,0.429,0.402,0.302,0.433,0.349,0.495,0.489
"2018-09-04 17:00:00",4989,0.41,0.433,0.406,0.306,0.436,0.352,0.501,0.497
"2018-09-04 17:30:00",4990,0.412,0.437,0.41,0.311,0.438,0.355,0.507,0.507
"2018-09-04 18:00:00",4991,0.423,0.445,0.419,0.321,0.447,0.364,0.511,0.522
"2018-09-04 18:30:00",4992,0.441,0.459,0.433,0.34,0.462,0.38,0.523,0.54
"2018-09-04 19:00:00",4993,0.466,0.481,0.456,0.365,0.483,0.408,0.537,0.555
"2018-09-04 19:30:00",4994,0.484,0.5,0.475,0.385,0.504,0.431,0.547,0.564
"2018-09-04 20:00:00",4995,0.497,0.512,0.486,0.396,0.524,0.448,0.553,0.571
"2018-09-04 20:30:00",4996,0.505,0.518,0.491,0.403,0.537,0.458,0.556,0.575
"2018-09-04 21:00:00",4997,0.509,0.511,0.493,0.404,0.539,0.461,0.558,0.577
"2018-09-04 21:30:00",4998,0.511,0.506,0.492,0.404,0.539,0.462,0.561,0.579
"2018-09-04 22:00:00",4999,0.513,0.507,0.492,0.404,0.544,0.465,0.564,0.581
"2018-09-04 22:30:00",5000,0.516,0.508,0.492,0.405,0.551,0.468,0.566,0.582
"2018-09-04 23:00:00",5001,0.518,0.508,0.491,0.405,0.555,0.471,0.567,0.583
"2018-09-04 23:30:00",5002,0.519,0.508,0.489,0.405,0.556,0.471,0.568,0.584
"2018-09-05 00:00:00",5003,0.519,0.508,0.488,0.405,0.557,0.473,0.569,0.584
"2018-09-05 00:30:00",5004,0.52,0.508,0.486,0.404,0.557,0.473,0.57,0.585
"2018-09-05 01:00:00",5005,0.52,0.507,0.485,0.404,0.556,0.473,0.571,0.586
"2018-09-05 01:30:00",5006,0.52,0.507,0.485,0.404,0.555,0.474,0.572,0.586
"2018-09-05 02:00:00",5007,0.52,0.506,0.485,0.404,0.555,0.475,0.571,0.587
"2018-09-05 02:30:00",5008,0.52,0.505,0.484,0.405,0.553,0.475,0.572,0.587
"2018-09-05 03:00:00",5009,0.519,0.504,0.482,0.405,0.55,0.475,0.573,0.588
"2018-09-05 03:30:00",5010,0.518,0.503,0.481,0.405,0.546,0.474,0.572,0.588
"2018-09-05 04:00:00",5011,0.518,0.502,0.481,0.405,0.544,0.475,0.571,0.589
"2018-09-05 04:30:00",5012,0.518,0.502,0.481,0.405,0.546,0.475,0.572,0.589
"2018-09-05 05:00:00",5013,0.517,0.501,0.481,0.405,0.546,0.475,0.572,0.588
"2018-09-05 05:30:00",5014,0.516,0.5,0.481,0.405,0.545,0.475,0.573,0.588
"2018-09-05 06:00:00",5015,0.514,0.499,0.48,0.405,0.546,0.475,0.573,0.588
"2018-09-05 06:30:00",5016,0.513,0.498,0.479,0.405,0.545,0.474,0.573,0.588
"2018-09-05 07:00:00",5017,0.512,0.496,0.479,0.404,0.545,0.474,0.574,0.588
"2018-09-05 07:30:00",5018,0.512,0.495,0.478,0.404,0.545,0.474,0.573,0.588
"2018-09-05 08:00:00",5019,0.512,0.497,0.479,0.405,0.545,0.473,0.573,0.588
"2018-09-05 08:30:00",5020,0.492,0.487,0.462,0.398,0.52,0.451,0.571,0.588
"2018-09-05 09:00:00",5021,0.465,0.461,0.428,0.371,0.484,0.408,0.571,0.587
"2018-09-05 09:30:00",5022,0.445,0.441,0.407,0.35,0.464,0.381,0.57,0.585
"2018-09-05 10:00:00",5023,0.43,0.426,0.394,0.331,0.449,0.365,0.568,0.58
"2018-09-05 10:30:00",5024,0.423,0.424,0.387,0.318,0.441,0.358,0.566,0.569
"2018-09-05 11:00:00",5025,0.419,0.423,0.384,0.31,0.437,0.355,0.563,0.553
"2018-09-05 11:30:00",5026,0.415,0.422,0.381,0.303,0.434,0.351,0.555,0.527
"2018-09-05 12:00:00",5027,0.412,0.42,0.38,0.298,0.433,0.347,0.544,0.499
"2018-09-05 12:30:00",5028,0.41,0.42,0.381,0.295,0.433,0.345,0.53,0.483
"2018-09-05 13:00:00",5029,0.407,0.419,0.382,0.292,0.432,0.342,0.516,0.478
"2018-09-05 13:30:00",5030,0.409,0.421,0.385,0.292,0.435,0.342,0.51,0.478
"2018-09-05 14:00:00",5031,0.41,0.424,0.388,0.292,0.438,0.345,0.506,0.479
"2018-09-05 14:30:00",5032,0.411,0.425,0.391,0.292,0.44,0.344,0.503,0.479
"2018-09-05 15:00:00",5033,0.414,0.429,0.395,0.296,0.445,0.347,0.504,0.485
"2018-09-05 15:30:00",5034,0.414,0.43,0.396,0.296,0.446,0.346,0.507,0.487
"2018-09-05 16:00:00",5035,0.413,0.432,0.399,0.299,0.447,0.348,0.509,0.491
"2018-09-05 16:30:00",5036,0.416,0.434,0.403,0.3,0.451,0.35,0.508,0.491
"2018-09-05 17:00:00",5037,0.421,0.44,0.408,0.308,0.456,0.354,0.513,0.498
"2018-09-05 17:30:00",5038,0.427,0.445,0.414,0.315,0.462,0.36,0.519,0.509
"2018-09-05 18:00:00",5039,0.437,0.454,0.422,0.326,0.468,0.369,0.529,0.526
"2018-09-05 18:30:00",5040,0.449,0.464,0.432,0.34,0.476,0.38,0.54,0.543
"2018-09-05 19:00:00",5041,0.462,0.477,0.444,0.355,0.487,0.393,0.55,0.556
"2018-09-05 19:30:00",5042,0.477,0.492,0.459,0.372,0.501,0.41,0.557,0.565
"2018-09-05 20:00:00",5043,0.493,0.506,0.472,0.383,0.516,0.426,0.563,0.571
"2018-09-05 20:30:00",5044,0.502,0.515,0.479,0.389,0.528,0.438,0.567,0.575
"2018-09-05 21:00:00",5045,0.509,0.522,0.485,0.395,0.54,0.449,0.57,0.577
"2018-09-05 21:30:00",5046,0.515,0.523,0.489,0.4,0.552,0.459,0.572,0.579
"2018-09-05 22:00:00",5047,0.517,0.513,0.489,0.4,0.555,0.462,0.574,0.58
"2018-09-05 22:30:00",5048,0.52,0.512,0.489,0.4,0.559,0.466,0.575,0.582
"2018-09-05 23:00:00",5049,0.522,0.512,0.49,0.401,0.561,0.468,0.576,0.583
"2018-09-05 23:30:00",5050,0.523,0.512,0.489,0.4,0.56,0.469,0.577,0.583
"2018-09-06 00:00:00",5051,0.524,0.513,0.487,0.4,0.562,0.471,0.578,0.584
"2018-09-06 00:30:00",5052,0.525,0.514,0.486,0.401,0.561,0.473,0.58,0.585
"2018-09-06 01:00:00",5053,0.526,0.514,0.485,0.4,0.554,0.473,0.58,0.585
"2018-09-06 01:30:00",5054,0.526,0.514,0.483,0.399,0.549,0.472,0.581,0.586
"2018-09-06 02:00:00",5055,0.526,0.514,0.483,0.398,0.55,0.473,0.582,0.586
"2018-09-06 02:30:00",5056,0.526,0.512,0.483,0.398,0.55,0.473,0.582,0.587
"2018-09-06 03:00:00",5057,0.526,0.511,0.483,0.397,0.547,0.472,0.583,0.587
"2018-09-06 03:30:00",5058,0.526,0.51,0.482,0.395,0.544,0.469,0.583,0.587
"2018-09-06 04:00:00",5059,0.525,0.51,0.481,0.394,0.544,0.469,0.584,0.588
"2018-09-06 04:30:00",5060,0.525,0.509,0.48,0.394,0.546,0.469,0.584,0.588
"2018-09-06 05:00:00",5061,0.524,0.509,0.48,0.395,0.547,0.47,0.584,0.588
"2018-09-06 05:30:00",5062,0.524,0.51,0.48,0.397,0.55,0.472,0.585,0.588
"2018-09-06 06:00:00",5063,0.523,0.51,0.48,0.398,0.553,0.473,0.585,0.589
"2018-09-06 06:30:00",5064,0.523,0.51,0.481,0.399,0.553,0.473,0.585,0.59
"2018-09-06 07:00:00",5065,0.523,0.51,0.48,0.399,0.553,0.474,0.586,0.589
"2018-09-06 07:30:00",5066,0.522,0.509,0.48,0.4,0.551,0.474,0.586,0.589
"2018-09-06 08:00:00",5067,0.514,0.505,0.473,0.396,0.538,0.466,0.585,0.589
"2018-09-06 08:30:00",5068,0.491,0.487,0.448,0.381,0.509,0.435,0.585,0.589
"2018-09-06 09:00:00",5069,0.468,0.461,0.421,0.358,0.485,0.4,0.584,0.587
"2018-09-06 09:30:00",5070,0.451,0.445,0.406,0.343,0.472,0.38,0.582,0.584
"2018-09-06 10:00:00",5071,0.437,0.431,0.393,0.326,0.46,0.365,0.58,0.579
"2018-09-06 10:30:00",5072,0.43,0.428,0.387,0.314,0.455,0.358,0.576,0.565
"2018-09-06 11:00:00",5073,0.424,0.426,0.384,0.307,0.451,0.353,0.57,0.548
"2018-09-06 11:30:00",5074,0.421,0.424,0.382,0.302,0.45,0.35,0.559,0.523
"2018-09-06 12:00:00",5075,0.42,0.424,0.383,0.299,0.451,0.348,0.55,0.499
"2018-09-06 12:30:00",5076,0.417,0.423,0.383,0.295,0.45,0.344,0.537,0.485
"2018-09-06 13:00:00",5077,0.42,0.427,0.389,0.297,0.454,0.347,0.527,0.484
"2018-09-06 13:30:00",5078,0.417,0.426,0.389,0.294,0.453,0.344,0.521,0.482
"2018-09-06 14:00:00",5079,0.416,0.428,0.391,0.293,0.455,0.343,0.514,0.48
"2018-09-06 14:30:00",5080,0.423,0.434,0.395,0.299,0.461,0.347,0.513,0.481
"2018-09-06 15:00:00",5081,0.423,0.435,0.396,0.3,0.462,0.347,0.516,0.486
"2018-09-06 15:30:00",5082,0.427,0.439,0.401,0.304,0.465,0.351,0.523,0.493
"2018-09-06 16:00:00",5083,0.429,0.442,0.404,0.308,0.467,0.353,0.53,0.5
"2018-09-06 16:30:00",5084,0.434,0.446,0.409,0.313,0.471,0.357,0.534,0.504
"2018-09-06 17:00:00",5085,0.44,0.452,0.415,0.319,0.475,0.362,0.541,0.513
"2018-09-06 17:30:00",5086,0.445,0.457,0.42,0.328,0.478,0.368,0.546,0.524
"2018-09-06 18:00:00",5087,0.454,0.465,0.429,0.339,0.484,0.377,0.552,0.537
"2018-09-06 18:30:00",5088,0.469,0.479,0.441,0.353,0.494,0.392,0.56,0.552
"2018-09-06 19:00:00",5089,0.483,0.493,0.455,0.368,0.508,0.409,0.568,0.563
"2018-09-06 19:30:00",5090,0.5,0.511,0.472,0.384,0.529,0.431,0.574,0.57
"2018-09-06 20:00:00",5091,0.513,0.525,0.484,0.395,0.548,0.449,0.578,0.575
"2018-09-06 20:30:00",5092,0.519,0.533,0.491,0.402,0.562,0.46,0.58,0.578
"2018-09-06 21:00:00",5093,0.523,0.538,0.494,0.405,0.571,0.466,0.582,0.58
"2018-09-06 21:30:00",5094,0.524,0.536,0.492,0.402,0.563,0.466,0.583,0.581
"2018-09-06 22:00:00",5095,0.523,0.519,0.488,0.396,0.558,0.459,0.583,0.582
"2018-09-06 22:30:00",5096,0.525,0.513,0.488,0.396,0.557,0.46,0.582,0.583
"2018-09-06 23:00:00",5097,0.528,0.512,0.49,0.398,0.567,0.466,0.583,0.584
"2018-09-06 23:30:00",5098,0.53,0.513,0.491,0.401,0.567,0.471,0.585,0.585
"2018-09-07 00:00:00",5099,0.53,0.513,0.492,0.402,0.561,0.473,0.585,0.586
"2018-09-07 00:30:00",5100,0.53,0.514,0.489,0.402,0.559,0.474,0.586,0.587
"2018-09-07 01:00:00",5101,0.531,0.514,0.487,0.401,0.554,0.473,0.586,0.587
"2018-09-07 01:30:00",5102,0.531,0.512,0.485,0.397,0.548,0.472,0.587,0.587
"2018-09-07 02:00:00",5103,0.531,0.511,0.484,0.395,0.546,0.471,0.587,0.588
"2018-09-07 02:30:00",5104,0.532,0.512,0.484,0.394,0.546,0.472,0.588,0.589
"2018-09-07 03:00:00",5105,0.532,0.514,0.485,0.397,0.548,0.474,0.588,0.589
"2018-09-07 03:30:00",5106,0.532,0.513,0.486,0.4,0.549,0.476,0.589,0.59
"2018-09-07 04:00:00",5107,0.531,0.513,0.487,0.402,0.55,0.478,0.59,0.591
"2018-09-07 04:30:00",5108,0.53,0.512,0.487,0.402,0.549,0.478,0.59,0.591
"2018-09-07 05:00:00",5109,0.529,0.511,0.486,0.403,0.55,0.478,0.59,0.591
"2018-09-07 05:30:00",5110,0.529,0.511,0.486,0.401,0.549,0.478,0.59,0.591
"2018-09-07 06:00:00",5111,0.528,0.51,0.486,0.401,0.549,0.478,0.59,0.591
"2018-09-07 06:30:00",5112,0.527,0.508,0.486,0.4,0.549,0.479,0.59,0.592
"2018-09-07 07:00:00",5113,0.527,0.509,0.485,0.401,0.549,0.479,0.59,0.592
"2018-09-07 07:30:00",5114,0.528,0.509,0.484,0.401,0.547,0.478,0.59,0.592
"2018-09-07 08:00:00",5115,0.527,0.506,0.478,0.396,0.539,0.473,0.59,0.591
"2018-09-07 08:30:00",5116,0.523,0.498,0.463,0.388,0.523,0.46,0.589,0.591
"2018-09-07 09:00:00",5117,0.506,0.481,0.442,0.374,0.501,0.435,0.589,0.59
"2018-09-07 09:30:00",5118,0.478,0.452,0.415,0.349,0.474,0.398,0.588,0.587
"2018-09-07 10:00:00",5119,0.462,0.436,0.403,0.334,0.461,0.381,0.586,0.582
"2018-09-07 10:30:00",5120,0.463,0.437,0.403,0.331,0.462,0.383,0.584,0.576
"2018-09-07 11:00:00",5121,0.461,0.438,0.402,0.327,0.462,0.382,0.582,0.57
"2018-09-07 11:30:00",5122,0.447,0.432,0.391,0.315,0.453,0.368,0.577,0.556
"2018-09-07 12:00:00",5123,0.448,0.435,0.393,0.314,0.455,0.367,0.572,0.539
"2018-09-07 12:30:00",5124,0.444,0.433,0.39,0.31,0.454,0.363,0.564,0.526
"2018-09-07 13:00:00",5125,0.448,0.436,0.395,0.313,0.459,0.367,0.561,0.525
"2018-09-07 13:30:00",5126,0.443,0.432,0.392,0.308,0.457,0.36,0.555,0.518
"2018-09-07 14:00:00",5127,0.438,0.43,0.392,0.303,0.455,0.356,0.549,0.513
"2018-09-07 14:30:00",5128,0.44,0.432,0.397,0.305,0.459,0.358,0.543,0.507
"2018-09-07 15:00:00",5129,0.445,0.437,0.402,0.311,0.465,0.361,0.543,0.51
"2018-09-07 15:30:00",5130,0.441,0.435,0.402,0.31,0.464,0.357,0.541,0.508
"2018-09-07 16:00:00",5131,0.443,0.441,0.407,0.314,0.468,0.36,0.539,0.508
"2018-09-07 16:30:00",5132,0.451,0.448,0.414,0.322,0.476,0.368,0.542,0.517
"2018-09-07 17:00:00",5133,0.456,0.453,0.417,0.327,0.48,0.371,0.545,0.521
"2018-09-07 17:30:00",5134,0.462,0.46,0.421,0.334,0.486,0.375,0.55,0.528
"2018-09-07 18:00:00",5135,0.477,0.472,0.433,0.348,0.497,0.387,0.557,0.541
"2018-09-07 18:30:00",5136,0.497,0.496,0.458,0.372,0.517,0.417,0.565,0.559
"2018-09-07 19:00:00",5137,0.509,0.513,0.475,0.388,0.533,0.437,0.573,0.57
"2018-09-07 19:30:00",5138,0.516,0.522,0.484,0.395,0.545,0.448,0.578,0.576
"2018-09-07 20:00:00",5139,0.521,0.528,0.489,0.398,0.553,0.456,0.58,0.579
"2018-09-07 20:30:00",5140,0.524,0.532,0.491,0.399,0.556,0.459,0.582,0.582
"2018-09-07 21:00:00",5141,0.527,0.537,0.493,0.403,0.565,0.467,0.584,0.583
"2018-09-07 21:30:00",5142,0.529,0.536,0.493,0.404,0.566,0.47,0.585,0.585
"2018-09-07 22:00:00",5143,0.53,0.523,0.492,0.403,0.564,0.47,0.585,0.586
"2018-09-07 22:30:00",5144,0.53,0.513,0.491,0.401,0.558,0.47,0.585,0.586
"2018-09-07 23:00:00",5145,0.53,0.51,0.491,0.399,0.554,0.468,0.585,0.586
"2018-09-07 23:30:00",5146,0.53,0.51,0.492,0.398,0.558,0.469,0.584,0.586
"2018-09-08 00:00:00",5147,0.529,0.513,0.491,0.403,0.563,0.473,0.584,0.588
"2018-09-08 00:30:00",5148,0.527,0.512,0.488,0.409,0.559,0.472,0.585,0.589
"2018-09-08 01:00:00",5149,0.525,0.51,0.485,0.409,0.555,0.469,0.586,0.588
"2018-09-08 01:30:00",5150,0.523,0.509,0.481,0.407,0.551,0.468,0.586,0.589
"2018-09-08 02:00:00",5151,0.522,0.508,0.479,0.406,0.548,0.467,0.586,0.59
"2018-09-08 02:30:00",5152,0.521,0.505,0.478,0.405,0.547,0.467,0.586,0.59
"2018-09-08 03:00:00",5153,0.521,0.505,0.477,0.405,0.546,0.467,0.586,0.59
"2018-09-08 03:30:00",5154,0.519,0.503,0.476,0.404,0.545,0.466,0.586,0.59
"2018-09-08 04:00:00",5155,0.516,0.5,0.473,0.402,0.544,0.463,0.586,0.59
"2018-09-08 04:30:00",5156,0.516,0.5,0.472,0.402,0.544,0.463,0.585,0.59
"2018-09-08 05:00:00",5157,0.515,0.5,0.472,0.403,0.544,0.465,0.585,0.59
"2018-09-08 05:30:00",5158,0.515,0.498,0.473,0.402,0.545,0.465,0.583,0.59
"2018-09-08 06:00:00",5159,0.515,0.502,0.474,0.404,0.547,0.467,0.582,0.59
"2018-09-08 06:30:00",5160,0.513,0.503,0.474,0.406,0.547,0.468,0.582,0.59
"2018-09-08 07:00:00",5161,0.512,0.502,0.474,0.406,0.546,0.468,0.581,0.59
"2018-09-08 07:30:00",5162,0.512,0.5,0.473,0.405,0.544,0.467,0.579,0.59
"2018-09-08 08:00:00",5163,0.514,0.502,0.475,0.406,0.547,0.47,0.58,0.59
"2018-09-08 08:30:00",5164,0.516,0.504,0.477,0.406,0.548,0.473,0.578,0.589
"2018-09-08 09:00:00",5165,0.516,0.5,0.478,0.403,0.549,0.47,0.574,0.587
"2018-09-08 09:30:00",5166,0.516,0.49,0.477,0.39,0.543,0.461,0.574,0.586
"2018-09-08 10:00:00",5167,0.517,0.491,0.48,0.391,0.547,0.461,0.574,0.584
"2018-09-08 10:30:00",5168,0.517,0.489,0.478,0.389,0.543,0.459,0.574,0.583
"2018-09-08 11:00:00",5169,0.513,0.479,0.465,0.38,0.526,0.448,0.574,0.581
"2018-09-08 11:30:00",5170,0.508,0.47,0.454,0.37,0.513,0.436,0.573,0.581
"2018-09-08 12:00:00",5171,0.503,0.464,0.446,0.364,0.501,0.426,0.573,0.581
"2018-09-08 12:30:00",5172,0.5,0.461,0.445,0.362,0.494,0.421,0.571,0.581
"2018-09-08 13:00:00",5173,0.501,0.463,0.45,0.364,0.502,0.425,0.571,0.583
"2018-09-08 13:30:00",5174,0.508,0.477,0.465,0.378,0.524,0.441,0.571,0.584
"2018-09-08 14:00:00",5175,0.513,0.482,0.477,0.387,0.538,0.451,0.569,0.581
"2018-09-08 14:30:00",5176,0.514,0.484,0.481,0.389,0.539,0.453,0.57,0.58
"2018-09-08 15:00:00",5177,0.514,0.483,0.484,0.389,0.543,0.454,0.567,0.578
"2018-09-08 15:30:00",5178,0.514,0.482,0.488,0.389,0.545,0.455,0.567,0.579
"2018-09-08 16:00:00",5179,0.512,0.481,0.49,0.387,0.542,0.453,0.567,0.579
"2018-09-08 16:30:00",5180,0.51,0.48,0.49,0.387,0.54,0.452,0.566,0.578
"2018-09-08 17:00:00",5181,0.51,0.48,0.488,0.388,0.537,0.452,0.568,0.581
"2018-09-08 17:30:00",5182,0.509,0.479,0.487,0.388,0.534,0.452,0.569,0.588
"2018-09-08 18:00:00",5183,0.508,0.479,0.487,0.389,0.531,0.452,0.569,0.588
"2018-09-08 18:30:00",5184,0.504,0.477,0.486,0.388,0.53,0.448,0.563,0.569
"2018-09-08 19:00:00",5185,0.504,0.478,0.487,0.39,0.531,0.448,0.553,0.566
"2018-09-08 19:30:00",5186,0.503,0.478,0.488,0.39,0.531,0.447,0.539,0.563
"2018-09-08 20:00:00",5187,0.5,0.478,0.487,0.39,0.53,0.447,0.529,0.56
"2018-09-08 20:30:00",5188,0.498,0.477,0.487,0.391,0.529,0.447,0.528,0.558
"2018-09-08 21:00:00",5189,0.497,0.477,0.488,0.392,0.531,0.447,0.528,0.559
"2018-09-08 21:30:00",5190,0.497,0.48,0.49,0.394,0.533,0.449,0.527,0.559
"2018-09-08 22:00:00",5191,0.496,0.479,0.489,0.395,0.534,0.448,0.526,0.553
"2018-09-08 22:30:00",5192,0.498,0.478,0.49,0.394,0.536,0.444,0.527,0.55
"2018-09-08 23:00:00",5193,0.5,0.476,0.489,0.391,0.528,0.434,0.527,0.548
"2018-09-08 23:30:00",5194,0.5,0.473,0.485,0.384,0.516,0.424,0.527,0.548
"2018-09-09 00:00:00",5195,0.501,0.475,0.486,0.385,0.526,0.429,0.527,0.549
"2018-09-09 00:30:00",5196,0.502,0.48,0.49,0.392,0.54,0.439,0.524,0.548
"2018-09-09 01:00:00",5197,0.502,0.482,0.494,0.394,0.542,0.443,0.526,0.55
"2018-09-09 01:30:00",5198,0.502,0.482,0.495,0.396,0.541,0.445,0.529,0.554
"2018-09-09 02:00:00",5199,0.502,0.484,0.496,0.397,0.538,0.448,0.531,0.551
"2018-09-09 02:30:00",5200,0.5,0.482,0.495,0.395,0.535,0.445,0.518,0.528
"2018-09-09 03:00:00",5201,0.497,0.479,0.493,0.393,0.533,0.441,0.515,0.527
"2018-09-09 03:30:00",5202,0.495,0.478,0.492,0.392,0.53,0.439,0.512,0.529
"2018-09-09 04:00:00",5203,0.494,0.477,0.492,0.393,0.529,0.439,0.513,0.525
"2018-09-09 04:30:00",5204,0.493,0.475,0.492,0.392,0.527,0.436,0.509,0.525
"2018-09-09 05:00:00",5205,0.49,0.471,0.492,0.391,0.525,0.43,0.508,0.523
"2018-09-09 05:30:00",5206,0.488,0.47,0.486,0.391,0.523,0.424,0.508,0.517
"2018-09-09 06:00:00",5207,0.486,0.466,0.479,0.388,0.518,0.416,0.506,0.482
"2018-09-09 06:30:00",5208,0.486,0.465,0.478,0.385,0.511,0.409,0.501,0.451
"2018-09-09 07:00:00",5209,0.486,0.464,0.481,0.385,0.515,0.39,0.49,0.413
"2018-09-09 07:30:00",5210,0.486,0.465,0.484,0.389,0.514,0.381,0.461,0.42
"2018-09-09 08:00:00",5211,0.485,0.462,0.48,0.389,0.512,0.395,0.46,0.417
"2018-09-09 08:30:00",5212,0.484,0.454,0.478,0.389,0.514,0.39,0.446,0.422
"2018-09-09 09:00:00",5213,0.483,0.44,0.472,0.39,0.515,0.388,0.437,0.415
"2018-09-09 09:30:00",5214,0.482,0.43,0.469,0.389,0.515,0.389,0.429,0.411
"2018-09-09 10:00:00",5215,0.479,0.411,0.464,0.385,0.514,0.39,0.414,0.412
"2018-09-09 10:30:00",5216,0.476,0.404,0.462,0.385,0.511,0.392,0.403,0.402
"2018-09-09 11:00:00",5217,0.474,0.4,0.462,0.387,0.504,0.391,0.402,0.413
"2018-09-09 11:30:00",5218,0.47,0.401,0.458,0.385,0.5,0.388,0.403,0.408
"2018-09-09 12:00:00",5219,0.468,0.403,0.455,0.384,0.497,0.391,0.41,0.401
"2018-09-09 12:30:00",5220,0.465,0.4,0.452,0.384,0.497,0.392,0.394,0.4
"2018-09-09 13:00:00",5221,0.465,0.397,0.45,0.384,0.497,0.394,0.394,0.402
"2018-09-09 13:30:00",5222,0.464,0.396,0.449,0.385,0.495,0.395,0.391,0.405
"2018-09-09 14:00:00",5223,0.464,0.399,0.449,0.385,0.493,0.396,0.408,0.4
"2018-09-09 14:30:00",5224,0.463,0.404,0.451,0.385,0.492,0.397,0.414,0.398
"2018-09-09 15:00:00",5225,0.463,0.402,0.45,0.385,0.492,0.395,0.389,0.4
"2018-09-09 15:30:00",5226,0.462,0.395,0.451,0.384,0.494,0.394,0.385,0.396
"2018-09-09 16:00:00",5227,0.46,0.391,0.452,0.383,0.496,0.392,0.377,0.395
"2018-09-09 16:30:00",5228,0.459,0.393,0.452,0.38,0.494,0.39,0.379,0.395
"2018-09-09 17:00:00",5229,0.461,0.389,0.456,0.381,0.499,0.388,0.375,0.391
"2018-09-09 17:30:00",5230,0.463,0.384,0.456,0.383,0.502,0.381,0.376,0.378
"2018-09-09 18:00:00",5231,0.46,0.394,0.451,0.38,0.492,0.384,0.392,0.401
"2018-09-09 18:30:00",5232,0.461,0.411,0.452,0.378,0.491,0.394,0.434,0.446
"2018-09-09 19:00:00",5233,0.461,0.418,0.456,0.38,0.493,0.405,0.449,0.462
"2018-09-09 19:30:00",5234,0.457,0.414,0.454,0.376,0.486,0.406,0.458,0.469
"2018-09-09 20:00:00",5235,0.453,0.412,0.453,0.372,0.481,0.404,0.464,0.47
"2018-09-09 20:30:00",5236,0.455,0.413,0.456,0.374,0.483,0.406,0.468,0.473
"2018-09-09 21:00:00",5237,0.462,0.415,0.459,0.377,0.489,0.406,0.47,0.476
"2018-09-09 21:30:00",5238,0.469,0.423,0.464,0.385,0.502,0.406,0.47,0.447
"2018-09-09 22:00:00",5239,0.472,0.428,0.468,0.39,0.506,0.419,0.47,0.448
"2018-09-09 22:30:00",5240,0.473,0.43,0.47,0.39,0.505,0.423,0.469,0.461
"2018-09-09 23:00:00",5241,0.473,0.432,0.472,0.391,0.504,0.424,0.468,0.456
"2018-09-09 23:30:00",5242,0.472,0.431,0.472,0.391,0.503,0.417,0.466,0.424
"2018-09-10 00:00:00",5243,0.471,0.429,0.47,0.391,0.5,0.403,0.462,0.437
"2018-09-10 00:30:00",5244,0.471,0.428,0.47,0.392,0.499,0.407,0.46,0.453
"2018-09-10 01:00:00",5245,0.472,0.421,0.468,0.39,0.501,0.412,0.464,0.463
"2018-09-10 01:30:00",5246,0.473,0.424,0.468,0.369,0.504,0.419,0.466,0.467
"2018-09-10 02:00:00",5247,0.474,0.426,0.469,0.366,0.506,0.423,0.467,0.469
"2018-09-10 02:30:00",5248,0.474,0.428,0.469,0.367,0.507,0.424,0.468,0.471
"2018-09-10 03:00:00",5249,0.473,0.428,0.47,0.368,0.507,0.423,0.469,0.47
"2018-09-10 03:30:00",5250,0.473,0.429,0.47,0.369,0.506,0.423,0.469,0.471
"2018-09-10 04:00:00",5251,0.472,0.43,0.472,0.371,0.507,0.424,0.467,0.471
"2018-09-10 04:30:00",5252,0.471,0.429,0.472,0.372,0.506,0.424,0.468,0.472
"2018-09-10 05:00:00",5253,0.471,0.431,0.472,0.375,0.504,0.425,0.47,0.474
"2018-09-10 05:30:00",5254,0.471,0.433,0.473,0.382,0.506,0.427,0.471,0.474
"2018-09-10 06:00:00",5255,0.471,0.432,0.473,0.385,0.506,0.426,0.469,0.473
"2018-09-10 06:30:00",5256,0.472,0.432,0.473,0.388,0.507,0.427,0.47,0.474
"2018-09-10 07:00:00",5257,0.473,0.437,0.475,0.393,0.507,0.431,0.471,0.479
"2018-09-10 07:30:00",5258,0.471,0.439,0.476,0.395,0.505,0.433,0.473,0.484
"2018-09-10 08:00:00",5259,0.469,0.439,0.475,0.395,0.503,0.433,0.472,0.483
"2018-09-10 08:30:00",5260,0.468,0.438,0.474,0.394,0.501,0.432,0.473,0.482
"2018-09-10 09:00:00",5261,0.467,0.439,0.474,0.394,0.5,0.432,0.473,0.481
"2018-09-10 09:30:00",5262,0.466,0.441,0.473,0.395,0.498,0.433,0.471,0.482
"2018-09-10 10:00:00",5263,0.465,0.443,0.47,0.395,0.496,0.434,0.468,0.479
"2018-09-10 10:30:00",5264,0.464,0.443,0.468,0.394,0.495,0.434,0.466,0.474
"2018-09-10 11:00:00",5265,0.466,0.446,0.47,0.394,0.496,0.438,0.468,0.477
"2018-09-10 11:30:00",5266,0.467,0.445,0.468,0.395,0.497,0.437,0.467,0.475
"2018-09-10 12:00:00",5267,0.468,0.446,0.464,0.395,0.496,0.437,0.469,0.477
"2018-09-10 12:30:00",5268,0.468,0.443,0.457,0.393,0.492,0.435,0.469,0.476
"2018-09-10 13:00:00",5269,0.467,0.438,0.447,0.388,0.482,0.429,0.471,0.48
"2018-09-10 13:30:00",5270,0.463,0.434,0.441,0.381,0.474,0.426,0.476,0.486
"2018-09-10 14:00:00",5271,0.455,0.43,0.434,0.375,0.467,0.422,0.477,0.488
"2018-09-10 14:30:00",5272,0.447,0.425,0.427,0.367,0.46,0.414,0.477,0.488
"2018-09-10 15:00:00",5273,0.441,0.423,0.423,0.364,0.455,0.41,0.478,0.49
"2018-09-10 15:30:00",5274,0.439,0.422,0.421,0.362,0.454,0.409,0.478,0.491
"2018-09-10 16:00:00",5275,0.439,0.423,0.422,0.364,0.457,0.41,0.476,0.492
"2018-09-10 16:30:00",5276,0.444,0.43,0.43,0.371,0.466,0.417,0.476,0.492
"2018-09-10 17:00:00",5277,0.457,0.442,0.447,0.384,0.483,0.432,0.476,0.492
"2018-09-10 17:30:00",5278,0.462,0.445,0.451,0.388,0.487,0.435,0.478,0.491
"2018-09-10 18:00:00",5279,0.462,0.443,0.45,0.387,0.485,0.434,0.477,0.49
"2018-09-10 18:30:00",5280,0.449,0.43,0.432,0.378,0.469,0.415,0.47,0.479
"2018-09-10 19:00:00",5281,0.45,0.43,0.437,0.378,0.474,0.414,0.468,0.478
"2018-09-10 19:30:00",5282,0.456,0.435,0.447,0.383,0.483,0.419,0.469,0.479
"2018-09-10 20:00:00",5283,0.461,0.439,0.456,0.388,0.488,0.424,0.469,0.481
"2018-09-10 20:30:00",5284,0.464,0.441,0.46,0.391,0.492,0.427,0.469,0.478
"2018-09-10 21:00:00",5285,0.467,0.443,0.463,0.393,0.494,0.429,0.47,0.478
"2018-09-10 21:30:00",5286,0.468,0.444,0.465,0.395,0.494,0.429,0.47,0.476
"2018-09-10 22:00:00",5287,0.47,0.445,0.468,0.398,0.496,0.433,0.471,0.478
"2018-09-10 22:30:00",5288,0.472,0.446,0.47,0.401,0.496,0.434,0.472,0.479
"2018-09-10 23:00:00",5289,0.474,0.451,0.474,0.404,0.498,0.44,0.474,0.481
"2018-09-10 23:30:00",5290,0.474,0.451,0.475,0.404,0.496,0.443,0.474,0.414
"2018-09-11 00:00:00",5291,0.472,0.448,0.473,0.398,0.492,0.438,0.476,0.434
"2018-09-11 00:30:00",5292,0.471,0.448,0.473,0.397,0.488,0.435,0.476,0.454
"2018-09-11 01:00:00",5293,0.471,0.448,0.472,0.395,0.486,0.434,0.475,0.462
"2018-09-11 01:30:00",5294,0.469,0.445,0.469,0.394,0.483,0.431,0.474,0.464
"2018-09-11 02:00:00",5295,0.469,0.444,0.468,0.393,0.483,0.431,0.474,0.468
"2018-09-11 02:30:00",5296,0.468,0.444,0.468,0.392,0.481,0.43,0.474,0.468
"2018-09-11 03:00:00",5297,0.468,0.444,0.468,0.391,0.48,0.431,0.474,0.471
"2018-09-11 03:30:00",5298,0.467,0.442,0.468,0.391,0.478,0.429,0.475,0.47
"2018-09-11 04:00:00",5299,0.466,0.441,0.467,0.389,0.476,0.427,0.476,0.47
"2018-09-11 04:30:00",5300,0.465,0.441,0.466,0.389,0.473,0.427,0.475,0.469
"2018-09-11 05:00:00",5301,0.465,0.444,0.467,0.39,0.471,0.432,0.475,0.471
"2018-09-11 05:30:00",5302,0.466,0.446,0.467,0.39,0.468,0.435,0.475,0.474
"2018-09-11 06:00:00",5303,0.465,0.445,0.466,0.39,0.465,0.431,0.474,0.475
"2018-09-11 06:30:00",5304,0.465,0.446,0.466,0.387,0.463,0.431,0.472,0.478
"2018-09-11 07:00:00",5305,0.464,0.444,0.466,0.386,0.462,0.428,0.47,0.479
"2018-09-11 07:30:00",5306,0.463,0.44,0.465,0.385,0.461,0.426,0.47,0.477
"2018-09-11 08:00:00",5307,0.461,0.435,0.463,0.385,0.46,0.422,0.47,0.47
"2018-09-11 08:30:00",5308,0.461,0.437,0.463,0.386,0.461,0.425,0.47,0.472
"2018-09-11 09:00:00",5309,0.463,0.44,0.465,0.387,0.465,0.428,0.469,0.475
"2018-09-11 09:30:00",5310,0.465,0.442,0.467,0.391,0.47,0.431,0.469,0.475
"2018-09-11 10:00:00",5311,0.464,0.442,0.464,0.393,0.472,0.431,0.468,0.472
"2018-09-11 10:30:00",5312,0.459,0.44,0.453,0.39,0.466,0.429,0.466,0.473
"2018-09-11 11:00:00",5313,0.45,0.434,0.44,0.382,0.452,0.423,0.466,0.475
"2018-09-11 11:30:00",5314,0.448,0.428,0.431,0.376,0.45,0.418,0.464,0.474
"2018-09-11 12:00:00",5315,0.45,0.428,0.428,0.375,0.451,0.416,0.466,0.475
"2018-09-11 12:30:00",5316,0.453,0.433,0.437,0.379,0.458,0.422,0.466,0.477
"2018-09-11 13:00:00",5317,0.453,0.43,0.437,0.379,0.46,0.42,0.465,0.474
"2018-09-11 13:30:00",5318,0.449,0.425,0.432,0.375,0.455,0.414,0.465,0.473
"2018-09-11 14:00:00",5319,0.445,0.422,0.428,0.369,0.449,0.411,0.466,0.476
"2018-09-11 14:30:00",5320,0.436,0.414,0.419,0.359,0.439,0.402,0.467,0.479
"2018-09-11 15:00:00",5321,0.429,0.408,0.412,0.351,0.432,0.393,0.467,0.479
"2018-09-11 15:30:00",5322,0.426,0.405,0.411,0.351,0.433,0.39,0.467,0.478
"2018-09-11 16:00:00",5323,0.427,0.404,0.413,0.354,0.437,0.391,0.467,0.478
"2018-09-11 16:30:00",5324,0.429,0.405,0.417,0.359,0.442,0.392,0.467,0.476
"2018-09-11 17:00:00",5325,0.427,0.402,0.416,0.359,0.44,0.39,0.466,0.474
"2018-09-11 17:30:00",5326,0.434,0.41,0.424,0.366,0.448,0.399,0.469,0.48
"2018-09-11 18:00:00",5327,0.442,0.418,0.43,0.372,0.454,0.409,0.472,0.484
"2018-09-11 18:30:00",5328,0.449,0.425,0.439,0.38,0.461,0.416,0.473,0.486
"2018-09-11 19:00:00",5329,0.458,0.435,0.453,0.39,0.474,0.428,0.473,0.489
"2018-09-11 19:30:00",5330,0.465,0.439,0.462,0.395,0.482,0.433,0.472,0.489
"2018-09-11 20:00:00",5331,0.469,0.442,0.469,0.399,0.487,0.438,0.472,0.489
"2018-09-11 20:30:00",5332,0.472,0.442,0.47,0.4,0.489,0.439,0.472,0.49
"2018-09-11 21:00:00",5333,0.474,0.445,0.473,0.402,0.491,0.443,0.473,0.492
"2018-09-11 21:30:00",5334,0.475,0.447,0.476,0.403,0.494,0.446,0.474,0.496
"2018-09-11 22:00:00",5335,0.476,0.449,0.478,0.406,0.495,0.45,0.474,0.499
"2018-09-11 22:30:00",5336,0.478,0.452,0.479,0.408,0.496,0.453,0.475,0.501
"2018-09-11 23:00:00",5337,0.479,0.453,0.48,0.409,0.496,0.455,0.475,0.503
"2018-09-11 23:30:00",5338,0.479,0.452,0.48,0.407,0.497,0.454,0.475,0.505
"2018-09-12 00:00:00",5339,0.479,0.45,0.48,0.406,0.497,0.453,0.475,0.507
"2018-09-12 00:30:00",5340,0.479,0.449,0.481,0.405,0.498,0.451,0.473,0.507
"2018-09-12 01:00:00",5341,0.48,0.451,0.482,0.405,0.498,0.454,0.475,0.509
"2018-09-12 01:30:00",5342,0.481,0.45,0.482,0.405,0.499,0.454,0.474,0.51
"2018-09-12 02:00:00",5343,0.482,0.454,0.484,0.407,0.498,0.458,0.475,0.512
"2018-09-12 02:30:00",5344,0.482,0.457,0.485,0.408,0.498,0.46,0.476,0.514
"2018-09-12 03:00:00",5345,0.482,0.456,0.485,0.406,0.498,0.459,0.477,0.516
"2018-09-12 03:30:00",5346,0.481,0.455,0.486,0.405,0.498,0.458,0.476,0.515
"2018-09-12 04:00:00",5347,0.481,0.457,0.486,0.406,0.498,0.461,0.478,0.516
"2018-09-12 04:30:00",5348,0.482,0.458,0.486,0.407,0.496,0.463,0.478,0.518
"2018-09-12 05:00:00",5349,0.481,0.457,0.485,0.405,0.495,0.462,0.48,0.518
"2018-09-12 05:30:00",5350,0.482,0.46,0.485,0.405,0.494,0.465,0.482,0.52
"2018-09-12 06:00:00",5351,0.481,0.46,0.484,0.405,0.492,0.466,0.483,0.521
"2018-09-12 06:30:00",5352,0.481,0.462,0.486,0.406,0.492,0.468,0.483,0.522
"2018-09-12 07:00:00",5353,0.481,0.462,0.486,0.405,0.491,0.469,0.483,0.523
"2018-09-12 07:30:00",5354,0.481,0.462,0.486,0.405,0.489,0.469,0.483,0.524
"2018-09-12 08:00:00",5355,0.481,0.46,0.484,0.403,0.488,0.466,0.483,0.523
"2018-09-12 08:30:00",5356,0.48,0.461,0.481,0.403,0.488,0.467,0.483,0.523
"2018-09-12 09:00:00",5357,0.48,0.461,0.474,0.401,0.486,0.466,0.482,0.524
"2018-09-12 09:30:00",5358,0.479,0.459,0.466,0.398,0.484,0.464,0.483,0.523
"2018-09-12 10:00:00",5359,0.477,0.453,0.455,0.391,0.477,0.457,0.484,0.522
"2018-09-12 10:30:00",5360,0.468,0.442,0.44,0.381,0.465,0.444,0.483,0.521
"2018-09-12 11:00:00",5361,0.451,0.427,0.42,0.364,0.445,0.424,0.483,0.519
"2018-09-12 11:30:00",5362,0.425,0.409,0.399,0.345,0.425,0.399,0.48,0.513
"2018-09-12 12:00:00",5363,0.411,0.403,0.393,0.336,0.418,0.389,0.478,0.51
"2018-09-12 12:30:00",5364,0.399,0.398,0.386,0.328,0.41,0.38,0.478,0.51
"2018-09-12 13:00:00",5365,0.403,0.41,0.391,0.33,0.414,0.384,0.476,0.508
"2018-09-12 13:30:00",5366,0.398,0.408,0.386,0.325,0.408,0.378,0.477,0.509
"2018-09-12 14:00:00",5367,0.383,0.399,0.372,0.31,0.395,0.359,0.476,0.501
"2018-09-12 14:30:00",5368,0.377,0.398,0.371,0.306,0.392,0.354,0.473,0.489
"2018-09-12 15:00:00",5369,0.378,0.402,0.374,0.309,0.395,0.357,0.471,0.478
"2018-09-12 15:30:00",5370,0.38,0.404,0.377,0.313,0.398,0.358,0.469,0.471
"2018-09-12 16:00:00",5371,0.382,0.407,0.381,0.316,0.401,0.363,0.468,0.472
"2018-09-12 16:30:00",5372,0.384,0.41,0.384,0.32,0.403,0.367,0.465,0.474
"2018-09-12 17:00:00",5373,0.385,0.413,0.387,0.324,0.407,0.369,0.466,0.476
"2018-09-12 17:30:00",5374,0.392,0.419,0.397,0.334,0.414,0.377,0.464,0.48
"2018-09-12 18:00:00",5375,0.403,0.428,0.406,0.348,0.425,0.39,0.473,0.491
"2018-09-12 18:30:00",5376,0.426,0.445,0.423,0.367,0.447,0.412,0.479,0.501
"2018-09-12 19:00:00",5377,0.445,0.461,0.445,0.387,0.47,0.438,0.483,0.511
"2018-09-12 19:30:00",5378,0.453,0.466,0.453,0.39,0.474,0.445,0.485,0.517
"2018-09-12 20:00:00",5379,0.461,0.474,0.461,0.394,0.485,0.454,0.486,0.521
"2018-09-12 20:30:00",5380,0.468,0.478,0.468,0.397,0.491,0.461,0.488,0.525
"2018-09-12 21:00:00",5381,0.473,0.48,0.473,0.399,0.495,0.466,0.486,0.527
"2018-09-12 21:30:00",5382,0.477,0.483,0.478,0.402,0.501,0.47,0.484,0.529
"2018-09-12 22:00:00",5383,0.48,0.485,0.481,0.405,0.503,0.473,0.485,0.53
"2018-09-12 22:30:00",5384,0.48,0.485,0.48,0.404,0.5,0.473,0.487,0.531
"2018-09-12 23:00:00",5385,0.48,0.483,0.478,0.401,0.496,0.471,0.487,0.531
"2018-09-12 23:30:00",5386,0.479,0.481,0.476,0.397,0.491,0.467,0.487,0.532
"2018-09-13 00:00:00",5387,0.479,0.48,0.475,0.396,0.491,0.466,0.487,0.533
"2018-09-13 00:30:00",5388,0.481,0.48,0.478,0.397,0.496,0.47,0.488,0.534
"2018-09-13 01:00:00",5389,0.483,0.483,0.48,0.4,0.5,0.473,0.486,0.535
"2018-09-13 01:30:00",5390,0.483,0.481,0.481,0.401,0.502,0.474,0.488,0.535
"2018-09-13 02:00:00",5391,0.482,0.477,0.479,0.399,0.499,0.469,0.488,0.534
"2018-09-13 02:30:00",5392,0.481,0.476,0.478,0.397,0.497,0.468,0.488,0.533
"2018-09-13 03:00:00",5393,0.481,0.473,0.476,0.396,0.496,0.465,0.487,0.531
"2018-09-13 03:30:00",5394,0.48,0.471,0.474,0.392,0.492,0.46,0.487,0.53
"2018-09-13 04:00:00",5395,0.478,0.469,0.471,0.39,0.488,0.457,0.486,0.529
"2018-09-13 04:30:00",5396,0.477,0.467,0.467,0.387,0.485,0.454,0.486,0.53
"2018-09-13 05:00:00",5397,0.473,0.462,0.461,0.383,0.478,0.447,0.485,0.528
"2018-09-13 05:30:00",5398,0.471,0.46,0.457,0.381,0.477,0.444,0.481,0.53
"2018-09-13 06:00:00",5399,0.47,0.46,0.456,0.38,0.478,0.443,0.477,0.53
"2018-09-13 06:30:00",5400,0.47,0.46,0.456,0.38,0.478,0.444,0.475,0.53
"2018-09-13 07:00:00",5401,0.47,0.461,0.457,0.382,0.481,0.446,0.476,0.53
"2018-09-13 07:30:00",5402,0.47,0.46,0.457,0.383,0.481,0.448,0.476,0.53
"2018-09-13 08:00:00",5403,0.471,0.46,0.456,0.383,0.481,0.449,0.477,0.53
"2018-09-13 08:30:00",5404,0.469,0.457,0.452,0.381,0.481,0.447,0.475,0.527
"2018-09-13 09:00:00",5405,0.469,0.456,0.451,0.381,0.48,0.447,0.475,0.526
"2018-09-13 09:30:00",5406,0.469,0.456,0.451,0.383,0.482,0.448,0.474,0.523
"2018-09-13 10:00:00",5407,0.469,0.457,0.451,0.384,0.481,0.45,0.475,0.522
"2018-09-13 10:30:00",5408,0.467,0.456,0.448,0.383,0.478,0.448,0.476,0.524
"2018-09-13 11:00:00",5409,0.459,0.448,0.434,0.375,0.466,0.439,0.475,0.523
