"TOA5","CR1000-SHORE","CR1000","86619","CR1000.Std.31.03","CPU:Sapflow_SERC.CR1","2121","Table1"
"TIMESTAMP","RECORD","DiffVolt_Avg(1)","DiffVolt_Avg(2)","DiffVolt_Avg(3)","DiffVolt_Avg(4)","DiffVolt_Avg(5)","DiffVolt_Avg(6)"
"TS","RN","mV","mV","mV","mV","mV","mV"
"","","Avg","Avg","Avg","Avg","Avg","Avg"
"2018-07-16 17:30:00",3229,0.459,0.525,0.488,0.604,0.446,0.533
"2018-07-16 18:00:00",3230,0.48,0.544,0.514,0.623,0.464,0.557
"2018-07-16 18:30:00",3231,0.508,0.565,0.535,0.639,0.484,0.589
"2018-07-16 19:00:00",3232,0.52,0.577,0.545,0.648,0.497,0.602
"2018-07-16 19:30:00",3233,0.529,0.584,0.549,0.653,0.508,0.614
"2018-07-16 20:00:00",3234,0.539,0.592,0.557,0.66,0.519,0.629
"2018-07-16 20:30:00",3235,0.549,0.597,0.563,0.665,0.524,0.64
"2018-07-16 21:00:00",3236,0.558,0.599,0.568,0.668,0.53,0.65
"2018-07-16 21:30:00",3237,0.563,0.6,0.57,0.67,0.532,0.655
"2018-07-16 22:00:00",3238,0.569,0.601,0.572,0.672,0.535,0.66
"2018-07-16 22:30:00",3239,0.574,0.601,0.574,0.673,0.537,0.663
"2018-07-16 23:00:00",3240,0.578,0.602,0.574,0.674,0.538,0.666
"2018-07-16 23:30:00",3241,0.58,0.603,0.574,0.674,0.54,0.668
"2018-07-17 00:00:00",3242,0.582,0.603,0.573,0.675,0.54,0.669
"2018-07-17 00:30:00",3243,0.582,0.604,0.575,0.675,0.54,0.67
"2018-07-17 01:00:00",3244,0.583,0.604,0.575,0.676,0.541,0.67
"2018-07-17 01:30:00",3245,0.584,0.604,0.577,0.676,0.543,0.67
"2018-07-17 02:00:00",3246,0.584,0.604,0.577,0.676,0.543,0.671
"2018-07-17 02:30:00",3247,0.584,0.604,0.577,0.676,0.543,0.671
"2018-07-17 03:00:00",3248,0.584,0.605,0.578,0.676,0.544,0.671
"2018-07-17 03:30:00",3249,0.584,0.605,0.578,0.676,0.544,0.671
"2018-07-17 04:00:00",3250,0.582,0.605,0.578,0.676,0.545,0.67
"2018-07-17 04:30:00",3251,0.581,0.605,0.578,0.676,0.544,0.67
"2018-07-17 05:00:00",3252,0.581,0.606,0.579,0.676,0.544,0.67
"2018-07-17 05:30:00",3253,0.581,0.606,0.579,0.675,0.544,0.669
"2018-07-17 06:00:00",3254,0.581,0.606,0.579,0.675,0.544,0.67
"2018-07-17 06:30:00",3255,0.581,0.607,0.579,0.675,0.544,0.669
"2018-07-17 07:00:00",3256,0.578,0.607,0.575,0.672,0.544,0.664
"2018-07-17 07:30:00",3257,0.552,0.599,0.553,0.658,0.541,0.645
"2018-07-17 08:00:00",3258,0.519,0.592,0.531,0.64,0.539,0.622
"2018-07-17 08:30:00",3259,0.453,0.569,0.479,0.601,0.529,0.567
"2018-07-17 09:00:00",3260,0.411,0.545,0.441,0.576,0.51,0.517
"2018-07-17 09:30:00",3261,0.403,0.531,0.429,0.564,0.483,0.493
"2018-07-17 10:00:00",3262,0.417,0.537,0.443,0.57,0.472,0.5
"2018-07-17 10:30:00",3263,0.395,0.528,0.427,0.539,0.461,0.477
"2018-07-17 11:00:00",3264,0.388,0.51,0.412,0.532,0.439,0.474
"2018-07-17 11:30:00",3265,0.39,0.495,0.408,0.54,0.424,0.479
"2018-07-17 12:00:00",3266,0.393,0.49,0.408,0.534,0.42,0.478
"2018-07-17 12:30:00",3267,0.394,0.481,0.404,0.533,0.416,0.471
"2018-07-17 13:00:00",3268,0.401,0.483,0.408,0.54,0.415,0.477
"2018-07-17 13:30:00",3269,0.402,0.481,0.409,0.542,0.415,0.478
"2018-07-17 14:00:00",3270,0.408,0.487,0.416,0.549,0.418,0.484
"2018-07-17 14:30:00",3271,0.44,0.518,0.443,0.576,0.443,0.523
"2018-07-17 15:00:00",3272,0.44,0.522,0.449,0.587,0.45,0.521
"2018-07-17 15:30:00",3273,0.466,0.539,0.473,0.608,0.458,0.545
"2018-07-17 16:00:00",3274,0.482,0.554,0.494,0.611,0.458,0.571
"2018-07-17 16:30:00",3275,0.504,0.577,0.521,0.54,0.461,0.601
"2018-07-17 17:00:00",3276,0.534,0.598,0.544,0.55,0.481,0.629
"2018-07-17 17:30:00",3277,0.548,0.6,0.552,0.569,0.493,0.643
"2018-07-17 18:00:00",3278,0.558,0.597,0.543,0.59,0.499,0.647
"2018-07-17 18:30:00",3279,0.564,0.589,0.539,0.613,0.504,0.652
"2018-07-17 19:00:00",3280,0.568,0.579,0.539,0.618,0.505,0.655
"2018-07-17 19:30:00",3281,0.571,0.578,0.539,0.621,0.507,0.658
"2018-07-17 20:00:00",3282,0.572,0.576,0.538,0.623,0.506,0.659
"2018-07-17 20:30:00",3283,0.574,0.574,0.535,0.623,0.506,0.662
"2018-07-17 21:00:00",3284,0.576,0.574,0.525,0.622,0.504,0.662
"2018-07-17 21:30:00",3285,0.576,0.576,0.521,0.623,0.505,0.662
"2018-07-17 22:00:00",3286,0.58,0.575,0.524,0.627,0.507,0.662
"2018-07-17 22:30:00",3287,0.58,0.576,0.523,0.63,0.506,0.662
"2018-07-17 23:00:00",3288,0.581,0.577,0.52,0.632,0.505,0.661
"2018-07-17 23:30:00",3289,0.581,0.575,0.521,0.634,0.507,0.661
"2018-07-18 00:00:00",3290,0.58,0.575,0.518,0.638,0.508,0.661
"2018-07-18 00:30:00",3291,0.58,0.574,0.513,0.634,0.501,0.658
"2018-07-18 01:00:00",3292,0.579,0.575,0.514,0.635,0.503,0.658
"2018-07-18 01:30:00",3293,0.58,0.579,0.519,0.639,0.508,0.661
"2018-07-18 02:00:00",3294,0.58,0.584,0.524,0.644,0.512,0.663
"2018-07-18 02:30:00",3295,0.581,0.585,0.526,0.644,0.511,0.664
"2018-07-18 03:00:00",3296,0.58,0.587,0.531,0.645,0.511,0.663
"2018-07-18 03:30:00",3297,0.581,0.588,0.535,0.646,0.511,0.663
"2018-07-18 04:00:00",3298,0.581,0.589,0.539,0.648,0.512,0.663
"2018-07-18 04:30:00",3299,0.58,0.592,0.542,0.652,0.515,0.664
"2018-07-18 05:00:00",3300,0.577,0.595,0.546,0.654,0.517,0.665
"2018-07-18 05:30:00",3301,0.567,0.597,0.551,0.657,0.521,0.666
"2018-07-18 06:00:00",3302,0.559,0.598,0.552,0.659,0.52,0.666
"2018-07-18 06:30:00",3303,0.558,0.598,0.551,0.658,0.518,0.663
"2018-07-18 07:00:00",3304,0.555,0.599,0.551,0.658,0.519,0.662
"2018-07-18 07:30:00",3305,0.543,0.597,0.546,0.656,0.521,0.654
"2018-07-18 08:00:00",3306,0.517,0.591,0.528,0.642,0.517,0.638
"2018-07-18 08:30:00",3307,0.464,0.574,0.488,0.613,0.511,0.598
"2018-07-18 09:00:00",3308,0.41,0.56,0.461,0.598,0.504,0.551
"2018-07-18 09:30:00",3309,0.374,0.541,0.43,0.577,0.483,0.506
"2018-07-18 10:00:00",3310,0.362,0.524,0.42,0.553,0.461,0.479
"2018-07-18 10:30:00",3311,0.36,0.509,0.416,0.525,0.44,0.467
"2018-07-18 11:00:00",3312,0.358,0.494,0.409,0.527,0.419,0.47
"2018-07-18 11:30:00",3313,0.36,0.49,0.41,0.547,0.414,0.486
"2018-07-18 12:00:00",3314,0.361,0.48,0.407,0.533,0.408,0.48
"2018-07-18 12:30:00",3315,0.365,0.476,0.41,0.542,0.41,0.475
"2018-07-18 13:00:00",3316,0.364,0.466,0.408,0.547,0.399,0.471
"2018-07-18 13:30:00",3317,0.368,0.464,0.411,0.552,0.402,0.468
"2018-07-18 14:00:00",3318,0.373,0.468,0.416,0.559,0.405,0.468
"2018-07-18 14:30:00",3319,0.374,0.464,0.41,0.553,0.401,0.469
"2018-07-18 15:00:00",3320,0.383,0.468,0.414,0.551,0.408,0.481
"2018-07-18 15:30:00",3321,0.39,0.477,0.427,0.568,0.419,0.488
"2018-07-18 16:00:00",3322,0.395,0.469,0.428,0.569,0.411,0.485
"2018-07-18 16:30:00",3323,0.406,0.473,0.437,0.575,0.415,0.498
"2018-07-18 17:00:00",3324,0.422,0.487,0.451,0.584,0.423,0.518
"2018-07-18 17:30:00",3325,0.437,0.505,0.47,0.605,0.441,0.537
"2018-07-18 18:00:00",3326,0.449,0.52,0.488,0.624,0.453,0.555
"2018-07-18 18:30:00",3327,0.463,0.529,0.5,0.633,0.465,0.566
"2018-07-18 19:00:00",3328,0.478,0.545,0.511,0.641,0.478,0.583
"2018-07-18 19:30:00",3329,0.489,0.56,0.522,0.649,0.489,0.6
"2018-07-18 20:00:00",3330,0.504,0.572,0.531,0.654,0.501,0.617
"2018-07-18 20:30:00",3331,0.518,0.584,0.541,0.66,0.512,0.634
"2018-07-18 21:00:00",3332,0.527,0.592,0.548,0.664,0.519,0.645
"2018-07-18 21:30:00",3333,0.536,0.596,0.555,0.667,0.524,0.655
"2018-07-18 22:00:00",3334,0.541,0.599,0.559,0.67,0.528,0.661
"2018-07-18 22:30:00",3335,0.545,0.601,0.561,0.671,0.529,0.664
"2018-07-18 23:00:00",3336,0.548,0.602,0.563,0.672,0.532,0.667
"2018-07-18 23:30:00",3337,0.55,0.604,0.565,0.674,0.535,0.669
"2018-07-19 00:00:00",3338,0.552,0.604,0.564,0.674,0.536,0.671
"2018-07-19 00:30:00",3339,0.552,0.605,0.564,0.675,0.536,0.67
"2018-07-19 01:00:00",3340,0.553,0.606,0.564,0.675,0.537,0.671
"2018-07-19 01:30:00",3341,0.555,0.605,0.565,0.675,0.536,0.671
"2018-07-19 02:00:00",3342,0.555,0.605,0.566,0.675,0.537,0.672
"2018-07-19 02:30:00",3343,0.554,0.606,0.567,0.676,0.537,0.674
"2018-07-19 03:00:00",3344,0.551,0.608,0.567,0.676,0.537,0.672
"2018-07-19 03:30:00",3345,0.55,0.608,0.566,0.675,0.535,0.67
"2018-07-19 04:00:00",3346,0.55,0.609,0.568,0.675,0.537,0.671
"2018-07-19 04:30:00",3347,0.551,0.609,0.57,0.675,0.538,0.672
"2018-07-19 05:00:00",3348,0.55,0.608,0.571,0.675,0.538,0.672
"2018-07-19 05:30:00",3349,0.549,0.609,0.572,0.675,0.539,0.673
"2018-07-19 06:00:00",3350,0.549,0.609,0.571,0.674,0.538,0.672
"2018-07-19 06:30:00",3351,0.544,0.609,0.571,0.673,0.539,0.668
"2018-07-19 07:00:00",3352,0.532,0.604,0.555,0.67,0.537,0.652
"2018-07-19 07:30:00",3353,0.495,0.581,0.51,0.65,0.534,0.616
"2018-07-19 08:00:00",3354,0.455,0.566,0.482,0.629,0.528,0.58
"2018-07-19 08:30:00",3355,0.393,0.528,0.432,0.574,0.502,0.509
"2018-07-19 09:00:00",3356,0.357,0.501,0.415,0.547,0.462,0.472
"2018-07-19 09:30:00",3357,0.349,0.486,0.408,0.541,0.441,0.453
"2018-07-19 10:00:00",3358,0.347,0.474,0.408,0.531,0.426,0.453
"2018-07-19 10:30:00",3359,0.347,0.469,0.407,0.521,0.415,0.459
"2018-07-19 11:00:00",3360,0.347,0.467,0.405,0.525,0.409,0.462
"2018-07-19 11:30:00",3361,0.349,0.468,0.406,0.538,0.406,0.474
"2018-07-19 12:00:00",3362,0.351,0.47,0.409,0.537,0.412,0.478
"2018-07-19 12:30:00",3363,0.356,0.472,0.413,0.546,0.414,0.477
"2018-07-19 13:00:00",3364,0.36,0.469,0.414,0.554,0.406,0.476
"2018-07-19 13:30:00",3365,0.363,0.469,0.419,0.56,0.406,0.474
"2018-07-19 14:00:00",3366,0.367,0.473,0.426,0.569,0.408,0.474
"2018-07-19 14:30:00",3367,0.379,0.481,0.436,0.579,0.417,0.481
"2018-07-19 15:00:00",3368,0.383,0.482,0.439,0.581,0.421,0.488
"2018-07-19 15:30:00",3369,0.386,0.484,0.448,0.585,0.427,0.491
"2018-07-19 16:00:00",3370,0.398,0.485,0.458,0.591,0.432,0.497
"2018-07-19 16:30:00",3371,0.412,0.487,0.471,0.601,0.439,0.513
"2018-07-19 17:00:00",3372,0.429,0.504,0.482,0.607,0.446,0.534
"2018-07-19 17:30:00",3373,0.44,0.519,0.49,0.619,0.459,0.546
"2018-07-19 18:00:00",3374,0.449,0.53,0.504,0.63,0.47,0.559
"2018-07-19 18:30:00",3375,0.464,0.542,0.515,0.638,0.482,0.57
"2018-07-19 19:00:00",3376,0.478,0.556,0.522,0.644,0.494,0.584
"2018-07-19 19:30:00",3377,0.491,0.569,0.53,0.649,0.505,0.601
"2018-07-19 20:00:00",3378,0.504,0.579,0.54,0.654,0.516,0.616
"2018-07-19 20:30:00",3379,0.518,0.587,0.546,0.659,0.524,0.633
"2018-07-19 21:00:00",3380,0.528,0.594,0.551,0.664,0.531,0.647
"2018-07-19 21:30:00",3381,0.537,0.598,0.555,0.667,0.534,0.656
"2018-07-19 22:00:00",3382,0.543,0.601,0.559,0.671,0.537,0.661
"2018-07-19 22:30:00",3383,0.548,0.603,0.562,0.673,0.539,0.666
"2018-07-19 23:00:00",3384,0.553,0.604,0.563,0.674,0.539,0.668
"2018-07-19 23:30:00",3385,0.555,0.605,0.565,0.676,0.54,0.67
"2018-07-20 00:00:00",3386,0.557,0.606,0.568,0.676,0.54,0.672
"2018-07-20 00:30:00",3387,0.557,0.607,0.569,0.677,0.541,0.672
"2018-07-20 01:00:00",3388,0.556,0.608,0.567,0.675,0.539,0.669
"2018-07-20 01:30:00",3389,0.558,0.607,0.569,0.675,0.539,0.67
"2018-07-20 02:00:00",3390,0.558,0.607,0.57,0.674,0.538,0.671
"2018-07-20 02:30:00",3391,0.557,0.607,0.571,0.675,0.54,0.672
"2018-07-20 03:00:00",3392,0.554,0.607,0.571,0.675,0.539,0.672
"2018-07-20 03:30:00",3393,0.553,0.607,0.571,0.674,0.538,0.672
"2018-07-20 04:00:00",3394,0.552,0.608,0.571,0.674,0.539,0.672
"2018-07-20 04:30:00",3395,0.551,0.609,0.57,0.673,0.539,0.671
"2018-07-20 05:00:00",3396,0.551,0.609,0.573,0.674,0.54,0.673
"2018-07-20 05:30:00",3397,0.552,0.608,0.572,0.673,0.537,0.673
"2018-07-20 06:00:00",3398,0.552,0.609,0.572,0.673,0.538,0.673
"2018-07-20 06:30:00",3399,0.553,0.609,0.573,0.673,0.539,0.673
"2018-07-20 07:00:00",3400,0.551,0.609,0.572,0.672,0.539,0.67
"2018-07-20 07:30:00",3401,0.54,0.607,0.565,0.664,0.539,0.662
"2018-07-20 08:00:00",3402,0.512,0.603,0.55,0.651,0.54,0.645
"2018-07-20 08:30:00",3403,0.471,0.595,0.525,0.639,0.539,0.618
"2018-07-20 09:00:00",3404,0.41,0.579,0.483,0.622,0.534,0.56
"2018-07-20 09:30:00",3405,0.375,0.559,0.45,0.6,0.522,0.508
"2018-07-20 10:00:00",3406,0.361,0.534,0.435,0.57,0.497,0.474
"2018-07-20 10:30:00",3407,0.355,0.518,0.427,0.539,0.467,0.464
"2018-07-20 11:00:00",3408,0.357,0.507,0.423,0.542,0.447,0.477
"2018-07-20 11:30:00",3409,0.355,0.499,0.42,0.553,0.434,0.485
"2018-07-20 12:00:00",3410,0.353,0.484,0.415,0.541,0.42,0.478
"2018-07-20 12:30:00",3411,0.352,0.476,0.41,0.542,0.414,0.47
"2018-07-20 13:00:00",3412,0.354,0.466,0.409,0.546,0.406,0.468
"2018-07-20 13:30:00",3413,0.362,0.468,0.415,0.555,0.407,0.469
"2018-07-20 14:00:00",3414,0.363,0.465,0.413,0.552,0.406,0.463
"2018-07-20 14:30:00",3415,0.377,0.475,0.423,0.562,0.413,0.474
"2018-07-20 15:00:00",3416,0.384,0.476,0.427,0.57,0.416,0.481
"2018-07-20 15:30:00",3417,0.392,0.487,0.44,0.579,0.424,0.488
"2018-07-20 16:00:00",3418,0.402,0.481,0.446,0.582,0.428,0.491
"2018-07-20 16:30:00",3419,0.417,0.487,0.461,0.597,0.436,0.508
"2018-07-20 17:00:00",3420,0.42,0.499,0.472,0.604,0.442,0.519
"2018-07-20 17:30:00",3421,0.437,0.512,0.48,0.615,0.452,0.535
"2018-07-20 18:00:00",3422,0.454,0.53,0.5,0.63,0.469,0.557
"2018-07-20 18:30:00",3423,0.459,0.536,0.509,0.635,0.475,0.562
"2018-07-20 19:00:00",3424,0.477,0.553,0.523,0.641,0.49,0.579
"2018-07-20 19:30:00",3425,0.494,0.568,0.537,0.649,0.506,0.597
"2018-07-20 20:00:00",3426,0.507,0.579,0.545,0.656,0.518,0.613
"2018-07-20 20:30:00",3427,0.516,0.587,0.55,0.66,0.526,0.627
"2018-07-20 21:00:00",3428,0.519,0.591,0.555,0.662,0.532,0.632
"2018-07-20 21:30:00",3429,0.519,0.592,0.556,0.662,0.533,0.635
"2018-07-20 22:00:00",3430,0.521,0.592,0.558,0.662,0.534,0.637
"2018-07-20 22:30:00",3431,0.523,0.593,0.56,0.662,0.534,0.641
"2018-07-20 23:00:00",3432,0.525,0.594,0.562,0.663,0.535,0.644
"2018-07-20 23:30:00",3433,0.526,0.594,0.563,0.664,0.535,0.646
"2018-07-21 00:00:00",3434,0.528,0.596,0.564,0.665,0.535,0.648
"2018-07-21 00:30:00",3435,0.53,0.597,0.566,0.667,0.535,0.649
"2018-07-21 01:00:00",3436,0.533,0.6,0.568,0.668,0.537,0.651
"2018-07-21 01:30:00",3437,0.534,0.602,0.569,0.67,0.539,0.654
"2018-07-21 02:00:00",3438,0.536,0.603,0.57,0.671,0.539,0.656
"2018-07-21 02:30:00",3439,0.536,0.603,0.57,0.671,0.539,0.657
"2018-07-21 03:00:00",3440,0.536,0.604,0.571,0.671,0.54,0.658
"2018-07-21 03:30:00",3441,0.535,0.604,0.568,0.668,0.539,0.657
"2018-07-21 04:00:00",3442,0.538,0.604,0.568,0.665,0.539,0.657
"2018-07-21 04:30:00",3443,0.536,0.603,0.566,0.663,0.537,0.657
"2018-07-21 05:00:00",3444,0.536,0.603,0.569,0.662,0.538,0.657
"2018-07-21 05:30:00",3445,0.538,0.603,0.572,0.665,0.539,0.66
"2018-07-21 06:00:00",3446,0.538,0.603,0.572,0.666,0.539,0.66
"2018-07-21 06:30:00",3447,0.542,0.604,0.573,0.668,0.538,0.664
"2018-07-21 07:00:00",3448,0.541,0.604,0.573,0.669,0.539,0.666
"2018-07-21 07:30:00",3449,0.532,0.602,0.572,0.667,0.538,0.662
"2018-07-21 08:00:00",3450,0.522,0.597,0.568,0.661,0.535,0.653
"2018-07-21 08:30:00",3451,0.518,0.597,0.57,0.661,0.534,0.651
"2018-07-21 09:00:00",3452,0.522,0.598,0.57,0.663,0.534,0.654
"2018-07-21 09:30:00",3453,0.521,0.599,0.568,0.662,0.535,0.654
"2018-07-21 10:00:00",3454,0.525,0.6,0.562,0.658,0.531,0.654
"2018-07-21 10:30:00",3455,0.53,0.6,0.558,0.653,0.527,0.657
"2018-07-21 11:00:00",3456,0.526,0.597,0.554,0.649,0.523,0.654
"2018-07-21 11:30:00",3457,0.524,0.593,0.551,0.624,0.518,0.649
"2018-07-21 12:00:00",3458,0.523,0.586,0.55,0.551,0.514,0.647
"2018-07-21 12:30:00",3459,0.52,0.565,0.545,0.533,0.494,0.646
"2018-07-21 13:00:00",3460,0.518,0.541,0.517,0.522,0.48,0.645
"2018-07-21 13:30:00",3461,0.502,0.517,0.504,0.516,0.468,0.642
"2018-07-21 14:00:00",3462,0.496,0.507,0.485,0.515,0.465,0.643
"2018-07-21 14:30:00",3463,0.491,0.501,0.477,0.513,0.462,0.639
"2018-07-21 15:00:00",3464,0.488,0.501,0.473,0.511,0.459,0.635
"2018-07-21 15:30:00",3465,0.481,0.496,0.468,0.512,0.456,0.636
"2018-07-21 16:00:00",3466,0.471,0.494,0.462,0.512,0.454,0.634
"2018-07-21 16:30:00",3467,0.466,0.494,0.464,0.512,0.45,0.632
"2018-07-21 17:00:00",3468,0.461,0.496,0.465,0.508,0.449,0.63
"2018-07-21 17:30:00",3469,0.458,0.506,0.469,0.478,0.45,0.627
"2018-07-21 18:00:00",3470,0.458,0.505,0.467,0.474,0.447,0.627
"2018-07-21 18:30:00",3471,0.46,0.515,0.474,0.497,0.448,0.627
"2018-07-21 19:00:00",3472,0.463,0.523,0.473,0.503,0.45,0.627
"2018-07-21 19:30:00",3473,0.461,0.519,0.473,0.508,0.45,0.628
"2018-07-21 20:00:00",3474,0.454,0.508,0.47,0.487,0.441,0.63
"2018-07-21 20:30:00",3475,0.454,0.506,0.47,0.486,0.437,0.63
"2018-07-21 21:00:00",3476,0.453,0.505,0.47,0.485,0.435,0.628
"2018-07-21 21:30:00",3477,0.455,0.504,0.472,0.486,0.434,0.63
"2018-07-21 22:00:00",3478,0.462,0.496,0.471,0.485,0.425,0.638
"2018-07-21 22:30:00",3479,0.463,0.5,0.474,0.489,0.426,0.639
"2018-07-21 23:00:00",3480,0.465,0.503,0.477,0.49,0.426,0.638
"2018-07-21 23:30:00",3481,0.471,0.508,0.486,0.494,0.428,0.64
"2018-07-22 00:00:00",3482,0.473,0.503,0.485,0.489,0.424,0.643
"2018-07-22 00:30:00",3483,0.475,0.518,0.494,0.507,0.439,0.646
"2018-07-22 01:00:00",3484,0.478,0.533,0.499,0.547,0.45,0.645
"2018-07-22 01:30:00",3485,0.477,0.539,0.5,0.556,0.453,0.646
"2018-07-22 02:00:00",3486,0.485,0.544,0.5,0.562,0.461,0.649
"2018-07-22 02:30:00",3487,0.49,0.55,0.501,0.569,0.465,0.652
"2018-07-22 03:00:00",3488,0.494,0.554,0.505,0.577,0.47,0.654
"2018-07-22 03:30:00",3489,0.491,0.554,0.502,0.576,0.468,0.653
"2018-07-22 04:00:00",3490,0.492,0.555,0.504,0.578,0.47,0.654
"2018-07-22 04:30:00",3491,0.494,0.558,0.507,0.581,0.472,0.655
"2018-07-22 05:00:00",3492,0.496,0.559,0.512,0.585,0.475,0.656
"2018-07-22 05:30:00",3493,0.497,0.559,0.514,0.586,0.478,0.657
"2018-07-22 06:00:00",3494,0.496,0.558,0.515,0.586,0.479,0.657
"2018-07-22 06:30:00",3495,0.497,0.558,0.515,0.588,0.48,0.659
"2018-07-22 07:00:00",3496,0.499,0.558,0.516,0.589,0.481,0.659
"2018-07-22 07:30:00",3497,0.499,0.559,0.513,0.588,0.48,0.658
"2018-07-22 08:00:00",3498,0.5,0.561,0.512,0.584,0.479,0.656
"2018-07-22 08:30:00",3499,0.496,0.562,0.51,0.581,0.478,0.654
"2018-07-22 09:00:00",3500,0.477,0.56,0.5,0.579,0.477,0.647
"2018-07-22 09:30:00",3501,0.462,0.558,0.495,0.577,0.477,0.635
"2018-07-22 10:00:00",3502,0.452,0.556,0.494,0.575,0.476,0.623
"2018-07-22 10:30:00",3503,0.434,0.549,0.492,0.569,0.472,0.604
"2018-07-22 11:00:00",3504,0.419,0.541,0.485,0.564,0.471,0.586
"2018-07-22 11:30:00",3505,0.395,0.533,0.476,0.557,0.465,0.567
"2018-07-22 12:00:00",3506,0.407,0.534,0.48,0.562,0.46,0.576
"2018-07-22 12:30:00",3507,0.42,0.539,0.48,0.559,0.453,0.588
"2018-07-22 13:00:00",3508,0.43,0.539,0.479,0.56,0.454,0.59
"2018-07-22 13:30:00",3509,0.426,0.535,0.474,0.56,0.446,0.582
"2018-07-22 14:00:00",3510,0.416,0.527,0.464,0.558,0.439,0.563
"2018-07-22 14:30:00",3511,0.427,0.529,0.466,0.564,0.442,0.571
"2018-07-22 15:00:00",3512,0.455,0.536,0.486,0.568,0.437,0.611
"2018-07-22 15:30:00",3513,0.471,0.522,0.474,0.512,0.416,0.632
"2018-07-22 16:00:00",3514,0.473,0.527,0.483,0.517,0.427,0.64
"2018-07-22 16:30:00",3515,0.478,0.537,0.495,0.548,0.44,0.643
"2018-07-22 17:00:00",3516,0.469,0.531,0.486,0.526,0.435,0.641
"2018-07-22 17:30:00",3517,0.475,0.541,0.501,0.555,0.454,0.643
"2018-07-22 18:00:00",3518,0.474,0.543,0.501,0.563,0.456,0.64
"2018-07-22 18:30:00",3519,0.478,0.545,0.505,0.569,0.459,0.642
"2018-07-22 19:00:00",3520,0.47,0.543,0.502,0.567,0.448,0.643
"2018-07-22 19:30:00",3521,0.46,0.538,0.494,0.555,0.44,0.645
"2018-07-22 20:00:00",3522,0.477,0.547,0.504,0.573,0.458,0.649
"2018-07-22 20:30:00",3523,0.482,0.55,0.507,0.576,0.464,0.649
"2018-07-22 21:00:00",3524,0.484,0.551,0.512,0.578,0.468,0.649
"2018-07-22 21:30:00",3525,0.485,0.552,0.513,0.58,0.469,0.649
"2018-07-22 22:00:00",3526,0.483,0.552,0.511,0.579,0.468,0.647
"2018-07-22 22:30:00",3527,0.483,0.551,0.51,0.577,0.467,0.646
"2018-07-22 23:00:00",3528,0.482,0.551,0.511,0.578,0.466,0.645
"2018-07-22 23:30:00",3529,0.476,0.547,0.509,0.577,0.464,0.637
"2018-07-23 00:00:00",3530,0.44,0.541,0.508,0.564,0.444,0.632
"2018-07-23 00:30:00",3531,0.427,0.523,0.489,0.53,0.428,0.626
"2018-07-23 01:00:00",3532,0.432,0.519,0.484,0.529,0.427,0.626
"2018-07-23 01:30:00",3533,0.439,0.522,0.489,0.533,0.432,0.627
"2018-07-23 02:00:00",3534,0.459,0.529,0.497,0.546,0.44,0.629
"2018-07-23 02:30:00",3535,0.464,0.53,0.502,0.554,0.446,0.629
"2018-07-23 03:00:00",3536,0.465,0.532,0.503,0.559,0.447,0.63
"2018-07-23 03:30:00",3537,0.468,0.533,0.505,0.562,0.45,0.632
"2018-07-23 04:00:00",3538,0.468,0.534,0.506,0.564,0.451,0.634
"2018-07-23 04:30:00",3539,0.468,0.534,0.507,0.564,0.452,0.635
"2018-07-23 05:00:00",3540,0.464,0.535,0.504,0.565,0.451,0.64
"2018-07-23 05:30:00",3541,0.47,0.54,0.505,0.572,0.457,0.648
"2018-07-23 06:00:00",3542,0.472,0.543,0.509,0.576,0.458,0.644
"2018-07-23 06:30:00",3543,0.47,0.541,0.509,0.575,0.455,0.643
"2018-07-23 07:00:00",3544,0.466,0.537,0.505,0.573,0.452,0.645
"2018-07-23 07:30:00",3545,0.465,0.541,0.506,0.575,0.456,0.644
"2018-07-23 08:00:00",3546,0.451,0.539,0.497,0.572,0.457,0.63
"2018-07-23 08:30:00",3547,0.455,0.542,0.5,0.577,0.46,0.63
"2018-07-23 09:00:00",3548,0.457,0.542,0.503,0.58,0.459,0.631
"2018-07-23 09:30:00",3549,0.454,0.54,0.5,0.58,0.457,0.627
"2018-07-23 10:00:00",3550,0.424,0.53,0.483,0.572,0.451,0.595
"2018-07-23 10:30:00",3551,0.402,0.52,0.463,0.564,0.443,0.562
"2018-07-23 11:00:00",3552,0.407,0.523,0.468,0.572,0.443,0.571
"2018-07-23 11:30:00",3553,0.399,0.518,0.458,0.57,0.44,0.562
"2018-07-23 12:00:00",3554,0.397,0.511,0.445,0.565,0.433,0.556
"2018-07-23 12:30:00",3555,0.4,0.509,0.443,0.565,0.433,0.559
"2018-07-23 13:00:00",3556,0.438,0.525,0.475,0.582,0.444,0.605
"2018-07-23 13:30:00",3557,0.456,0.534,0.493,0.589,0.449,0.62
"2018-07-23 14:00:00",3558,0.45,0.535,0.495,0.587,0.449,0.61
"2018-07-23 14:30:00",3559,0.434,0.528,0.481,0.581,0.441,0.592
"2018-07-23 15:00:00",3560,0.397,0.512,0.453,0.568,0.428,0.55
"2018-07-23 15:30:00",3561,0.409,0.511,0.457,0.571,0.425,0.57
"2018-07-23 16:00:00",3562,0.41,0.512,0.457,0.573,0.43,0.571
"2018-07-23 16:30:00",3563,0.402,0.503,0.447,0.568,0.42,0.561
"2018-07-23 17:00:00",3564,0.406,0.504,0.449,0.57,0.419,0.563
"2018-07-23 17:30:00",3565,0.416,0.503,0.454,0.575,0.418,0.568
"2018-07-23 18:00:00",3566,0.425,0.505,0.461,0.582,0.421,0.573
"2018-07-23 18:30:00",3567,0.44,0.512,0.473,0.592,0.428,0.585
"2018-07-23 19:00:00",3568,0.46,0.527,0.494,0.602,0.442,0.606
"2018-07-23 19:30:00",3569,0.483,0.543,0.511,0.61,0.456,0.629
"2018-07-23 20:00:00",3570,0.494,0.55,0.517,0.614,0.462,0.638
"2018-07-23 20:30:00",3571,0.498,0.553,0.521,0.617,0.466,0.642
"2018-07-23 21:00:00",3572,0.503,0.556,0.524,0.619,0.469,0.644
"2018-07-23 21:30:00",3573,0.504,0.559,0.526,0.62,0.471,0.644
"2018-07-23 22:00:00",3574,0.504,0.561,0.529,0.622,0.473,0.644
"2018-07-23 22:30:00",3575,0.504,0.564,0.53,0.622,0.473,0.644
"2018-07-23 23:00:00",3576,0.505,0.564,0.531,0.622,0.474,0.643
"2018-07-23 23:30:00",3577,0.505,0.566,0.533,0.622,0.475,0.643
"2018-07-24 00:00:00",3578,0.507,0.568,0.535,0.623,0.477,0.644
"2018-07-24 00:30:00",3579,0.506,0.569,0.536,0.623,0.479,0.644
"2018-07-24 01:00:00",3580,0.51,0.57,0.538,0.623,0.48,0.644
"2018-07-24 01:30:00",3581,0.513,0.572,0.541,0.624,0.482,0.647
"2018-07-24 02:00:00",3582,0.511,0.574,0.541,0.626,0.451,0.651
"2018-07-24 02:30:00",3583,0.513,0.576,0.543,0.628,0.449,0.653
"2018-07-24 03:00:00",3584,0.515,0.578,0.544,0.626,0.449,0.653
"2018-07-24 03:30:00",3585,0.516,0.579,0.546,0.622,0.45,0.652
"2018-07-24 04:00:00",3586,0.515,0.579,0.546,0.62,0.448,0.651
"2018-07-24 04:30:00",3587,0.514,0.578,0.546,0.619,0.448,0.65
"2018-07-24 05:00:00",3588,0.516,0.577,0.547,0.62,0.45,0.651
"2018-07-24 05:30:00",3589,0.515,0.571,0.547,0.619,0.449,0.649
"2018-07-24 06:00:00",3590,0.516,0.567,0.549,0.619,0.447,0.649
"2018-07-24 06:30:00",3591,0.512,0.561,0.548,0.619,0.447,0.648
"2018-07-24 07:00:00",3592,0.512,0.554,0.548,0.62,0.445,0.648
"2018-07-24 07:30:00",3593,0.518,0.557,0.552,0.622,0.45,0.65
"2018-07-24 08:00:00",3594,0.52,0.559,0.554,0.625,0.453,0.651
"2018-07-24 08:30:00",3595,0.517,0.559,0.552,0.624,0.452,0.648
"2018-07-24 09:00:00",3596,0.518,0.56,0.552,0.625,0.451,0.65
"2018-07-24 09:30:00",3597,0.517,0.558,0.551,0.625,0.448,0.647
"2018-07-24 10:00:00",3598,0.513,0.555,0.55,0.622,0.441,0.642
"2018-07-24 10:30:00",3599,0.501,0.546,0.551,0.607,0.414,0.646
"2018-07-24 11:00:00",3600,0.483,0.541,0.529,0.582,0.413,0.648
"2018-07-24 11:30:00",3601,0.479,0.54,0.516,0.565,0.417,0.646
"2018-07-24 12:00:00",3602,0.482,0.54,0.514,0.564,0.421,0.644
"2018-07-24 12:30:00",3603,0.488,0.54,0.515,0.569,0.431,0.641
"2018-07-24 13:00:00",3604,0.482,0.538,0.513,0.568,0.433,0.635
"2018-07-24 13:30:00",3605,0.462,0.536,0.506,0.569,0.435,0.623
"2018-07-24 14:00:00",3606,0.433,0.53,0.489,0.562,0.43,0.591
"2018-07-24 14:30:00",3607,0.419,0.522,0.475,0.556,0.423,0.565
"2018-07-24 15:00:00",3608,0.406,0.517,0.47,0.554,0.415,0.557
"2018-07-24 15:30:00",3609,0.433,0.527,0.491,0.566,0.423,0.596
"2018-07-24 16:00:00",3610,0.451,0.533,0.5,0.572,0.433,0.618
"2018-07-24 16:30:00",3611,0.466,0.537,0.508,0.579,0.437,0.63
"2018-07-24 17:00:00",3612,0.469,0.538,0.51,0.585,0.437,0.633
"2018-07-24 17:30:00",3613,0.47,0.537,0.507,0.589,0.437,0.633
"2018-07-24 18:00:00",3614,0.474,0.537,0.51,0.593,0.438,0.635
"2018-07-24 18:30:00",3615,0.475,0.537,0.512,0.596,0.439,0.633
"2018-07-24 19:00:00",3616,0.482,0.537,0.513,0.599,0.438,0.636
"2018-07-24 19:30:00",3617,0.491,0.541,0.518,0.603,0.442,0.64
"2018-07-24 20:00:00",3618,0.496,0.545,0.52,0.605,0.442,0.645
"2018-07-24 20:30:00",3619,0.501,0.546,0.524,0.607,0.444,0.646
"2018-07-24 21:00:00",3620,0.503,0.547,0.524,0.608,0.444,0.647
"2018-07-24 21:30:00",3621,0.508,0.55,0.528,0.61,0.45,0.649
"2018-07-24 22:00:00",3622,0.514,0.557,0.533,0.613,0.455,0.651
"2018-07-24 22:30:00",3623,0.516,0.562,0.535,0.616,0.452,0.652
"2018-07-24 23:00:00",3624,0.514,0.558,0.535,0.612,0.433,0.65
"2018-07-24 23:30:00",3625,0.513,0.549,0.528,0.594,0.44,0.649
"2018-07-25 00:00:00",3626,0.512,0.544,0.525,0.59,0.439,0.647
"2018-07-25 00:30:00",3627,0.513,0.546,0.527,0.59,0.441,0.649
"2018-07-25 01:00:00",3628,0.515,0.549,0.531,0.593,0.447,0.652
"2018-07-25 01:30:00",3629,0.517,0.548,0.529,0.594,0.446,0.652
"2018-07-25 02:00:00",3630,0.518,0.548,0.529,0.595,0.448,0.652
"2018-07-25 02:30:00",3631,0.517,0.548,0.53,0.6,0.448,0.652
"2018-07-25 03:00:00",3632,0.517,0.548,0.529,0.604,0.447,0.652
"2018-07-25 03:30:00",3633,0.519,0.55,0.52,0.608,0.449,0.653
"2018-07-25 04:00:00",3634,0.518,0.549,0.514,0.611,0.449,0.653
"2018-07-25 04:30:00",3635,0.519,0.55,0.516,0.613,0.45,0.654
"2018-07-25 05:00:00",3636,0.521,0.552,0.517,0.615,0.451,0.655
"2018-07-25 05:30:00",3637,0.521,0.551,0.518,0.616,0.451,0.656
"2018-07-25 06:00:00",3638,0.523,0.552,0.518,0.617,0.451,0.656
"2018-07-25 06:30:00",3639,0.523,0.554,0.518,0.619,0.452,0.656
"2018-07-25 07:00:00",3640,0.524,0.554,0.519,0.62,0.452,0.656
"2018-07-25 07:30:00",3641,0.524,0.556,0.519,0.62,0.452,0.655
"2018-07-25 08:00:00",3642,0.52,0.557,0.518,0.621,0.453,0.655
"2018-07-25 08:30:00",3643,0.518,0.557,0.518,0.621,0.452,0.653
"2018-07-25 09:00:00",3644,0.483,0.554,0.502,0.617,0.448,0.633
"2018-07-25 09:30:00",3645,0.431,0.543,0.473,0.609,0.442,0.585
"2018-07-25 10:00:00",3646,0.441,0.545,0.49,0.614,0.441,0.6
"2018-07-25 10:30:00",3647,0.449,0.549,0.499,0.618,0.445,0.614
"2018-07-25 11:00:00",3648,0.453,0.549,0.5,0.62,0.445,0.617
"2018-07-25 11:30:00",3649,0.446,0.545,0.494,0.62,0.444,0.607
"2018-07-25 12:00:00",3650,0.452,0.544,0.492,0.62,0.443,0.612
"2018-07-25 12:30:00",3651,0.451,0.541,0.487,0.617,0.442,0.609
"2018-07-25 13:00:00",3652,0.461,0.543,0.491,0.618,0.444,0.616
"2018-07-25 13:30:00",3653,0.457,0.538,0.487,0.616,0.442,0.613
"2018-07-25 14:00:00",3654,0.449,0.534,0.481,0.613,0.441,0.607
"2018-07-25 14:30:00",3655,0.425,0.525,0.465,0.605,0.435,0.58
"2018-07-25 15:00:00",3656,0.399,0.512,0.452,0.596,0.422,0.55
"2018-07-25 15:30:00",3657,0.381,0.501,0.438,0.587,0.41,0.527
"2018-07-25 16:00:00",3658,0.382,0.497,0.437,0.586,0.401,0.526
"2018-07-25 16:30:00",3659,0.395,0.503,0.45,0.595,0.406,0.543
"2018-07-25 17:00:00",3660,0.412,0.509,0.461,0.602,0.412,0.559
"2018-07-25 17:30:00",3661,0.423,0.514,0.47,0.609,0.418,0.568
"2018-07-25 18:00:00",3662,0.438,0.519,0.481,0.612,0.425,0.58
"2018-07-25 18:30:00",3663,0.456,0.53,0.497,0.62,0.435,0.598
"2018-07-25 19:00:00",3664,0.47,0.538,0.509,0.627,0.444,0.612
"2018-07-25 19:30:00",3665,0.485,0.548,0.522,0.631,0.452,0.626
"2018-07-25 20:00:00",3666,0.499,0.56,0.531,0.633,0.462,0.638
"2018-07-25 20:30:00",3667,0.507,0.566,0.537,0.633,0.467,0.645
"2018-07-25 21:00:00",3668,0.513,0.57,0.542,0.634,0.471,0.65
"2018-07-25 21:30:00",3669,0.517,0.572,0.545,0.636,0.473,0.653
"2018-07-25 22:00:00",3670,0.515,0.574,0.546,0.638,0.473,0.653
"2018-07-25 22:30:00",3671,0.518,0.578,0.548,0.641,0.478,0.656
"2018-07-25 23:00:00",3672,0.522,0.581,0.548,0.641,0.481,0.659
"2018-07-25 23:30:00",3673,0.523,0.585,0.547,0.64,0.483,0.659
"2018-07-26 00:00:00",3674,0.525,0.585,0.552,0.641,0.484,0.659
"2018-07-26 00:30:00",3675,0.526,0.587,0.554,0.641,0.484,0.659
"2018-07-26 01:00:00",3676,0.526,0.588,0.554,0.641,0.486,0.66
"2018-07-26 01:30:00",3677,0.527,0.59,0.551,0.637,0.485,0.659
"2018-07-26 02:00:00",3678,0.528,0.591,0.554,0.639,0.486,0.659
"2018-07-26 02:30:00",3679,0.528,0.59,0.555,0.639,0.485,0.658
"2018-07-26 03:00:00",3680,0.528,0.592,0.557,0.64,0.488,0.659
"2018-07-26 03:30:00",3681,0.528,0.592,0.556,0.638,0.485,0.659
"2018-07-26 04:00:00",3682,0.528,0.594,0.557,0.639,0.487,0.658
"2018-07-26 04:30:00",3683,0.528,0.595,0.56,0.64,0.49,0.659
"2018-07-26 05:00:00",3684,0.528,0.595,0.56,0.639,0.49,0.659
"2018-07-26 05:30:00",3685,0.528,0.597,0.558,0.638,0.491,0.658
"2018-07-26 06:00:00",3686,0.527,0.597,0.56,0.638,0.491,0.658
"2018-07-26 06:30:00",3687,0.527,0.597,0.561,0.639,0.491,0.659
"2018-07-26 07:00:00",3688,0.528,0.598,0.56,0.637,0.491,0.659
"2018-07-26 07:30:00",3689,0.528,0.598,0.561,0.635,0.49,0.658
"2018-07-26 08:00:00",3690,0.527,0.599,0.557,0.634,0.491,0.657
"2018-07-26 08:30:00",3691,0.513,0.597,0.541,0.631,0.49,0.649
"2018-07-26 09:00:00",3692,0.47,0.587,0.512,0.621,0.487,0.616
"2018-07-26 09:30:00",3693,0.425,0.574,0.488,0.609,0.479,0.572
"2018-07-26 10:00:00",3694,0.392,0.563,0.471,0.596,0.469,0.548
"2018-07-26 10:30:00",3695,0.372,0.553,0.457,0.578,0.46,0.524
"2018-07-26 11:00:00",3696,0.359,0.539,0.442,0.57,0.446,0.508
"2018-07-26 11:30:00",3697,0.348,0.526,0.432,0.568,0.43,0.502
"2018-07-26 12:00:00",3698,0.34,0.512,0.424,0.55,0.414,0.492
"2018-07-26 12:30:00",3699,0.342,0.501,0.422,0.552,0.4,0.484
"2018-07-26 13:00:00",3700,0.344,0.496,0.422,0.559,0.39,0.483
"2018-07-26 13:30:00",3701,0.342,0.485,0.417,0.552,0.385,0.474
"2018-07-26 14:00:00",3702,0.351,0.489,0.424,0.558,0.39,0.481
"2018-07-26 14:30:00",3703,0.361,0.498,0.437,0.571,0.4,0.493
"2018-07-26 15:00:00",3704,0.367,0.503,0.443,0.58,0.404,0.5
"2018-07-26 15:30:00",3705,0.373,0.506,0.449,0.587,0.405,0.505
"2018-07-26 16:00:00",3706,0.388,0.507,0.459,0.593,0.408,0.512
"2018-07-26 16:30:00",3707,0.401,0.508,0.468,0.599,0.41,0.525
"2018-07-26 17:00:00",3708,0.424,0.525,0.485,0.61,0.422,0.551
"2018-07-26 17:30:00",3709,0.434,0.532,0.492,0.618,0.43,0.561
"2018-07-26 18:00:00",3710,0.441,0.537,0.502,0.623,0.437,0.569
"2018-07-26 18:30:00",3711,0.453,0.547,0.513,0.629,0.445,0.582
"2018-07-26 19:00:00",3712,0.466,0.56,0.525,0.633,0.456,0.6
"2018-07-26 19:30:00",3713,0.48,0.574,0.536,0.637,0.468,0.619
"2018-07-26 20:00:00",3714,0.493,0.586,0.547,0.64,0.479,0.634
"2018-07-26 20:30:00",3715,0.502,0.593,0.555,0.64,0.487,0.644
"2018-07-26 21:00:00",3716,0.508,0.598,0.559,0.641,0.492,0.65
"2018-07-26 21:30:00",3717,0.513,0.601,0.562,0.64,0.494,0.655
"2018-07-26 22:00:00",3718,0.517,0.602,0.563,0.64,0.497,0.658
"2018-07-26 22:30:00",3719,0.52,0.603,0.566,0.641,0.5,0.66
"2018-07-26 23:00:00",3720,0.522,0.603,0.566,0.641,0.498,0.662
"2018-07-26 23:30:00",3721,0.524,0.603,0.567,0.642,0.498,0.664
"2018-07-27 00:00:00",3722,0.525,0.604,0.567,0.645,0.502,0.664
"2018-07-27 00:30:00",3723,0.526,0.606,0.566,0.644,0.503,0.664
"2018-07-27 01:00:00",3724,0.527,0.629,0.567,0.644,0.504,0.665
"2018-07-27 01:30:00",3725,0.527,0.612,0.569,0.645,0.504,0.666
"2018-07-27 02:00:00",3726,0.528,0.607,0.568,0.643,0.504,0.667
"2018-07-27 02:30:00",3727,0.528,0.606,0.568,0.644,0.505,0.666
"2018-07-27 03:00:00",3728,0.528,0.604,0.568,0.643,0.503,0.666
"2018-07-27 03:30:00",3729,0.529,0.604,0.569,0.644,0.503,0.666
"2018-07-27 04:00:00",3730,0.528,0.604,0.569,0.646,0.503,0.666
"2018-07-27 04:30:00",3731,0.528,0.604,0.569,0.645,0.503,0.666
"2018-07-27 05:00:00",3732,0.528,0.601,0.57,0.646,0.502,0.665
"2018-07-27 05:30:00",3733,0.528,0.6,0.571,0.646,0.502,0.664
"2018-07-27 06:00:00",3734,0.528,0.599,0.57,0.645,0.502,0.664
"2018-07-27 06:30:00",3735,0.528,0.599,0.571,0.647,0.502,0.663
"2018-07-27 07:00:00",3736,0.529,0.6,0.571,0.646,0.503,0.662
"2018-07-27 07:30:00",3737,0.527,0.6,0.571,0.646,0.503,0.661
"2018-07-27 08:00:00",3738,0.526,0.602,0.569,0.646,0.504,0.659
"2018-07-27 08:30:00",3739,0.507,0.597,0.546,0.636,0.5,0.646
"2018-07-27 09:00:00",3740,0.433,0.58,0.499,0.619,0.496,0.589
"2018-07-27 09:30:00",3741,0.387,0.565,0.477,0.607,0.489,0.542
"2018-07-27 10:00:00",3742,0.354,0.546,0.451,0.579,0.468,0.501
"2018-07-27 10:30:00",3743,0.345,0.532,0.439,0.557,0.442,0.483
"2018-07-27 11:00:00",3744,0.337,0.521,0.428,0.553,0.432,0.48
"2018-07-27 11:30:00",3745,0.335,0.509,0.423,0.557,0.423,0.485
"2018-07-27 12:00:00",3746,0.339,0.503,0.425,0.551,0.414,0.486
"2018-07-27 12:30:00",3747,0.34,0.499,0.424,0.556,0.406,0.48
"2018-07-27 13:00:00",3748,0.346,0.496,0.426,0.561,0.399,0.483
"2018-07-27 13:30:00",3749,0.345,0.489,0.423,0.557,0.394,0.476
"2018-07-27 14:00:00",3750,0.363,0.499,0.435,0.567,0.403,0.491
"2018-07-27 14:30:00",3751,0.383,0.512,0.449,0.579,0.418,0.512
"2018-07-27 15:00:00",3752,0.402,0.525,0.464,0.594,0.431,0.534
"2018-07-27 15:30:00",3753,0.418,0.536,0.478,0.605,0.44,0.549
"2018-07-27 16:00:00",3754,0.424,0.542,0.486,0.612,0.444,0.555
"2018-07-27 16:30:00",3755,0.437,0.546,0.497,0.614,0.448,0.576
"2018-07-27 17:00:00",3756,0.456,0.572,0.487,0.567,0.458,0.626
"2018-07-27 17:30:00",3757,0.48,0.586,0.502,0.598,0.477,0.652
"2018-07-27 18:00:00",3758,0.49,0.581,0.515,0.603,0.482,0.661
"2018-07-27 18:30:00",3759,0.496,0.572,0.524,0.605,0.485,0.663
"2018-07-27 19:00:00",3760,0.499,0.565,0.53,0.604,0.482,0.661
"2018-07-27 19:30:00",3761,0.497,0.565,0.529,0.605,0.48,0.661
"2018-07-27 20:00:00",3762,0.494,0.565,0.52,0.603,0.474,0.663
"2018-07-27 20:30:00",3763,0.496,0.567,0.526,0.608,0.478,0.663
"2018-07-27 21:00:00",3764,0.501,0.573,0.528,0.616,0.482,0.664
"2018-07-27 21:30:00",3765,0.507,0.579,0.529,0.621,0.485,0.666
"2018-07-27 22:00:00",3766,0.511,0.579,0.534,0.622,0.486,0.665
"2018-07-27 22:30:00",3767,0.514,0.579,0.54,0.625,0.487,0.665
"2018-07-27 23:00:00",3768,0.516,0.581,0.543,0.625,0.487,0.664
"2018-07-27 23:30:00",3769,0.518,0.584,0.549,0.628,0.488,0.664
"2018-07-28 00:00:00",3770,0.52,0.587,0.553,0.63,0.49,0.663
"2018-07-28 00:30:00",3771,0.519,0.59,0.554,0.631,0.491,0.661
"2018-07-28 01:00:00",3772,0.521,0.589,0.558,0.632,0.49,0.66
"2018-07-28 01:30:00",3773,0.521,0.591,0.559,0.634,0.492,0.661
"2018-07-28 02:00:00",3774,0.522,0.592,0.561,0.633,0.491,0.661
"2018-07-28 02:30:00",3775,0.522,0.596,0.561,0.638,0.495,0.662
"2018-07-28 03:00:00",3776,0.523,0.597,0.562,0.639,0.496,0.662
"2018-07-28 03:30:00",3777,0.523,0.596,0.563,0.64,0.495,0.662
"2018-07-28 04:00:00",3778,0.523,0.596,0.562,0.64,0.495,0.662
"2018-07-28 04:30:00",3779,0.523,0.598,0.562,0.64,0.496,0.662
"2018-07-28 05:00:00",3780,0.523,0.598,0.564,0.638,0.494,0.66
"2018-07-28 05:30:00",3781,0.523,0.598,0.564,0.638,0.495,0.659
"2018-07-28 06:00:00",3782,0.524,0.595,0.567,0.639,0.494,0.659
"2018-07-28 06:30:00",3783,0.524,0.595,0.567,0.639,0.494,0.658
"2018-07-28 07:00:00",3784,0.524,0.598,0.567,0.639,0.496,0.658
"2018-07-28 07:30:00",3785,0.523,0.6,0.562,0.639,0.497,0.656
"2018-07-28 08:00:00",3786,0.514,0.599,0.551,0.636,0.498,0.652
"2018-07-28 08:30:00",3787,0.477,0.591,0.517,0.625,0.497,0.63
"2018-07-28 09:00:00",3788,0.407,0.574,0.484,0.61,0.486,0.574
"2018-07-28 09:30:00",3789,0.358,0.547,0.449,0.591,0.465,0.518
"2018-07-28 10:00:00",3790,0.337,0.528,0.429,0.56,0.437,0.482
"2018-07-28 10:30:00",3791,0.331,0.51,0.419,0.531,0.415,0.466
"2018-07-28 11:00:00",3792,0.329,0.493,0.411,0.529,0.395,0.463
"2018-07-28 11:30:00",3793,0.327,0.478,0.408,0.529,0.379,0.462
"2018-07-28 12:00:00",3794,0.335,0.477,0.411,0.528,0.381,0.463
"2018-07-28 12:30:00",3795,0.337,0.47,0.407,0.527,0.373,0.456
"2018-07-28 13:00:00",3796,0.345,0.468,0.408,0.529,0.379,0.458
"2018-07-28 13:30:00",3797,0.352,0.47,0.415,0.538,0.387,0.461
"2018-07-28 14:00:00",3798,0.352,0.468,0.41,0.533,0.391,0.458
"2018-07-28 14:30:00",3799,0.362,0.474,0.418,0.545,0.399,0.465
"2018-07-28 15:00:00",3800,0.367,0.475,0.423,0.553,0.403,0.47
"2018-07-28 15:30:00",3801,0.365,0.47,0.423,0.552,0.397,0.462
"2018-07-28 16:00:00",3802,0.377,0.475,0.428,0.554,0.405,0.471
"2018-07-28 16:30:00",3803,0.387,0.479,0.438,0.562,0.407,0.483
"2018-07-28 17:00:00",3804,0.405,0.491,0.451,0.574,0.417,0.5
"2018-07-28 17:30:00",3805,0.425,0.503,0.463,0.593,0.43,0.517
"2018-07-28 18:00:00",3806,0.444,0.518,0.48,0.607,0.442,0.541
"2018-07-28 18:30:00",3807,0.46,0.535,0.5,0.62,0.459,0.565
"2018-07-28 19:00:00",3808,0.471,0.55,0.513,0.628,0.475,0.584
"2018-07-28 19:30:00",3809,0.482,0.564,0.526,0.633,0.488,0.603
"2018-07-28 20:00:00",3810,0.493,0.575,0.537,0.637,0.499,0.619
"2018-07-28 20:30:00",3811,0.503,0.585,0.546,0.64,0.507,0.634
"2018-07-28 21:00:00",3812,0.512,0.591,0.553,0.64,0.513,0.646
"2018-07-28 21:30:00",3813,0.518,0.594,0.559,0.643,0.516,0.654
"2018-07-28 22:00:00",3814,0.521,0.596,0.565,0.643,0.518,0.658
"2018-07-28 22:30:00",3815,0.526,0.597,0.568,0.643,0.519,0.661
"2018-07-28 23:00:00",3816,0.528,0.597,0.57,0.645,0.518,0.665
"2018-07-28 23:30:00",3817,0.53,0.599,0.57,0.647,0.518,0.668
"2018-07-29 00:00:00",3818,0.531,0.599,0.571,0.646,0.517,0.668
"2018-07-29 00:30:00",3819,0.532,0.6,0.573,0.647,0.517,0.669
"2018-07-29 01:00:00",3820,0.532,0.601,0.573,0.65,0.517,0.669
"2018-07-29 01:30:00",3821,0.532,0.602,0.574,0.65,0.516,0.669
"2018-07-29 02:00:00",3822,0.532,0.603,0.574,0.649,0.515,0.669
"2018-07-29 02:30:00",3823,0.533,0.602,0.574,0.648,0.514,0.668
"2018-07-29 03:00:00",3824,0.531,0.601,0.574,0.647,0.514,0.665
"2018-07-29 03:30:00",3825,0.527,0.602,0.573,0.646,0.514,0.662
"2018-07-29 04:00:00",3826,0.528,0.603,0.574,0.647,0.513,0.664
"2018-07-29 04:30:00",3827,0.527,0.605,0.573,0.649,0.513,0.665
"2018-07-29 05:00:00",3828,0.525,0.609,0.569,0.65,0.512,0.665
"2018-07-29 05:30:00",3829,0.527,0.607,0.573,0.648,0.511,0.665
"2018-07-29 06:00:00",3830,0.527,0.606,0.573,0.647,0.51,0.665
"2018-07-29 06:30:00",3831,0.526,0.605,0.573,0.646,0.509,0.665
"2018-07-29 07:00:00",3832,0.524,0.608,0.571,0.648,0.51,0.663
"2018-07-29 07:30:00",3833,0.522,0.606,0.572,0.647,0.51,0.66
"2018-07-29 08:00:00",3834,0.518,0.605,0.569,0.647,0.511,0.655
"2018-07-29 08:30:00",3835,0.506,0.601,0.561,0.648,0.511,0.641
"2018-07-29 09:00:00",3836,0.481,0.591,0.546,0.644,0.506,0.611
"2018-07-29 09:30:00",3837,0.426,0.564,0.495,0.617,0.477,0.547
"2018-07-29 10:00:00",3838,0.376,0.534,0.454,0.579,0.443,0.498
"2018-07-29 10:30:00",3839,0.342,0.507,0.425,0.538,0.414,0.462
"2018-07-29 11:00:00",3840,0.337,0.489,0.414,0.527,0.395,0.454
"2018-07-29 11:30:00",3841,0.346,0.481,0.412,0.531,0.391,0.461
"2018-07-29 12:00:00",3842,0.347,0.473,0.411,0.524,0.386,0.457
"2018-07-29 12:30:00",3843,0.353,0.474,0.412,0.532,0.39,0.461
"2018-07-29 13:00:00",3844,0.359,0.479,0.414,0.54,0.39,0.469
"2018-07-29 13:30:00",3845,0.359,0.478,0.418,0.544,0.394,0.468
"2018-07-29 14:00:00",3846,0.362,0.483,0.427,0.557,0.398,0.468
"2018-07-29 14:30:00",3847,0.368,0.486,0.431,0.566,0.399,0.472
"2018-07-29 15:00:00",3848,0.374,0.483,0.428,0.565,0.398,0.476
"2018-07-29 15:30:00",3849,0.383,0.483,0.435,0.568,0.398,0.479
"2018-07-29 16:00:00",3850,0.396,0.488,0.45,0.582,0.408,0.49
"2018-07-29 16:30:00",3851,0.41,0.491,0.462,0.594,0.412,0.505
"2018-07-29 17:00:00",3852,0.424,0.499,0.469,0.599,0.416,0.522
"2018-07-29 17:30:00",3853,0.438,0.512,0.479,0.61,0.43,0.534
"2018-07-29 18:00:00",3854,0.453,0.525,0.494,0.62,0.445,0.552
"2018-07-29 18:30:00",3855,0.465,0.539,0.508,0.627,0.456,0.57
"2018-07-29 19:00:00",3856,0.476,0.552,0.52,0.632,0.467,0.586
"2018-07-29 19:30:00",3857,0.483,0.565,0.532,0.636,0.478,0.602
"2018-07-29 20:00:00",3858,0.492,0.577,0.542,0.639,0.489,0.618
"2018-07-29 20:30:00",3859,0.502,0.588,0.551,0.641,0.499,0.633
"2018-07-29 21:00:00",3860,0.51,0.593,0.559,0.641,0.504,0.645
"2018-07-29 21:30:00",3861,0.517,0.597,0.564,0.642,0.508,0.653
"2018-07-29 22:00:00",3862,0.521,0.599,0.567,0.643,0.508,0.658
"2018-07-29 22:30:00",3863,0.526,0.601,0.57,0.645,0.511,0.662
"2018-07-29 23:00:00",3864,0.529,0.602,0.571,0.647,0.512,0.665
"2018-07-29 23:30:00",3865,0.531,0.603,0.572,0.649,0.513,0.667
"2018-07-30 00:00:00",3866,0.532,0.604,0.574,0.649,0.513,0.668
"2018-07-30 00:30:00",3867,0.534,0.605,0.574,0.651,0.514,0.669
"2018-07-30 01:00:00",3868,0.534,0.605,0.575,0.651,0.513,0.669
"2018-07-30 01:30:00",3869,0.534,0.606,0.576,0.65,0.514,0.669
"2018-07-30 02:00:00",3870,0.535,0.606,0.575,0.653,0.514,0.669
"2018-07-30 02:30:00",3871,0.534,0.607,0.575,0.65,0.513,0.668
"2018-07-30 03:00:00",3872,0.535,0.606,0.576,0.65,0.513,0.668
"2018-07-30 03:30:00",3873,0.535,0.607,0.576,0.65,0.513,0.668
"2018-07-30 04:00:00",3874,0.534,0.607,0.576,0.651,0.514,0.667
"2018-07-30 04:30:00",3875,0.534,0.608,0.576,0.651,0.514,0.667
"2018-07-30 05:00:00",3876,0.533,0.608,0.577,0.65,0.514,0.667
"2018-07-30 05:30:00",3877,0.532,0.609,0.576,0.65,0.514,0.665
"2018-07-30 06:00:00",3878,0.532,0.608,0.576,0.65,0.514,0.664
"2018-07-30 06:30:00",3879,0.532,0.608,0.576,0.649,0.513,0.665
"2018-07-30 07:00:00",3880,0.531,0.607,0.577,0.646,0.512,0.662
"2018-07-30 07:30:00",3881,0.531,0.608,0.576,0.647,0.513,0.662
"2018-07-30 08:00:00",3882,0.531,0.609,0.576,0.649,0.514,0.662
"2018-07-30 08:30:00",3883,0.529,0.609,0.576,0.647,0.513,0.66
"2018-07-30 09:00:00",3884,0.526,0.609,0.575,0.646,0.513,0.656
"2018-07-30 09:30:00",3885,0.505,0.6,0.568,0.637,0.508,0.632
"2018-07-30 10:00:00",3886,0.472,0.587,0.549,0.632,0.499,0.592
"2018-07-30 10:30:00",3887,0.447,0.576,0.535,0.63,0.487,0.569
"2018-07-30 11:00:00",3888,0.437,0.57,0.529,0.629,0.479,0.564
"2018-07-30 11:30:00",3889,0.426,0.566,0.525,0.628,0.476,0.559
"2018-07-30 12:00:00",3890,0.41,0.556,0.508,0.621,0.466,0.545
"2018-07-30 12:30:00",3891,0.407,0.55,0.498,0.615,0.457,0.548
"2018-07-30 13:00:00",3892,0.426,0.558,0.508,0.621,0.464,0.573
"2018-07-30 13:30:00",3893,0.426,0.557,0.507,0.62,0.466,0.575
"2018-07-30 14:00:00",3894,0.417,0.552,0.5,0.616,0.46,0.563
"2018-07-30 14:30:00",3895,0.408,0.548,0.496,0.614,0.456,0.553
"2018-07-30 15:00:00",3896,0.415,0.55,0.5,0.616,0.456,0.559
"2018-07-30 15:30:00",3897,0.442,0.564,0.518,0.627,0.469,0.59
"2018-07-30 16:00:00",3898,0.433,0.563,0.516,0.626,0.468,0.582
"2018-07-30 16:30:00",3899,0.426,0.558,0.511,0.623,0.463,0.572
"2018-07-30 17:00:00",3900,0.434,0.56,0.515,0.623,0.463,0.577
"2018-07-30 17:30:00",3901,0.437,0.557,0.517,0.623,0.46,0.576
"2018-07-30 18:00:00",3902,0.449,0.562,0.525,0.626,0.465,0.586
"2018-07-30 18:30:00",3903,0.469,0.575,0.535,0.627,0.475,0.606
"2018-07-30 19:00:00",3904,0.483,0.584,0.543,0.627,0.487,0.622
"2018-07-30 19:30:00",3905,0.497,0.592,0.556,0.635,0.498,0.639
"2018-07-30 20:00:00",3906,0.505,0.596,0.563,0.638,0.505,0.648
"2018-07-30 20:30:00",3907,0.514,0.601,0.567,0.641,0.508,0.654
"2018-07-30 21:00:00",3908,0.518,0.603,0.571,0.644,0.509,0.658
"2018-07-30 21:30:00",3909,0.519,0.604,0.572,0.646,0.511,0.659
"2018-07-30 22:00:00",3910,0.52,0.604,0.573,0.646,0.51,0.661
"2018-07-30 22:30:00",3911,0.522,0.605,0.573,0.646,0.51,0.661
"2018-07-30 23:00:00",3912,0.524,0.606,0.574,0.647,0.511,0.662
"2018-07-30 23:30:00",3913,0.526,0.606,0.575,0.647,0.51,0.663
"2018-07-31 00:00:00",3914,0.527,0.606,0.575,0.648,0.512,0.663
"2018-07-31 00:30:00",3915,0.526,0.607,0.574,0.651,0.513,0.663
"2018-07-31 01:00:00",3916,0.525,0.607,0.575,0.649,0.513,0.662
"2018-07-31 01:30:00",3917,0.523,0.605,0.574,0.649,0.513,0.662
"2018-07-31 02:00:00",3918,0.526,0.606,0.574,0.648,0.513,0.662
"2018-07-31 02:30:00",3919,0.52,0.605,0.568,0.641,0.512,0.658
"2018-07-31 03:00:00",3920,0.518,0.602,0.562,0.63,0.505,0.655
"2018-07-31 03:30:00",3921,0.519,0.603,0.564,0.63,0.508,0.654
"2018-07-31 04:00:00",3922,0.523,0.604,0.57,0.635,0.509,0.658
"2018-07-31 04:30:00",3923,0.525,0.605,0.574,0.641,0.51,0.659
"2018-07-31 05:00:00",3924,0.526,0.606,0.573,0.644,0.512,0.66
"2018-07-31 05:30:00",3925,0.526,0.606,0.574,0.644,0.51,0.659
"2018-07-31 06:00:00",3926,0.526,0.606,0.573,0.645,0.511,0.659
"2018-07-31 06:30:00",3927,0.526,0.606,0.573,0.646,0.511,0.659
"2018-07-31 07:00:00",3928,0.525,0.606,0.57,0.643,0.509,0.657
"2018-07-31 07:30:00",3929,0.519,0.605,0.567,0.638,0.508,0.654
"2018-07-31 08:00:00",3930,0.51,0.599,0.556,0.624,0.497,0.645
"2018-07-31 08:30:00",3931,0.506,0.599,0.557,0.625,0.502,0.643
"2018-07-31 09:00:00",3932,0.495,0.596,0.553,0.623,0.5,0.633
"2018-07-31 09:30:00",3933,0.471,0.587,0.538,0.62,0.496,0.608
"2018-07-31 10:00:00",3934,0.463,0.587,0.539,0.628,0.497,0.605
"2018-07-31 10:30:00",3935,0.467,0.588,0.543,0.63,0.495,0.612
"2018-07-31 11:00:00",3936,0.442,0.582,0.532,0.63,0.492,0.589
"2018-07-31 11:30:00",3937,0.405,0.564,0.499,0.615,0.479,0.549
"2018-07-31 12:00:00",3938,0.394,0.556,0.487,0.61,0.47,0.538
"2018-07-31 12:30:00",3939,0.372,0.539,0.464,0.595,0.451,0.513
"2018-07-31 13:00:00",3940,0.372,0.531,0.456,0.585,0.436,0.511
"2018-07-31 13:30:00",3941,0.378,0.529,0.459,0.585,0.436,0.517
"2018-07-31 14:00:00",3942,0.38,0.528,0.459,0.586,0.435,0.519
"2018-07-31 14:30:00",3943,0.373,0.519,0.448,0.575,0.425,0.508
"2018-07-31 15:00:00",3944,0.375,0.52,0.451,0.579,0.425,0.511
"2018-07-31 15:30:00",3945,0.379,0.519,0.452,0.578,0.424,0.513
"2018-07-31 16:00:00",3946,0.391,0.524,0.465,0.592,0.428,0.526
"2018-07-31 16:30:00",3947,0.395,0.521,0.47,0.596,0.427,0.528
"2018-07-31 17:00:00",3948,0.409,0.534,0.485,0.607,0.439,0.544
"2018-07-31 17:30:00",3949,0.42,0.535,0.489,0.61,0.441,0.552
"2018-07-31 18:00:00",3950,0.446,0.55,0.509,0.624,0.454,0.576
"2018-07-31 18:30:00",3951,0.46,0.561,0.525,0.633,0.466,0.594
"2018-07-31 19:00:00",3952,0.468,0.569,0.533,0.635,0.476,0.601
"2018-07-31 19:30:00",3953,0.478,0.578,0.543,0.639,0.485,0.612
"2018-07-31 20:00:00",3954,0.491,0.589,0.552,0.643,0.494,0.627
"2018-07-31 20:30:00",3955,0.5,0.595,0.56,0.645,0.5,0.639
"2018-07-31 21:00:00",3956,0.508,0.599,0.566,0.647,0.505,0.647
"2018-07-31 21:30:00",3957,0.514,0.602,0.568,0.649,0.508,0.653
"2018-07-31 22:00:00",3958,0.518,0.603,0.57,0.649,0.509,0.659
"2018-07-31 22:30:00",3959,0.521,0.604,0.572,0.65,0.511,0.664
"2018-07-31 23:00:00",3960,0.522,0.605,0.572,0.651,0.512,0.66
"2018-07-31 23:30:00",3961,0.524,0.605,0.573,0.651,0.512,0.66
"2018-08-01 00:00:00",3962,0.525,0.605,0.572,0.653,0.513,0.66
"2018-08-01 00:30:00",3963,0.526,0.606,0.572,0.652,0.513,0.66
"2018-08-01 01:00:00",3964,0.527,0.605,0.573,0.65,0.513,0.659
"2018-08-01 01:30:00",3965,0.525,0.604,0.572,0.648,0.51,0.658
"2018-08-01 02:00:00",3966,0.52,0.6,0.57,0.646,0.504,0.659
"2018-08-01 02:30:00",3967,0.52,0.6,0.57,0.644,0.468,0.663
"2018-08-01 03:00:00",3968,0.521,0.596,0.572,0.626,0.446,0.66
"2018-08-01 03:30:00",3969,0.523,0.578,0.572,0.623,0.455,0.66
"2018-08-01 04:00:00",3970,0.524,0.565,0.572,0.61,0.459,0.66
"2018-08-01 04:30:00",3971,0.525,0.561,0.573,0.607,0.46,0.66
"2018-08-01 05:00:00",3972,0.526,0.559,0.573,0.606,0.459,0.659
"2018-08-01 05:30:00",3973,0.524,0.558,0.571,0.608,0.458,0.656
"2018-08-01 06:00:00",3974,0.526,0.562,0.571,0.61,0.462,0.657
"2018-08-01 06:30:00",3975,0.526,0.562,0.572,0.611,0.465,0.657
"2018-08-01 07:00:00",3976,0.526,0.562,0.572,0.61,0.465,0.657
"2018-08-01 07:30:00",3977,0.526,0.563,0.572,0.613,0.465,0.656
"2018-08-01 08:00:00",3978,0.525,0.563,0.572,0.615,0.464,0.654
"2018-08-01 08:30:00",3979,0.522,0.563,0.57,0.616,0.463,0.652
"2018-08-01 09:00:00",3980,0.512,0.563,0.566,0.616,0.462,0.65
"2018-08-01 09:30:00",3981,0.494,0.562,0.562,0.616,0.463,0.645
"2018-08-01 10:00:00",3982,0.451,0.559,0.546,0.611,0.463,0.622
"2018-08-01 10:30:00",3983,0.386,0.548,0.513,0.59,0.457,0.568
"2018-08-01 11:00:00",3984,0.363,0.541,0.485,0.591,0.452,0.548
"2018-08-01 11:30:00",3985,0.374,0.536,0.482,0.597,0.447,0.551
"2018-08-01 12:00:00",3986,0.368,0.526,0.466,0.588,0.44,0.532
