"TOA5","CR1000-SHORE","CR1000","86619","CR1000.Std.31.03","CPU:Sapflow_SERC.CR1","2121","Table1"
"TIMESTAMP","RECORD","DiffVolt_Avg(1)","DiffVolt_Avg(2)","DiffVolt_Avg(3)","DiffVolt_Avg(4)","DiffVolt_Avg(5)","DiffVolt_Avg(6)"
"TS","RN","mV","mV","mV","mV","mV","mV"
"","","Avg","Avg","Avg","Avg","Avg","Avg"
"2018-06-05 10:00:00",1246,0.39,0.473,0.421,0.515,0.518,0.428
"2018-06-05 10:30:00",1247,0.388,0.461,0.419,0.489,0.496,0.432
"2018-06-05 11:00:00",1248,0.382,0.452,0.416,0.49,0.48,0.438
"2018-06-05 11:30:00",1249,0.384,0.453,0.417,0.504,0.476,0.443
"2018-06-05 12:00:00",1250,0.386,0.453,0.42,0.496,0.474,0.439
"2018-06-05 12:30:00",1251,0.386,0.447,0.418,0.497,0.469,0.435
"2018-06-05 13:00:00",1252,0.386,0.443,0.417,0.497,0.466,0.434
"2018-06-05 13:30:00",1253,0.39,0.445,0.423,0.51,0.467,0.432
"2018-06-05 14:00:00",1254,0.397,0.449,0.426,0.512,0.472,0.441
"2018-06-05 14:30:00",1255,0.418,0.463,0.438,0.532,0.485,0.46
"2018-06-05 15:00:00",1256,0.411,0.459,0.434,0.53,0.484,0.455
"2018-06-05 15:30:00",1257,0.407,0.454,0.433,0.522,0.477,0.445
"2018-06-05 16:00:00",1258,0.409,0.455,0.435,0.525,0.479,0.45
"2018-06-05 16:30:00",1259,0.424,0.464,0.445,0.539,0.488,0.465
"2018-06-05 17:00:00",1260,0.44,0.474,0.454,0.553,0.494,0.479
"2018-06-05 17:30:00",1261,0.453,0.483,0.465,0.565,0.503,0.49
"2018-06-05 18:00:00",1262,0.482,0.506,0.485,0.587,0.524,0.519
"2018-06-05 18:30:00",1263,0.488,0.51,0.492,0.593,0.529,0.522
"2018-06-05 19:00:00",1264,0.493,0.519,0.5,0.598,0.534,0.528
"2018-06-05 19:30:00",1265,0.508,0.535,0.512,0.609,0.55,0.55
"2018-06-05 20:00:00",1266,0.522,0.548,0.522,0.618,0.565,0.572
"2018-06-05 20:30:00",1267,0.538,0.562,0.537,0.628,0.578,0.597
"2018-06-05 21:00:00",1268,0.549,0.573,0.545,0.634,0.589,0.613
"2018-06-05 21:30:00",1269,0.549,0.576,0.547,0.636,0.589,0.617
"2018-06-05 22:00:00",1270,0.543,0.577,0.546,0.633,0.583,0.614
"2018-06-05 22:30:00",1271,0.552,0.579,0.552,0.636,0.59,0.622
"2018-06-05 23:00:00",1272,0.56,0.585,0.556,0.638,0.599,0.63
"2018-06-05 23:30:00",1273,0.565,0.588,0.559,0.641,0.604,0.635
"2018-06-06 00:00:00",1274,0.567,0.589,0.561,0.643,0.606,0.639
"2018-06-06 00:30:00",1275,0.57,0.59,0.562,0.644,0.607,0.641
"2018-06-06 01:00:00",1276,0.571,0.591,0.564,0.644,0.608,0.642
"2018-06-06 01:30:00",1277,0.572,0.592,0.564,0.646,0.61,0.643
"2018-06-06 02:00:00",1278,0.573,0.593,0.565,0.648,0.612,0.645
"2018-06-06 02:30:00",1279,0.573,0.593,0.565,0.648,0.612,0.645
"2018-06-06 03:00:00",1280,0.573,0.594,0.566,0.648,0.612,0.644
"2018-06-06 03:30:00",1281,0.571,0.594,0.566,0.647,0.612,0.642
"2018-06-06 04:00:00",1282,0.568,0.593,0.566,0.645,0.609,0.64
"2018-06-06 04:30:00",1283,0.567,0.593,0.566,0.645,0.609,0.639
"2018-06-06 05:00:00",1284,0.565,0.593,0.567,0.646,0.609,0.635
"2018-06-06 05:30:00",1285,0.565,0.591,0.565,0.644,0.608,0.635
"2018-06-06 06:00:00",1286,0.566,0.592,0.564,0.642,0.609,0.636
"2018-06-06 06:30:00",1287,0.563,0.586,0.562,0.636,0.606,0.626
"2018-06-06 07:00:00",1288,0.538,0.564,0.533,0.617,0.601,0.59
"2018-06-06 07:30:00",1289,0.493,0.541,0.501,0.59,0.594,0.55
"2018-06-06 08:00:00",1290,0.459,0.523,0.477,0.565,0.585,0.519
"2018-06-06 08:30:00",1291,0.433,0.511,0.453,0.55,0.569,0.494
"2018-06-06 09:00:00",1292,0.417,0.502,0.444,0.541,0.554,0.475
"2018-06-06 09:30:00",1293,0.411,0.499,0.437,0.537,0.544,0.462
"2018-06-06 10:00:00",1294,0.418,0.497,0.443,0.541,0.532,0.465
"2018-06-06 10:30:00",1295,0.405,0.485,0.436,0.52,0.514,0.451
"2018-06-06 11:00:00",1296,0.399,0.477,0.431,0.517,0.5,0.456
"2018-06-06 11:30:00",1297,0.396,0.472,0.43,0.52,0.491,0.458
"2018-06-06 12:00:00",1298,0.398,0.47,0.432,0.519,0.487,0.459
"2018-06-06 12:30:00",1299,0.403,0.473,0.441,0.527,0.489,0.461
"2018-06-06 13:00:00",1300,0.399,0.467,0.438,0.525,0.483,0.455
"2018-06-06 13:30:00",1301,0.406,0.471,0.445,0.535,0.49,0.461
"2018-06-06 14:00:00",1302,0.406,0.47,0.448,0.541,0.486,0.457
"2018-06-06 14:30:00",1303,0.412,0.473,0.45,0.546,0.483,0.461
"2018-06-06 15:00:00",1304,0.419,0.475,0.454,0.548,0.488,0.472
"2018-06-06 15:30:00",1305,0.419,0.471,0.451,0.542,0.488,0.474
"2018-06-06 16:00:00",1306,0.43,0.48,0.456,0.548,0.497,0.482
"2018-06-06 16:30:00",1307,0.452,0.489,0.471,0.562,0.506,0.503
"2018-06-06 17:00:00",1308,0.471,0.503,0.483,0.579,0.525,0.52
"2018-06-06 17:30:00",1309,0.501,0.525,0.505,0.6,0.544,0.554
"2018-06-06 18:00:00",1310,0.53,0.548,0.53,0.618,0.568,0.594
"2018-06-06 18:30:00",1311,0.544,0.559,0.543,0.628,0.58,0.608
"2018-06-06 19:00:00",1312,0.554,0.571,0.551,0.633,0.589,0.62
"2018-06-06 19:30:00",1313,0.563,0.579,0.557,0.637,0.596,0.63
"2018-06-06 20:00:00",1314,0.568,0.585,0.56,0.639,0.601,0.634
"2018-06-06 20:30:00",1315,0.572,0.588,0.563,0.643,0.605,0.64
"2018-06-06 21:00:00",1316,0.572,0.591,0.563,0.64,0.605,0.641
"2018-06-06 21:30:00",1317,0.577,0.593,0.566,0.642,0.607,0.646
"2018-06-06 22:00:00",1318,0.577,0.593,0.564,0.642,0.605,0.646
"2018-06-06 22:30:00",1319,0.579,0.594,0.567,0.643,0.607,0.648
"2018-06-06 23:00:00",1320,0.579,0.596,0.568,0.643,0.608,0.648
"2018-06-06 23:30:00",1321,0.581,0.596,0.569,0.644,0.609,0.649
"2018-06-07 00:00:00",1322,0.58,0.595,0.57,0.645,0.61,0.65
"2018-06-07 00:30:00",1323,0.579,0.596,0.57,0.646,0.612,0.649
"2018-06-07 01:00:00",1324,0.576,0.595,0.57,0.647,0.611,0.648
"2018-06-07 01:30:00",1325,0.575,0.595,0.57,0.647,0.611,0.648
"2018-06-07 02:00:00",1326,0.574,0.596,0.569,0.646,0.612,0.648
"2018-06-07 02:30:00",1327,0.572,0.597,0.569,0.645,0.611,0.648
"2018-06-07 03:00:00",1328,0.571,0.597,0.569,0.645,0.611,0.648
"2018-06-07 03:30:00",1329,0.57,0.596,0.568,0.645,0.611,0.648
"2018-06-07 04:00:00",1330,0.572,0.596,0.568,0.644,0.611,0.65
"2018-06-07 04:30:00",1331,0.574,0.594,0.567,0.644,0.608,0.653
"2018-06-07 05:00:00",1332,0.577,0.596,0.568,0.645,0.612,0.654
"2018-06-07 05:30:00",1333,0.579,0.596,0.57,0.644,0.612,0.654
"2018-06-07 06:00:00",1334,0.58,0.596,0.571,0.644,0.612,0.654
"2018-06-07 06:30:00",1335,0.581,0.596,0.571,0.646,0.612,0.654
"2018-06-07 07:00:00",1336,0.58,0.594,0.57,0.645,0.61,0.651
"2018-06-07 07:30:00",1337,0.577,0.592,0.57,0.644,0.611,0.645
"2018-06-07 08:00:00",1338,0.57,0.589,0.564,0.64,0.612,0.63
"2018-06-07 08:30:00",1339,0.553,0.58,0.554,0.634,0.607,0.606
"2018-06-07 09:00:00",1340,0.536,0.571,0.54,0.626,0.601,0.58
"2018-06-07 09:30:00",1341,0.504,0.552,0.514,0.61,0.587,0.539
"2018-06-07 10:00:00",1342,0.464,0.532,0.482,0.581,0.566,0.505
"2018-06-07 10:30:00",1343,0.425,0.512,0.453,0.541,0.539,0.476
"2018-06-07 11:00:00",1344,0.409,0.499,0.432,0.528,0.522,0.466
"2018-06-07 11:30:00",1345,0.414,0.496,0.438,0.537,0.519,0.476
"2018-06-07 12:00:00",1346,0.418,0.493,0.443,0.541,0.517,0.482
"2018-06-07 12:30:00",1347,0.421,0.495,0.447,0.544,0.517,0.482
"2018-06-07 13:00:00",1348,0.423,0.494,0.451,0.548,0.515,0.485
"2018-06-07 13:30:00",1349,0.409,0.484,0.442,0.539,0.503,0.465
"2018-06-07 14:00:00",1350,0.413,0.489,0.45,0.549,0.505,0.473
"2018-06-07 14:30:00",1351,0.411,0.486,0.448,0.549,0.498,0.471
"2018-06-07 15:00:00",1352,0.413,0.484,0.448,0.549,0.498,0.476
"2018-06-07 15:30:00",1353,0.421,0.486,0.453,0.554,0.501,0.482
"2018-06-07 16:00:00",1354,0.431,0.485,0.458,0.556,0.501,0.487
"2018-06-07 16:30:00",1355,0.441,0.486,0.465,0.562,0.502,0.497
"2018-06-07 17:00:00",1356,0.455,0.494,0.474,0.572,0.511,0.512
"2018-06-07 17:30:00",1357,0.467,0.504,0.485,0.584,0.521,0.525
"2018-06-07 18:00:00",1358,0.479,0.514,0.497,0.595,0.529,0.539
"2018-06-07 18:30:00",1359,0.491,0.522,0.507,0.604,0.537,0.551
"2018-06-07 19:00:00",1360,0.505,0.534,0.517,0.612,0.549,0.567
"2018-06-07 19:30:00",1361,0.518,0.547,0.528,0.621,0.562,0.585
"2018-06-07 20:00:00",1362,0.532,0.56,0.54,0.629,0.575,0.603
"2018-06-07 20:30:00",1363,0.545,0.571,0.55,0.635,0.588,0.619
"2018-06-07 21:00:00",1364,0.556,0.58,0.558,0.64,0.597,0.63
"2018-06-07 21:30:00",1365,0.563,0.584,0.562,0.642,0.602,0.637
"2018-06-07 22:00:00",1366,0.569,0.587,0.566,0.643,0.604,0.642
"2018-06-07 22:30:00",1367,0.572,0.589,0.568,0.644,0.604,0.646
"2018-06-07 23:00:00",1368,0.576,0.591,0.569,0.645,0.607,0.649
"2018-06-07 23:30:00",1369,0.577,0.591,0.569,0.645,0.605,0.65
"2018-06-08 00:00:00",1370,0.579,0.592,0.57,0.646,0.607,0.652
"2018-06-08 00:30:00",1371,0.58,0.593,0.57,0.646,0.608,0.653
"2018-06-08 01:00:00",1372,0.581,0.594,0.57,0.647,0.607,0.655
"2018-06-08 01:30:00",1373,0.582,0.594,0.571,0.647,0.607,0.657
"2018-06-08 02:00:00",1374,0.583,0.596,0.572,0.648,0.609,0.657
"2018-06-08 02:30:00",1375,0.583,0.594,0.572,0.648,0.608,0.657
"2018-06-08 03:00:00",1376,0.584,0.596,0.572,0.648,0.61,0.657
"2018-06-08 03:30:00",1377,0.584,0.596,0.571,0.647,0.609,0.658
"2018-06-08 04:00:00",1378,0.585,0.596,0.572,0.647,0.609,0.659
"2018-06-08 04:30:00",1379,0.585,0.596,0.571,0.647,0.607,0.659
"2018-06-08 05:00:00",1380,0.585,0.597,0.571,0.647,0.608,0.659
"2018-06-08 05:30:00",1381,0.586,0.596,0.571,0.647,0.608,0.66
"2018-06-08 06:00:00",1382,0.586,0.597,0.572,0.647,0.609,0.661
"2018-06-08 06:30:00",1383,0.587,0.597,0.573,0.647,0.609,0.66
"2018-06-08 07:00:00",1384,0.586,0.598,0.57,0.643,0.611,0.655
"2018-06-08 07:30:00",1385,0.575,0.593,0.561,0.634,0.612,0.644
"2018-06-08 08:00:00",1386,0.55,0.583,0.543,0.621,0.612,0.619
"2018-06-08 08:30:00",1387,0.506,0.564,0.507,0.601,0.608,0.567
"2018-06-08 09:00:00",1388,0.458,0.542,0.475,0.58,0.598,0.517
"2018-06-08 09:30:00",1389,0.418,0.519,0.441,0.555,0.577,0.475
"2018-06-08 10:00:00",1390,0.399,0.503,0.426,0.528,0.553,0.452
"2018-06-08 10:30:00",1391,0.399,0.492,0.421,0.513,0.535,0.453
"2018-06-08 11:00:00",1392,0.396,0.483,0.418,0.512,0.518,0.458
"2018-06-08 11:30:00",1393,0.39,0.474,0.416,0.514,0.505,0.458
"2018-06-08 12:00:00",1394,0.393,0.471,0.418,0.511,0.496,0.457
"2018-06-08 12:30:00",1395,0.398,0.475,0.424,0.521,0.497,0.463
"2018-06-08 13:00:00",1396,0.397,0.471,0.427,0.524,0.492,0.458
"2018-06-08 13:30:00",1397,0.396,0.471,0.428,0.527,0.493,0.456
"2018-06-08 14:00:00",1398,0.399,0.47,0.427,0.525,0.493,0.459
"2018-06-08 14:30:00",1399,0.402,0.473,0.43,0.529,0.496,0.463
"2018-06-08 15:00:00",1400,0.404,0.47,0.426,0.523,0.495,0.461
"2018-06-08 15:30:00",1401,0.412,0.474,0.436,0.531,0.5,0.469
"2018-06-08 16:00:00",1402,0.424,0.482,0.448,0.545,0.505,0.483
"2018-06-08 16:30:00",1403,0.438,0.492,0.46,0.557,0.513,0.495
"2018-06-08 17:00:00",1404,0.452,0.501,0.472,0.57,0.52,0.507
"2018-06-08 17:30:00",1405,0.47,0.513,0.488,0.586,0.532,0.523
"2018-06-08 18:00:00",1406,0.492,0.527,0.506,0.6,0.543,0.543
"2018-06-08 18:30:00",1407,0.511,0.538,0.519,0.611,0.552,0.56
"2018-06-08 19:00:00",1408,0.529,0.553,0.534,0.623,0.568,0.584
"2018-06-08 19:30:00",1409,0.54,0.564,0.545,0.631,0.58,0.601
"2018-06-08 20:00:00",1410,0.549,0.574,0.552,0.636,0.59,0.616
"2018-06-08 20:30:00",1411,0.555,0.581,0.557,0.639,0.596,0.626
"2018-06-08 21:00:00",1412,0.561,0.586,0.561,0.64,0.601,0.633
"2018-06-08 21:30:00",1413,0.566,0.588,0.564,0.642,0.604,0.638
"2018-06-08 22:00:00",1414,0.57,0.591,0.566,0.643,0.606,0.641
"2018-06-08 22:30:00",1415,0.573,0.593,0.567,0.644,0.608,0.645
"2018-06-08 23:00:00",1416,0.575,0.594,0.568,0.644,0.608,0.646
"2018-06-08 23:30:00",1417,0.575,0.594,0.568,0.644,0.608,0.647
"2018-06-09 00:00:00",1418,0.577,0.593,0.569,0.644,0.608,0.647
"2018-06-09 00:30:00",1419,0.578,0.594,0.571,0.645,0.609,0.649
"2018-06-09 01:00:00",1420,0.58,0.595,0.571,0.645,0.611,0.652
"2018-06-09 01:30:00",1421,0.583,0.595,0.57,0.644,0.61,0.654
"2018-06-09 02:00:00",1422,0.584,0.598,0.57,0.644,0.612,0.655
"2018-06-09 02:30:00",1423,0.583,0.599,0.571,0.643,0.611,0.654
"2018-06-09 03:00:00",1424,0.584,0.597,0.571,0.644,0.609,0.655
"2018-06-09 03:30:00",1425,0.585,0.597,0.571,0.645,0.61,0.658
"2018-06-09 04:00:00",1426,0.585,0.598,0.571,0.645,0.611,0.658
"2018-06-09 04:30:00",1427,0.586,0.599,0.57,0.645,0.612,0.658
"2018-06-09 05:00:00",1428,0.586,0.599,0.571,0.645,0.613,0.658
"2018-06-09 05:30:00",1429,0.586,0.599,0.571,0.645,0.613,0.657
"2018-06-09 06:00:00",1430,0.586,0.598,0.571,0.645,0.613,0.657
"2018-06-09 06:30:00",1431,0.587,0.598,0.573,0.646,0.614,0.656
"2018-06-09 07:00:00",1432,0.586,0.6,0.57,0.642,0.614,0.654
"2018-06-09 07:30:00",1433,0.586,0.598,0.573,0.642,0.613,0.653
"2018-06-09 08:00:00",1434,0.581,0.594,0.57,0.639,0.612,0.645
"2018-06-09 08:30:00",1435,0.564,0.588,0.559,0.631,0.612,0.622
"2018-06-09 09:00:00",1436,0.527,0.577,0.537,0.617,0.609,0.58
"2018-06-09 09:30:00",1437,0.479,0.555,0.498,0.588,0.585,0.525
"2018-06-09 10:00:00",1438,0.466,0.543,0.489,0.58,0.571,0.516
"2018-06-09 10:30:00",1439,0.468,0.55,0.502,0.59,0.575,0.526
"2018-06-09 11:00:00",1440,0.429,0.53,0.462,0.558,0.553,0.49
"2018-06-09 11:30:00",1441,0.415,0.516,0.448,0.549,0.534,0.479
"2018-06-09 12:00:00",1442,0.418,0.511,0.449,0.548,0.528,0.483
"2018-06-09 12:30:00",1443,0.409,0.504,0.443,0.542,0.518,0.474
"2018-06-09 13:00:00",1444,0.395,0.487,0.43,0.528,0.491,0.459
"2018-06-09 13:30:00",1445,0.412,0.489,0.437,0.536,0.504,0.476
"2018-06-09 14:00:00",1446,0.468,0.521,0.477,0.577,0.537,0.546
"2018-06-09 14:30:00",1447,0.512,0.547,0.507,0.604,0.565,0.593
"2018-06-09 15:00:00",1448,0.541,0.565,0.53,0.619,0.58,0.618
"2018-06-09 15:30:00",1449,0.554,0.575,0.545,0.628,0.588,0.626
"2018-06-09 16:00:00",1450,0.551,0.575,0.544,0.627,0.592,0.62
"2018-06-09 16:30:00",1451,0.554,0.577,0.548,0.629,0.591,0.625
"2018-06-09 17:00:00",1452,0.514,0.544,0.512,0.594,0.553,0.578
"2018-06-09 17:30:00",1453,0.48,0.522,0.491,0.573,0.523,0.536
"2018-06-09 18:00:00",1454,0.496,0.539,0.509,0.593,0.54,0.555
"2018-06-09 18:30:00",1455,0.518,0.549,0.53,0.612,0.563,0.579
"2018-06-09 19:00:00",1456,0.512,0.547,0.523,0.613,0.563,0.575
"2018-06-09 19:30:00",1457,0.521,0.555,0.53,0.612,0.564,0.589
"2018-06-09 20:00:00",1458,0.539,0.57,0.548,0.628,0.586,0.615
"2018-06-09 20:30:00",1459,0.552,0.579,0.557,0.636,0.595,0.63
"2018-06-09 21:00:00",1460,0.555,0.582,0.56,0.637,0.599,0.634
"2018-06-09 21:30:00",1461,0.56,0.586,0.563,0.638,0.601,0.639
"2018-06-09 22:00:00",1462,0.568,0.589,0.566,0.64,0.605,0.643
"2018-06-09 22:30:00",1463,0.573,0.591,0.568,0.642,0.608,0.647
"2018-06-09 23:00:00",1464,0.576,0.593,0.57,0.642,0.608,0.648
"2018-06-09 23:30:00",1465,0.578,0.594,0.571,0.643,0.61,0.65
"2018-06-10 00:00:00",1466,0.58,0.596,0.571,0.643,0.611,0.652
"2018-06-10 00:30:00",1467,0.582,0.597,0.57,0.644,0.612,0.653
"2018-06-10 01:00:00",1468,0.583,0.596,0.57,0.643,0.611,0.653
"2018-06-10 01:30:00",1469,0.584,0.596,0.573,0.642,0.61,0.654
"2018-06-10 02:00:00",1470,0.585,0.596,0.572,0.643,0.609,0.656
"2018-06-10 02:30:00",1471,0.586,0.598,0.569,0.643,0.612,0.655
"2018-06-10 03:00:00",1472,0.587,0.598,0.571,0.644,0.612,0.655
"2018-06-10 03:30:00",1473,0.588,0.598,0.571,0.645,0.612,0.654
"2018-06-10 04:00:00",1474,0.587,0.598,0.569,0.643,0.607,0.654
"2018-06-10 04:30:00",1475,0.585,0.599,0.565,0.637,0.603,0.654
"2018-06-10 05:00:00",1476,0.586,0.598,0.567,0.638,0.609,0.655
"2018-06-10 05:30:00",1477,0.582,0.599,0.565,0.637,0.609,0.654
"2018-06-10 06:00:00",1478,0.577,0.597,0.564,0.632,0.609,0.65
"2018-06-10 06:30:00",1479,0.575,0.597,0.565,0.634,0.61,0.65
"2018-06-10 07:00:00",1480,0.573,0.596,0.568,0.635,0.611,0.648
"2018-06-10 07:30:00",1481,0.571,0.596,0.565,0.635,0.61,0.645
"2018-06-10 08:00:00",1482,0.561,0.591,0.562,0.628,0.609,0.633
"2018-06-10 08:30:00",1483,0.547,0.583,0.554,0.624,0.605,0.606
"2018-06-10 09:00:00",1484,0.537,0.578,0.549,0.623,0.6,0.59
"2018-06-10 09:30:00",1485,0.537,0.579,0.553,0.628,0.6,0.592
"2018-06-10 10:00:00",1486,0.512,0.565,0.533,0.611,0.588,0.561
"2018-06-10 10:30:00",1487,0.485,0.549,0.507,0.593,0.57,0.528
"2018-06-10 11:00:00",1488,0.459,0.534,0.488,0.578,0.553,0.509
"2018-06-10 11:30:00",1489,0.442,0.523,0.473,0.57,0.541,0.5
"2018-06-10 12:00:00",1490,0.431,0.516,0.464,0.566,0.535,0.495
"2018-06-10 12:30:00",1491,0.425,0.509,0.457,0.559,0.529,0.493
"2018-06-10 13:00:00",1492,0.411,0.499,0.443,0.547,0.513,0.478
"2018-06-10 13:30:00",1493,0.405,0.491,0.437,0.54,0.506,0.471
"2018-06-10 14:00:00",1494,0.402,0.487,0.435,0.537,0.503,0.469
"2018-06-10 14:30:00",1495,0.408,0.488,0.438,0.543,0.508,0.478
"2018-06-10 15:00:00",1496,0.411,0.488,0.437,0.543,0.507,0.48
"2018-06-10 15:30:00",1497,0.411,0.49,0.441,0.547,0.511,0.481
"2018-06-10 16:00:00",1498,0.423,0.496,0.448,0.555,0.515,0.49
"2018-06-10 16:30:00",1499,0.449,0.508,0.459,0.565,0.517,0.512
"2018-06-10 17:00:00",1500,0.469,0.513,0.472,0.571,0.52,0.528
"2018-06-10 17:30:00",1501,0.483,0.52,0.483,0.579,0.525,0.54
"2018-06-10 18:00:00",1502,0.512,0.544,0.507,0.598,0.546,0.574
"2018-06-10 18:30:00",1503,0.531,0.558,0.521,0.608,0.56,0.605
"2018-06-10 19:00:00",1504,0.543,0.569,0.53,0.611,0.573,0.622
"2018-06-10 19:30:00",1505,0.547,0.575,0.538,0.611,0.582,0.624
"2018-06-10 20:00:00",1506,0.549,0.578,0.54,0.612,0.586,0.625
"2018-06-10 20:30:00",1507,0.554,0.584,0.547,0.616,0.593,0.63
"2018-06-10 21:00:00",1508,0.557,0.587,0.544,0.614,0.593,0.635
"2018-06-10 21:30:00",1509,0.556,0.586,0.541,0.611,0.592,0.638
"2018-06-10 22:00:00",1510,0.558,0.586,0.542,0.611,0.593,0.64
"2018-06-10 22:30:00",1511,0.561,0.587,0.543,0.61,0.595,0.638
"2018-06-10 23:00:00",1512,0.56,0.586,0.543,0.608,0.594,0.635
"2018-06-10 23:30:00",1513,0.561,0.586,0.542,0.609,0.597,0.635
"2018-06-11 00:00:00",1514,0.563,0.589,0.544,0.61,0.597,0.636
"2018-06-11 00:30:00",1515,0.562,0.589,0.546,0.611,0.596,0.638
"2018-06-11 01:00:00",1516,0.561,0.587,0.543,0.609,0.595,0.637
"2018-06-11 01:30:00",1517,0.56,0.586,0.544,0.607,0.592,0.636
"2018-06-11 02:00:00",1518,0.559,0.586,0.542,0.606,0.594,0.635
"2018-06-11 02:30:00",1519,0.558,0.586,0.542,0.606,0.592,0.637
"2018-06-11 03:00:00",1520,0.556,0.584,0.541,0.603,0.589,0.635
"2018-06-11 03:30:00",1521,0.556,0.584,0.537,0.604,0.591,0.635
"2018-06-11 04:00:00",1522,0.559,0.586,0.539,0.606,0.591,0.641
"2018-06-11 04:30:00",1523,0.558,0.576,0.539,0.57,0.595,0.643
"2018-06-11 05:00:00",1524,0.555,0.547,0.537,0.531,0.595,0.64
"2018-06-11 05:30:00",1525,0.544,0.541,0.54,0.556,0.595,0.636
"2018-06-11 06:00:00",1526,0.536,0.543,0.545,0.563,0.597,0.636
"2018-06-11 06:30:00",1527,0.538,0.545,0.548,0.567,0.595,0.638
"2018-06-11 07:00:00",1528,0.543,0.547,0.546,0.569,0.596,0.64
"2018-06-11 07:30:00",1529,0.545,0.551,0.557,0.58,0.605,0.641
"2018-06-11 08:00:00",1530,0.545,0.549,0.55,0.57,0.599,0.635
"2018-06-11 08:30:00",1531,0.549,0.549,0.547,0.551,0.596,0.634
"2018-06-11 09:00:00",1532,0.555,0.553,0.549,0.565,0.594,0.639
"2018-06-11 09:30:00",1533,0.557,0.555,0.55,0.568,0.591,0.639
"2018-06-11 10:00:00",1534,0.56,0.558,0.549,0.57,0.592,0.641
"2018-06-11 10:30:00",1535,0.561,0.559,0.545,0.569,0.593,0.64
"2018-06-11 11:00:00",1536,0.558,0.558,0.541,0.567,0.592,0.634
"2018-06-11 11:30:00",1537,0.559,0.558,0.54,0.569,0.589,0.632
"2018-06-11 12:00:00",1538,0.558,0.559,0.542,0.572,0.588,0.633
"2018-06-11 12:30:00",1539,0.557,0.56,0.544,0.577,0.588,0.628
"2018-06-11 13:00:00",1540,0.548,0.557,0.538,0.578,0.585,0.613
"2018-06-11 13:30:00",1541,0.531,0.552,0.53,0.577,0.576,0.589
"2018-06-11 14:00:00",1542,0.535,0.555,0.531,0.583,0.575,0.59
"2018-06-11 14:30:00",1543,0.54,0.557,0.534,0.586,0.575,0.596
"2018-06-11 15:00:00",1544,0.539,0.558,0.533,0.588,0.575,0.594
"2018-06-11 15:30:00",1545,0.542,0.561,0.534,0.592,0.574,0.599
"2018-06-11 16:00:00",1546,0.539,0.561,0.535,0.592,0.574,0.598
"2018-06-11 16:30:00",1547,0.537,0.561,0.532,0.592,0.571,0.596
"2018-06-11 17:00:00",1548,0.54,0.564,0.535,0.594,0.572,0.602
"2018-06-11 17:30:00",1549,0.542,0.566,0.537,0.599,0.575,0.602
"2018-06-11 18:00:00",1550,0.537,0.566,0.538,0.602,0.575,0.596
"2018-06-11 18:30:00",1551,0.53,0.562,0.532,0.601,0.569,0.586
"2018-06-11 19:00:00",1552,0.524,0.56,0.531,0.602,0.567,0.581
"2018-06-11 19:30:00",1553,0.523,0.556,0.53,0.604,0.562,0.579
"2018-06-11 20:00:00",1554,0.539,0.568,0.54,0.613,0.57,0.594
"2018-06-11 20:30:00",1555,0.553,0.576,0.55,0.618,0.574,0.616
"2018-06-11 21:00:00",1556,0.557,0.58,0.548,0.615,0.585,0.625
"2018-06-11 21:30:00",1557,0.556,0.584,0.554,0.615,0.591,0.627
"2018-06-11 22:00:00",1558,0.555,0.589,0.557,0.621,0.598,0.631
"2018-06-11 22:30:00",1559,0.561,0.593,0.563,0.627,0.602,0.637
"2018-06-11 23:00:00",1560,0.566,0.594,0.565,0.63,0.603,0.643
"2018-06-11 23:30:00",1561,0.571,0.597,0.566,0.631,0.605,0.647
"2018-06-12 00:00:00",1562,0.574,0.597,0.569,0.634,0.606,0.649
"2018-06-12 00:30:00",1563,0.574,0.598,0.569,0.635,0.607,0.65
"2018-06-12 01:00:00",1564,0.575,0.599,0.57,0.636,0.607,0.653
"2018-06-12 01:30:00",1565,0.576,0.601,0.57,0.636,0.608,0.654
"2018-06-12 02:00:00",1566,0.577,0.603,0.57,0.636,0.608,0.654
"2018-06-12 02:30:00",1567,0.579,0.602,0.572,0.637,0.607,0.656
"2018-06-12 03:00:00",1568,0.58,0.601,0.572,0.638,0.607,0.657
"2018-06-12 03:30:00",1569,0.58,0.602,0.572,0.637,0.608,0.656
"2018-06-12 04:00:00",1570,0.581,0.601,0.573,0.639,0.608,0.657
"2018-06-12 04:30:00",1571,0.583,0.6,0.572,0.639,0.606,0.658
"2018-06-12 05:00:00",1572,0.583,0.599,0.572,0.639,0.606,0.66
"2018-06-12 05:30:00",1573,0.582,0.6,0.571,0.637,0.609,0.659
"2018-06-12 06:00:00",1574,0.582,0.599,0.573,0.638,0.607,0.659
"2018-06-12 06:30:00",1575,0.582,0.599,0.574,0.637,0.605,0.658
"2018-06-12 07:00:00",1576,0.576,0.598,0.571,0.635,0.608,0.652
"2018-06-12 07:30:00",1577,0.559,0.592,0.561,0.627,0.606,0.634
"2018-06-12 08:00:00",1578,0.545,0.585,0.554,0.618,0.602,0.615
"2018-06-12 08:30:00",1579,0.502,0.566,0.522,0.603,0.596,0.57
"2018-06-12 09:00:00",1580,0.452,0.545,0.486,0.58,0.583,0.522
"2018-06-12 09:30:00",1581,0.421,0.528,0.458,0.561,0.565,0.491
"2018-06-12 10:00:00",1582,0.407,0.517,0.443,0.542,0.548,0.474
"2018-06-12 10:30:00",1583,0.403,0.511,0.435,0.521,0.534,0.467
"2018-06-12 11:00:00",1584,0.4,0.504,0.432,0.528,0.524,0.456
"2018-06-12 11:30:00",1585,0.399,0.499,0.433,0.546,0.515,0.466
"2018-06-12 12:00:00",1586,0.398,0.49,0.432,0.535,0.503,0.459
"2018-06-12 12:30:00",1587,0.401,0.486,0.435,0.537,0.498,0.454
"2018-06-12 13:00:00",1588,0.406,0.485,0.448,0.551,0.492,0.455
"2018-06-12 13:30:00",1589,0.402,0.478,0.448,0.556,0.491,0.447
"2018-06-12 14:00:00",1590,0.411,0.482,0.457,0.569,0.49,0.449
"2018-06-12 14:30:00",1591,0.413,0.48,0.455,0.571,0.487,0.452
"2018-06-12 15:00:00",1592,0.419,0.479,0.452,0.567,0.489,0.46
"2018-06-12 15:30:00",1593,0.427,0.48,0.458,0.571,0.493,0.465
"2018-06-12 16:00:00",1594,0.439,0.478,0.465,0.576,0.497,0.471
"2018-06-12 16:30:00",1595,0.449,0.48,0.472,0.58,0.498,0.484
"2018-06-12 17:00:00",1596,0.451,0.486,0.472,0.576,0.502,0.491
"2018-06-12 17:30:00",1597,0.458,0.496,0.478,0.584,0.511,0.502
"2018-06-12 18:00:00",1598,0.475,0.511,0.495,0.599,0.523,0.524
"2018-06-12 18:30:00",1599,0.484,0.515,0.502,0.603,0.528,0.526
"2018-06-12 19:00:00",1600,0.499,0.527,0.514,0.611,0.54,0.541
"2018-06-12 19:30:00",1601,0.513,0.541,0.526,0.618,0.552,0.561
"2018-06-12 20:00:00",1602,0.524,0.553,0.534,0.622,0.564,0.581
"2018-06-12 20:30:00",1603,0.54,0.567,0.548,0.63,0.579,0.601
"2018-06-12 21:00:00",1604,0.551,0.577,0.557,0.636,0.589,0.615
"2018-06-12 21:30:00",1605,0.559,0.584,0.561,0.638,0.597,0.622
"2018-06-12 22:00:00",1606,0.564,0.587,0.565,0.64,0.601,0.627
"2018-06-12 22:30:00",1607,0.567,0.59,0.566,0.641,0.603,0.63
"2018-06-12 23:00:00",1608,0.569,0.591,0.568,0.643,0.605,0.631
"2018-06-12 23:30:00",1609,0.57,0.592,0.569,0.643,0.605,0.633
"2018-06-13 00:00:00",1610,0.572,0.593,0.57,0.644,0.607,0.634
"2018-06-13 00:30:00",1611,0.574,0.594,0.571,0.644,0.608,0.636
"2018-06-13 01:00:00",1612,0.575,0.595,0.571,0.644,0.61,0.635
"2018-06-13 01:30:00",1613,0.576,0.596,0.571,0.644,0.61,0.636
"2018-06-13 02:00:00",1614,0.576,0.594,0.572,0.644,0.608,0.638
"2018-06-13 02:30:00",1615,0.577,0.595,0.572,0.644,0.609,0.639
"2018-06-13 03:00:00",1616,0.579,0.596,0.572,0.644,0.61,0.639
"2018-06-13 03:30:00",1617,0.579,0.596,0.573,0.644,0.608,0.64
"2018-06-13 04:00:00",1618,0.579,0.596,0.573,0.644,0.611,0.64
"2018-06-13 04:30:00",1619,0.579,0.596,0.572,0.643,0.611,0.64
"2018-06-13 05:00:00",1620,0.579,0.596,0.573,0.643,0.609,0.639
"2018-06-13 05:30:00",1621,0.58,0.596,0.573,0.643,0.61,0.639
"2018-06-13 06:00:00",1622,0.58,0.597,0.573,0.642,0.611,0.638
"2018-06-13 06:30:00",1623,0.58,0.597,0.572,0.642,0.612,0.638
"2018-06-13 07:00:00",1624,0.58,0.596,0.573,0.641,0.611,0.637
"2018-06-13 07:30:00",1625,0.577,0.595,0.572,0.64,0.611,0.634
"2018-06-13 08:00:00",1626,0.564,0.591,0.563,0.633,0.609,0.617
"2018-06-13 08:30:00",1627,0.517,0.573,0.525,0.612,0.603,0.563
"2018-06-13 09:00:00",1628,0.485,0.563,0.508,0.603,0.594,0.535
"2018-06-13 09:30:00",1629,0.44,0.544,0.469,0.58,0.58,0.493
"2018-06-13 10:00:00",1630,0.421,0.531,0.456,0.565,0.565,0.477
"2018-06-13 10:30:00",1631,0.404,0.518,0.438,0.537,0.549,0.458
"2018-06-13 11:00:00",1632,0.384,0.497,0.419,0.516,0.525,0.44
"2018-06-13 11:30:00",1633,0.384,0.49,0.418,0.527,0.514,0.447
"2018-06-13 12:00:00",1634,0.384,0.483,0.417,0.517,0.502,0.443
"2018-06-13 12:30:00",1635,0.386,0.475,0.416,0.516,0.491,0.44
"2018-06-13 13:00:00",1636,0.392,0.472,0.421,0.522,0.486,0.441
"2018-06-13 13:30:00",1637,0.391,0.466,0.419,0.521,0.482,0.436
"2018-06-13 14:00:00",1638,0.397,0.471,0.422,0.527,0.488,0.444
"2018-06-13 14:30:00",1639,0.404,0.477,0.425,0.534,0.494,0.453
"2018-06-13 15:00:00",1640,0.403,0.477,0.427,0.536,0.494,0.453
"2018-06-13 15:30:00",1641,0.414,0.487,0.437,0.546,0.501,0.466
"2018-06-13 16:00:00",1642,0.415,0.488,0.438,0.548,0.501,0.468
"2018-06-13 16:30:00",1643,0.424,0.49,0.445,0.555,0.503,0.47
"2018-06-13 17:00:00",1644,0.45,0.505,0.465,0.571,0.516,0.491
"2018-06-13 17:30:00",1645,0.481,0.522,0.489,0.59,0.534,0.518
"2018-06-13 18:00:00",1646,0.495,0.531,0.506,0.603,0.542,0.529
"2018-06-13 18:30:00",1647,0.503,0.535,0.515,0.608,0.545,0.534
"2018-06-13 19:00:00",1648,0.519,0.546,0.528,0.617,0.555,0.55
"2018-06-13 19:30:00",1649,0.532,0.558,0.54,0.626,0.568,0.57
"2018-06-13 20:00:00",1650,0.546,0.571,0.551,0.633,0.582,0.592
"2018-06-13 20:30:00",1651,0.555,0.581,0.558,0.637,0.592,0.608
"2018-06-13 21:00:00",1652,0.56,0.586,0.563,0.639,0.598,0.617
"2018-06-13 21:30:00",1653,0.564,0.589,0.565,0.64,0.601,0.623
"2018-06-13 22:00:00",1654,0.566,0.591,0.566,0.641,0.603,0.626
"2018-06-13 22:30:00",1655,0.568,0.593,0.568,0.642,0.605,0.628
"2018-06-13 23:00:00",1656,0.57,0.594,0.569,0.642,0.606,0.63
"2018-06-13 23:30:00",1657,0.57,0.594,0.569,0.642,0.606,0.631
"2018-06-14 00:00:00",1658,0.572,0.595,0.57,0.643,0.608,0.632
"2018-06-14 00:30:00",1659,0.573,0.596,0.571,0.644,0.609,0.633
"2018-06-14 01:00:00",1660,0.574,0.596,0.572,0.644,0.61,0.633
"2018-06-14 01:30:00",1661,0.575,0.596,0.573,0.644,0.609,0.634
"2018-06-14 02:00:00",1662,0.575,0.597,0.573,0.645,0.61,0.634
"2018-06-14 02:30:00",1663,0.575,0.596,0.573,0.645,0.611,0.635
"2018-06-14 03:00:00",1664,0.574,0.596,0.572,0.644,0.61,0.634
"2018-06-14 03:30:00",1665,0.574,0.597,0.572,0.644,0.611,0.634
"2018-06-14 04:00:00",1666,0.572,0.596,0.574,0.644,0.611,0.631
"2018-06-14 04:30:00",1667,0.569,0.596,0.572,0.644,0.61,0.63
"2018-06-14 05:00:00",1668,0.565,0.597,0.572,0.643,0.611,0.627
"2018-06-14 05:30:00",1669,0.561,0.596,0.571,0.643,0.609,0.625
"2018-06-14 06:00:00",1670,0.558,0.596,0.57,0.643,0.608,0.623
"2018-06-14 06:30:00",1671,0.552,0.591,0.569,0.642,0.607,0.613
"2018-06-14 07:00:00",1672,0.522,0.572,0.543,0.626,0.598,0.572
"2018-06-14 07:30:00",1673,0.461,0.533,0.49,0.586,0.576,0.514
"2018-06-14 08:00:00",1674,0.411,0.496,0.443,0.54,0.542,0.469
"2018-06-14 08:30:00",1675,0.385,0.47,0.42,0.512,0.518,0.447
"2018-06-14 09:00:00",1676,0.38,0.464,0.412,0.506,0.506,0.44
"2018-06-14 09:30:00",1677,0.379,0.461,0.407,0.505,0.496,0.432
"2018-06-14 10:00:00",1678,0.376,0.453,0.401,0.494,0.481,0.426
"2018-06-14 10:30:00",1679,0.379,0.451,0.404,0.49,0.478,0.428
"2018-06-14 11:00:00",1680,0.385,0.461,0.412,0.506,0.486,0.439
"2018-06-14 11:30:00",1681,0.382,0.462,0.414,0.514,0.485,0.436
"2018-06-14 12:00:00",1682,0.381,0.458,0.417,0.503,0.48,0.429
"2018-06-14 12:30:00",1683,0.381,0.45,0.416,0.503,0.475,0.424
"2018-06-14 13:00:00",1684,0.383,0.445,0.419,0.509,0.471,0.423
"2018-06-14 13:30:00",1685,0.388,0.448,0.425,0.521,0.472,0.422
"2018-06-14 14:00:00",1686,0.392,0.453,0.43,0.528,0.473,0.423
"2018-06-14 14:30:00",1687,0.395,0.452,0.428,0.528,0.474,0.426
"2018-06-14 15:00:00",1688,0.4,0.453,0.431,0.528,0.479,0.432
"2018-06-14 15:30:00",1689,0.404,0.455,0.436,0.532,0.477,0.435
"2018-06-14 16:00:00",1690,0.415,0.454,0.444,0.539,0.482,0.44
"2018-06-14 16:30:00",1691,0.424,0.458,0.451,0.545,0.483,0.453
"2018-06-14 17:00:00",1692,0.432,0.471,0.457,0.552,0.491,0.465
"2018-06-14 17:30:00",1693,0.439,0.483,0.465,0.565,0.499,0.474
"2018-06-14 18:00:00",1694,0.449,0.491,0.477,0.58,0.509,0.484
"2018-06-14 18:30:00",1695,0.464,0.502,0.486,0.589,0.52,0.496
"2018-06-14 19:00:00",1696,0.478,0.515,0.496,0.598,0.53,0.516
"2018-06-14 19:30:00",1697,0.49,0.529,0.505,0.607,0.542,0.536
"2018-06-14 20:00:00",1698,0.503,0.544,0.514,0.616,0.555,0.554
"2018-06-14 20:30:00",1699,0.517,0.559,0.524,0.624,0.57,0.575
"2018-06-14 21:00:00",1700,0.527,0.57,0.535,0.629,0.58,0.591
"2018-06-14 21:30:00",1701,0.537,0.577,0.543,0.634,0.588,0.602
"2018-06-14 22:00:00",1702,0.544,0.581,0.548,0.64,0.592,0.61
"2018-06-14 22:30:00",1703,0.549,0.584,0.552,0.643,0.595,0.616
"2018-06-14 23:00:00",1704,0.554,0.586,0.554,0.645,0.598,0.622
"2018-06-14 23:30:00",1705,0.558,0.589,0.557,0.65,0.599,0.629
"2018-06-15 00:00:00",1706,0.56,0.592,0.559,0.651,0.602,0.632
"2018-06-15 00:30:00",1707,0.562,0.593,0.561,0.651,0.602,0.634
"2018-06-15 01:00:00",1708,0.563,0.595,0.562,0.653,0.603,0.632
"2018-06-15 01:30:00",1709,0.561,0.6,0.562,0.651,0.609,0.627
"2018-06-15 02:00:00",1710,0.556,0.597,0.564,0.648,0.608,0.623
"2018-06-15 02:30:00",1711,0.554,0.598,0.563,0.647,0.609,0.621
"2018-06-15 03:00:00",1712,0.552,0.598,0.563,0.645,0.609,0.62
"2018-06-15 03:30:00",1713,0.553,0.596,0.564,0.646,0.61,0.621
"2018-06-15 04:00:00",1714,0.552,0.598,0.563,0.644,0.609,0.62
"2018-06-15 04:30:00",1715,0.553,0.596,0.563,0.644,0.608,0.622
"2018-06-15 05:00:00",1716,0.556,0.595,0.562,0.646,0.607,0.626
"2018-06-15 05:30:00",1717,0.558,0.596,0.563,0.645,0.609,0.628
"2018-06-15 06:00:00",1718,0.56,0.595,0.564,0.646,0.609,0.629
"2018-06-15 06:30:00",1719,0.555,0.583,0.555,0.642,0.606,0.61
"2018-06-15 07:00:00",1720,0.515,0.551,0.511,0.608,0.597,0.554
"2018-06-15 07:30:00",1721,0.468,0.53,0.479,0.579,0.59,0.516
"2018-06-15 08:00:00",1722,0.433,0.514,0.45,0.55,0.578,0.488
"2018-06-15 08:30:00",1723,0.4,0.494,0.428,0.527,0.549,0.456
"2018-06-15 09:00:00",1724,0.389,0.479,0.424,0.518,0.534,0.44
"2018-06-15 09:30:00",1725,0.387,0.471,0.416,0.514,0.517,0.43
"2018-06-15 10:00:00",1726,0.387,0.464,0.416,0.505,0.502,0.424
"2018-06-15 10:30:00",1727,0.385,0.461,0.416,0.493,0.49,0.426
"2018-06-15 11:00:00",1728,0.384,0.46,0.417,0.5,0.487,0.433
"2018-06-15 11:30:00",1729,0.384,0.456,0.414,0.51,0.48,0.433
"2018-06-15 12:00:00",1730,0.387,0.46,0.422,0.508,0.485,0.434
"2018-06-15 12:30:00",1731,0.389,0.459,0.425,0.513,0.485,0.434
"2018-06-15 13:00:00",1732,0.393,0.459,0.431,0.527,0.481,0.435
"2018-06-15 13:30:00",1733,0.393,0.46,0.438,0.54,0.483,0.433
"2018-06-15 14:00:00",1734,0.397,0.465,0.441,0.548,0.481,0.433
"2018-06-15 14:30:00",1735,0.401,0.466,0.444,0.55,0.484,0.439
"2018-06-15 15:00:00",1736,0.408,0.468,0.444,0.549,0.487,0.447
"2018-06-15 15:30:00",1737,0.42,0.475,0.458,0.561,0.494,0.459
"2018-06-15 16:00:00",1738,0.432,0.478,0.47,0.572,0.498,0.47
"2018-06-15 16:30:00",1739,0.437,0.476,0.474,0.577,0.497,0.475
"2018-06-15 17:00:00",1740,0.454,0.492,0.485,0.586,0.508,0.497
"2018-06-15 17:30:00",1741,0.454,0.496,0.481,0.588,0.51,0.497
"2018-06-15 18:00:00",1742,0.458,0.501,0.489,0.592,0.517,0.503
"2018-06-15 18:30:00",1743,0.477,0.515,0.503,0.602,0.53,0.52
"2018-06-15 19:00:00",1744,0.498,0.535,0.517,0.614,0.547,0.548
"2018-06-15 19:30:00",1745,0.514,0.549,0.528,0.625,0.561,0.572
"2018-06-15 20:00:00",1746,0.523,0.56,0.536,0.631,0.572,0.586
"2018-06-15 20:30:00",1747,0.532,0.572,0.542,0.634,0.582,0.599
"2018-06-15 21:00:00",1748,0.542,0.58,0.55,0.64,0.588,0.612
"2018-06-15 21:30:00",1749,0.549,0.586,0.554,0.643,0.593,0.622
"2018-06-15 22:00:00",1750,0.556,0.589,0.558,0.646,0.597,0.629
"2018-06-15 22:30:00",1751,0.563,0.591,0.561,0.65,0.599,0.635
"2018-06-15 23:00:00",1752,0.568,0.594,0.564,0.652,0.6,0.641
"2018-06-15 23:30:00",1753,0.571,0.594,0.566,0.652,0.602,0.643
"2018-06-16 00:00:00",1754,0.573,0.596,0.567,0.652,0.603,0.645
"2018-06-16 00:30:00",1755,0.576,0.597,0.568,0.654,0.603,0.646
"2018-06-16 01:00:00",1756,0.579,0.597,0.569,0.656,0.602,0.648
"2018-06-16 01:30:00",1757,0.581,0.598,0.57,0.656,0.603,0.649
"2018-06-16 02:00:00",1758,0.581,0.6,0.571,0.656,0.604,0.651
"2018-06-16 02:30:00",1759,0.582,0.6,0.572,0.656,0.604,0.651
"2018-06-16 03:00:00",1760,0.583,0.6,0.573,0.657,0.605,0.652
"2018-06-16 03:30:00",1761,0.583,0.601,0.574,0.656,0.607,0.651
"2018-06-16 04:00:00",1762,0.583,0.602,0.574,0.654,0.609,0.651
"2018-06-16 04:30:00",1763,0.584,0.602,0.574,0.654,0.608,0.649
"2018-06-16 05:00:00",1764,0.585,0.603,0.576,0.654,0.61,0.649
"2018-06-16 05:30:00",1765,0.585,0.603,0.576,0.654,0.608,0.648
"2018-06-16 06:00:00",1766,0.586,0.602,0.575,0.653,0.606,0.647
"2018-06-16 06:30:00",1767,0.587,0.602,0.577,0.65,0.608,0.646
"2018-06-16 07:00:00",1768,0.582,0.599,0.57,0.643,0.612,0.638
"2018-06-16 07:30:00",1769,0.559,0.587,0.548,0.625,0.611,0.611
"2018-06-16 08:00:00",1770,0.511,0.569,0.508,0.597,0.609,0.564
"2018-06-16 08:30:00",1771,0.457,0.546,0.469,0.573,0.602,0.513
"2018-06-16 09:00:00",1772,0.417,0.528,0.444,0.555,0.591,0.473
"2018-06-16 09:30:00",1773,0.396,0.512,0.425,0.541,0.572,0.442
"2018-06-16 10:00:00",1774,0.387,0.496,0.418,0.516,0.548,0.424
"2018-06-16 10:30:00",1775,0.384,0.477,0.415,0.492,0.517,0.418
"2018-06-16 11:00:00",1776,0.382,0.466,0.413,0.497,0.499,0.431
"2018-06-16 11:30:00",1777,0.381,0.463,0.415,0.515,0.491,0.436
"2018-06-16 12:00:00",1778,0.385,0.46,0.417,0.506,0.484,0.433
"2018-06-16 12:30:00",1779,0.388,0.458,0.42,0.509,0.478,0.432
"2018-06-16 13:00:00",1780,0.386,0.454,0.423,0.518,0.476,0.429
"2018-06-16 13:30:00",1781,0.39,0.456,0.428,0.529,0.478,0.428
"2018-06-16 14:00:00",1782,0.392,0.459,0.433,0.538,0.477,0.429
"2018-06-16 14:30:00",1783,0.396,0.462,0.435,0.542,0.478,0.434
"2018-06-16 15:00:00",1784,0.402,0.463,0.437,0.543,0.483,0.441
"2018-06-16 15:30:00",1785,0.412,0.468,0.446,0.55,0.487,0.448
"2018-06-16 16:00:00",1786,0.422,0.468,0.457,0.56,0.489,0.455
"2018-06-16 16:30:00",1787,0.434,0.473,0.467,0.569,0.492,0.47
"2018-06-16 17:00:00",1788,0.445,0.484,0.474,0.576,0.497,0.487
"2018-06-16 17:30:00",1789,0.45,0.494,0.482,0.586,0.507,0.494
"2018-06-16 18:00:00",1790,0.463,0.507,0.494,0.598,0.517,0.509
"2018-06-16 18:30:00",1791,0.483,0.522,0.508,0.61,0.532,0.529
"2018-06-16 19:00:00",1792,0.501,0.538,0.521,0.621,0.548,0.551
"2018-06-16 19:30:00",1793,0.515,0.553,0.533,0.63,0.564,0.571
"2018-06-16 20:00:00",1794,0.527,0.565,0.543,0.635,0.576,0.587
"2018-06-16 20:30:00",1795,0.538,0.575,0.551,0.639,0.585,0.602
"2018-06-16 21:00:00",1796,0.546,0.583,0.558,0.641,0.593,0.614
"2018-06-16 21:30:00",1797,0.551,0.589,0.56,0.641,0.596,0.62
"2018-06-16 22:00:00",1798,0.556,0.593,0.564,0.642,0.6,0.625
"2018-06-16 22:30:00",1799,0.562,0.595,0.567,0.644,0.603,0.63
"2018-06-16 23:00:00",1800,0.564,0.598,0.568,0.644,0.604,0.632
"2018-06-16 23:30:00",1801,0.565,0.6,0.568,0.644,0.605,0.633
"2018-06-17 00:00:00",1802,0.569,0.599,0.57,0.646,0.606,0.636
"2018-06-17 00:30:00",1803,0.572,0.598,0.571,0.649,0.606,0.64
"2018-06-17 01:00:00",1804,0.573,0.599,0.571,0.65,0.607,0.642
"2018-06-17 01:30:00",1805,0.574,0.6,0.572,0.65,0.608,0.643
"2018-06-17 02:00:00",1806,0.575,0.6,0.573,0.65,0.609,0.643
"2018-06-17 02:30:00",1807,0.575,0.601,0.574,0.649,0.609,0.642
"2018-06-17 03:00:00",1808,0.576,0.601,0.575,0.65,0.61,0.644
"2018-06-17 03:30:00",1809,0.576,0.6,0.574,0.649,0.608,0.644
"2018-06-17 04:00:00",1810,0.577,0.601,0.574,0.649,0.608,0.644
"2018-06-17 04:30:00",1811,0.578,0.6,0.574,0.65,0.608,0.646
"2018-06-17 05:00:00",1812,0.579,0.601,0.575,0.651,0.609,0.646
"2018-06-17 05:30:00",1813,0.579,0.601,0.575,0.648,0.609,0.644
"2018-06-17 06:00:00",1814,0.58,0.601,0.575,0.648,0.61,0.645
"2018-06-17 06:30:00",1815,0.581,0.601,0.576,0.646,0.61,0.643
"2018-06-17 07:00:00",1816,0.578,0.599,0.574,0.645,0.61,0.637
"2018-06-17 07:30:00",1817,0.574,0.599,0.573,0.643,0.611,0.632
"2018-06-17 08:00:00",1818,0.548,0.589,0.551,0.625,0.611,0.598
"2018-06-17 08:30:00",1819,0.48,0.564,0.498,0.592,0.604,0.534
"2018-06-17 09:00:00",1820,0.425,0.536,0.461,0.561,0.586,0.479
"2018-06-17 09:30:00",1821,0.393,0.505,0.425,0.529,0.545,0.436
"2018-06-17 10:00:00",1822,0.385,0.488,0.414,0.511,0.515,0.428
"2018-06-17 10:30:00",1823,0.398,0.482,0.418,0.518,0.508,0.439
"2018-06-17 11:00:00",1824,0.383,0.475,0.408,0.506,0.497,0.435
"2018-06-17 11:30:00",1825,0.38,0.469,0.408,0.513,0.489,0.435
"2018-06-17 12:00:00",1826,0.378,0.46,0.406,0.499,0.486,0.425
"2018-06-17 12:30:00",1827,0.38,0.453,0.407,0.498,0.48,0.424
"2018-06-17 13:00:00",1828,0.381,0.446,0.409,0.505,0.474,0.421
"2018-06-17 13:30:00",1829,0.383,0.445,0.412,0.511,0.474,0.419
"2018-06-17 14:00:00",1830,0.388,0.454,0.419,0.522,0.476,0.424
"2018-06-17 14:30:00",1831,0.391,0.456,0.42,0.524,0.475,0.427
"2018-06-17 15:00:00",1832,0.396,0.455,0.423,0.525,0.48,0.433
"2018-06-17 15:30:00",1833,0.401,0.459,0.43,0.532,0.482,0.437
"2018-06-17 16:00:00",1834,0.407,0.458,0.437,0.538,0.483,0.44
"2018-06-17 16:30:00",1835,0.416,0.462,0.446,0.544,0.486,0.451
"2018-06-17 17:00:00",1836,0.425,0.474,0.454,0.552,0.491,0.465
"2018-06-17 17:30:00",1837,0.44,0.489,0.467,0.569,0.502,0.481
"2018-06-17 18:00:00",1838,0.456,0.504,0.484,0.587,0.515,0.499
"2018-06-17 18:30:00",1839,0.477,0.52,0.502,0.603,0.529,0.52
"2018-06-17 19:00:00",1840,0.495,0.537,0.516,0.614,0.545,0.541
"2018-06-17 19:30:00",1841,0.507,0.55,0.527,0.621,0.557,0.558
"2018-06-17 20:00:00",1842,0.523,0.564,0.539,0.629,0.571,0.58
"2018-06-17 20:30:00",1843,0.536,0.576,0.549,0.635,0.583,0.597
"2018-06-17 21:00:00",1844,0.544,0.583,0.554,0.638,0.59,0.609
"2018-06-17 21:30:00",1845,0.552,0.588,0.56,0.642,0.595,0.618
"2018-06-17 22:00:00",1846,0.557,0.591,0.561,0.644,0.599,0.623
"2018-06-17 22:30:00",1847,0.56,0.592,0.565,0.646,0.601,0.627
"2018-06-17 23:00:00",1848,0.562,0.593,0.567,0.646,0.602,0.628
"2018-06-17 23:30:00",1849,0.564,0.595,0.569,0.647,0.605,0.63
"2018-06-18 00:00:00",1850,0.566,0.596,0.571,0.648,0.606,0.632
"2018-06-18 00:30:00",1851,0.567,0.595,0.572,0.648,0.607,0.633
"2018-06-18 01:00:00",1852,0.569,0.597,0.573,0.648,0.608,0.635
"2018-06-18 01:30:00",1853,0.571,0.597,0.573,0.648,0.607,0.638
"2018-06-18 02:00:00",1854,0.572,0.599,0.574,0.646,0.608,0.638
"2018-06-18 02:30:00",1855,0.573,0.599,0.574,0.646,0.607,0.639
"2018-06-18 03:00:00",1856,0.576,0.599,0.573,0.648,0.607,0.642
"2018-06-18 03:30:00",1857,0.577,0.599,0.574,0.648,0.607,0.643
"2018-06-18 04:00:00",1858,0.577,0.6,0.573,0.647,0.608,0.643
"2018-06-18 04:30:00",1859,0.578,0.6,0.575,0.649,0.608,0.645
"2018-06-18 05:00:00",1860,0.579,0.601,0.573,0.648,0.61,0.644
"2018-06-18 05:30:00",1861,0.578,0.602,0.574,0.647,0.61,0.644
"2018-06-18 06:00:00",1862,0.578,0.601,0.575,0.647,0.608,0.643
"2018-06-18 06:30:00",1863,0.58,0.602,0.577,0.647,0.609,0.643
"2018-06-18 07:00:00",1864,0.581,0.601,0.576,0.645,0.609,0.642
"2018-06-18 07:30:00",1865,0.575,0.6,0.57,0.639,0.611,0.635
"2018-06-18 08:00:00",1866,0.542,0.59,0.546,0.618,0.61,0.609
"2018-06-18 08:30:00",1867,0.487,0.575,0.507,0.598,0.607,0.567
"2018-06-18 09:00:00",1868,0.433,0.553,0.464,0.573,0.6,0.503
"2018-06-18 09:30:00",1869,0.396,0.525,0.427,0.545,0.575,0.456
"2018-06-18 10:00:00",1870,0.383,0.505,0.413,0.517,0.545,0.433
"2018-06-18 10:30:00",1871,0.379,0.486,0.407,0.491,0.521,0.424
"2018-06-18 11:00:00",1872,0.378,0.474,0.403,0.495,0.502,0.432
"2018-06-18 11:30:00",1873,0.381,0.465,0.405,0.507,0.488,0.435
"2018-06-18 12:00:00",1874,0.388,0.472,0.411,0.506,0.491,0.439
"2018-06-18 12:30:00",1875,0.387,0.466,0.411,0.505,0.483,0.433
"2018-06-18 13:00:00",1876,0.385,0.459,0.412,0.507,0.477,0.428
"2018-06-18 13:30:00",1877,0.388,0.464,0.417,0.519,0.482,0.429
"2018-06-18 14:00:00",1878,0.39,0.469,0.421,0.525,0.481,0.43
"2018-06-18 14:30:00",1879,0.392,0.468,0.419,0.524,0.479,0.435
"2018-06-18 15:00:00",1880,0.397,0.472,0.424,0.529,0.483,0.443
"2018-06-18 15:30:00",1881,0.4,0.474,0.43,0.534,0.484,0.448
"2018-06-18 16:00:00",1882,0.409,0.478,0.442,0.548,0.489,0.456
"2018-06-18 16:30:00",1883,0.422,0.483,0.454,0.56,0.495,0.465
"2018-06-18 17:00:00",1884,0.433,0.491,0.463,0.567,0.5,0.476
"2018-06-18 17:30:00",1885,0.446,0.502,0.476,0.582,0.51,0.488
"2018-06-18 18:00:00",1886,0.474,0.523,0.499,0.6,0.525,0.514
"2018-06-18 18:30:00",1887,0.502,0.544,0.522,0.617,0.545,0.542
"2018-06-18 19:00:00",1888,0.502,0.545,0.525,0.616,0.547,0.537
"2018-06-18 19:30:00",1889,0.519,0.558,0.539,0.626,0.561,0.56
"2018-06-18 20:00:00",1890,0.534,0.571,0.549,0.634,0.576,0.586
"2018-06-18 20:30:00",1891,0.546,0.582,0.558,0.639,0.588,0.607
"2018-06-18 21:00:00",1892,0.555,0.588,0.563,0.641,0.595,0.619
"2018-06-18 21:30:00",1893,0.559,0.591,0.566,0.643,0.599,0.623
"2018-06-18 22:00:00",1894,0.562,0.594,0.568,0.643,0.602,0.627
"2018-06-18 22:30:00",1895,0.566,0.595,0.57,0.645,0.604,0.631
"2018-06-18 23:00:00",1896,0.568,0.597,0.571,0.645,0.606,0.633
"2018-06-18 23:30:00",1897,0.57,0.598,0.572,0.646,0.607,0.635
"2018-06-19 00:00:00",1898,0.572,0.598,0.573,0.647,0.609,0.637
"2018-06-19 00:30:00",1899,0.574,0.599,0.575,0.648,0.609,0.638
"2018-06-19 01:00:00",1900,0.575,0.599,0.575,0.648,0.609,0.64
"2018-06-19 01:30:00",1901,0.575,0.599,0.576,0.649,0.61,0.639
"2018-06-19 02:00:00",1902,0.575,0.599,0.576,0.649,0.61,0.639
"2018-06-19 02:30:00",1903,0.575,0.599,0.576,0.649,0.611,0.64
"2018-06-19 03:00:00",1904,0.575,0.599,0.576,0.649,0.611,0.64
"2018-06-19 03:30:00",1905,0.574,0.599,0.577,0.649,0.611,0.639
"2018-06-19 04:00:00",1906,0.573,0.599,0.576,0.649,0.611,0.638
"2018-06-19 04:30:00",1907,0.572,0.599,0.577,0.649,0.611,0.637
"2018-06-19 05:00:00",1908,0.572,0.599,0.577,0.649,0.611,0.637
"2018-06-19 05:30:00",1909,0.572,0.6,0.577,0.649,0.612,0.637
"2018-06-19 06:00:00",1910,0.572,0.6,0.577,0.649,0.612,0.637
"2018-06-19 06:30:00",1911,0.571,0.599,0.576,0.648,0.612,0.633
"2018-06-19 07:00:00",1912,0.566,0.596,0.573,0.647,0.61,0.622
"2018-06-19 07:30:00",1913,0.559,0.593,0.569,0.645,0.608,0.609
"2018-06-19 08:00:00",1914,0.551,0.588,0.563,0.642,0.605,0.593
"2018-06-19 08:30:00",1915,0.524,0.575,0.536,0.629,0.598,0.558
"2018-06-19 09:00:00",1916,0.483,0.559,0.501,0.606,0.587,0.52
"2018-06-19 09:30:00",1917,0.413,0.526,0.439,0.56,0.561,0.467
"2018-06-19 10:00:00",1918,0.38,0.495,0.412,0.514,0.528,0.429
"2018-06-19 10:30:00",1919,0.374,0.473,0.401,0.485,0.5,0.418
"2018-06-19 11:00:00",1920,0.375,0.459,0.398,0.485,0.483,0.425
"2018-06-19 11:30:00",1921,0.381,0.455,0.401,0.495,0.475,0.427
"2018-06-19 12:00:00",1922,0.391,0.458,0.407,0.504,0.478,0.437
"2018-06-19 12:30:00",1923,0.392,0.459,0.41,0.508,0.477,0.438
"2018-06-19 13:00:00",1924,0.383,0.449,0.403,0.497,0.468,0.424
"2018-06-19 13:30:00",1925,0.382,0.443,0.399,0.492,0.464,0.422
"2018-06-19 14:00:00",1926,0.436,0.477,0.441,0.532,0.499,0.489
"2018-06-19 14:30:00",1927,0.484,0.471,0.493,0.505,0.527,0.557
"2018-06-19 15:00:00",1928,0.504,0.499,0.523,0.55,0.544,0.573
"2018-06-19 15:30:00",1929,0.523,0.525,0.54,0.575,0.555,0.595
"2018-06-19 16:00:00",1930,0.538,0.54,0.545,0.585,0.566,0.612
"2018-06-19 16:30:00",1931,0.553,0.546,0.55,0.595,0.574,0.624
"2018-06-19 17:00:00",1932,0.561,0.548,0.554,0.601,0.577,0.629
"2018-06-19 17:30:00",1933,0.563,0.547,0.558,0.607,0.574,0.629
"2018-06-19 18:00:00",1934,0.565,0.55,0.559,0.609,0.577,0.63
"2018-06-19 18:30:00",1935,0.566,0.549,0.562,0.613,0.576,0.631
"2018-06-19 19:00:00",1936,0.567,0.552,0.561,0.614,0.579,0.632
"2018-06-19 19:30:00",1937,0.57,0.555,0.564,0.616,0.581,0.632
"2018-06-19 20:00:00",1938,0.572,0.555,0.566,0.618,0.583,0.633
"2018-06-19 20:30:00",1939,0.573,0.554,0.567,0.619,0.583,0.633
"2018-06-19 21:00:00",1940,0.574,0.553,0.568,0.621,0.582,0.633
"2018-06-19 21:30:00",1941,0.574,0.553,0.568,0.621,0.582,0.632
"2018-06-19 22:00:00",1942,0.575,0.554,0.57,0.624,0.584,0.633
"2018-06-19 22:30:00",1943,0.576,0.557,0.571,0.626,0.585,0.634
"2018-06-19 23:00:00",1944,0.576,0.56,0.571,0.627,0.587,0.634
"2018-06-19 23:30:00",1945,0.576,0.563,0.571,0.629,0.588,0.634
"2018-06-20 00:00:00",1946,0.576,0.568,0.572,0.63,0.59,0.634
"2018-06-20 00:30:00",1947,0.576,0.572,0.573,0.633,0.592,0.635
"2018-06-20 01:00:00",1948,0.576,0.578,0.571,0.634,0.594,0.636
"2018-06-20 01:30:00",1949,0.577,0.581,0.574,0.636,0.597,0.638
"2018-06-20 02:00:00",1950,0.577,0.583,0.575,0.637,0.597,0.64
"2018-06-20 02:30:00",1951,0.577,0.586,0.574,0.638,0.599,0.64
"2018-06-20 03:00:00",1952,0.577,0.585,0.576,0.639,0.596,0.641
"2018-06-20 03:30:00",1953,0.578,0.586,0.576,0.641,0.596,0.642
"2018-06-20 04:00:00",1954,0.577,0.588,0.577,0.641,0.598,0.642
"2018-06-20 04:30:00",1955,0.577,0.592,0.576,0.64,0.599,0.642
"2018-06-20 05:00:00",1956,0.578,0.592,0.578,0.641,0.598,0.642
"2018-06-20 05:30:00",1957,0.578,0.591,0.578,0.64,0.596,0.642
"2018-06-20 06:00:00",1958,0.577,0.594,0.578,0.638,0.598,0.641
"2018-06-20 06:30:00",1959,0.579,0.595,0.579,0.64,0.6,0.641
"2018-06-20 07:00:00",1960,0.578,0.595,0.579,0.64,0.6,0.64
"2018-06-20 07:30:00",1961,0.575,0.595,0.579,0.638,0.601,0.637
"2018-06-20 08:00:00",1962,0.568,0.592,0.576,0.638,0.601,0.631
"2018-06-20 08:30:00",1963,0.523,0.57,0.529,0.616,0.591,0.587
"2018-06-20 09:00:00",1964,0.471,0.54,0.49,0.586,0.565,0.52
"2018-06-20 09:30:00",1965,0.406,0.504,0.435,0.538,0.53,0.456
"2018-06-20 10:00:00",1966,0.39,0.493,0.424,0.521,0.518,0.444
"2018-06-20 10:30:00",1967,0.378,0.483,0.415,0.497,0.502,0.434
"2018-06-20 11:00:00",1968,0.378,0.479,0.411,0.503,0.49,0.441
"2018-06-20 11:30:00",1969,0.382,0.475,0.414,0.515,0.489,0.447
"2018-06-20 12:00:00",1970,0.382,0.471,0.412,0.509,0.485,0.44
"2018-06-20 12:30:00",1971,0.385,0.465,0.411,0.508,0.478,0.442
"2018-06-20 13:00:00",1972,0.394,0.472,0.422,0.524,0.497,0.452
"2018-06-20 13:30:00",1973,0.382,0.469,0.416,0.52,0.49,0.438
"2018-06-20 14:00:00",1974,0.38,0.463,0.414,0.515,0.481,0.433
"2018-06-20 14:30:00",1975,0.385,0.461,0.41,0.511,0.476,0.437
"2018-06-20 15:00:00",1976,0.387,0.457,0.411,0.51,0.471,0.438
"2018-06-20 15:30:00",1977,0.407,0.477,0.435,0.542,0.492,0.461
"2018-06-20 16:00:00",1978,0.407,0.467,0.426,0.532,0.483,0.457
"2018-06-20 16:30:00",1979,0.425,0.48,0.446,0.548,0.495,0.474
"2018-06-20 17:00:00",1980,0.456,0.507,0.473,0.576,0.516,0.508
"2018-06-20 17:30:00",1981,0.495,0.536,0.51,0.605,0.539,0.548
"2018-06-20 18:00:00",1982,0.524,0.561,0.536,0.622,0.563,0.59
"2018-06-20 18:30:00",1983,0.544,0.576,0.553,0.631,0.58,0.614
"2018-06-20 19:00:00",1984,0.554,0.583,0.561,0.635,0.589,0.624
"2018-06-20 19:30:00",1985,0.561,0.588,0.566,0.638,0.595,0.63
"2018-06-20 20:00:00",1986,0.563,0.591,0.567,0.638,0.597,0.633
"2018-06-20 20:30:00",1987,0.566,0.594,0.57,0.639,0.599,0.636
"2018-06-20 21:00:00",1988,0.569,0.594,0.572,0.64,0.6,0.637
"2018-06-20 21:30:00",1989,0.57,0.595,0.571,0.64,0.6,0.637
"2018-06-20 22:00:00",1990,0.571,0.595,0.572,0.64,0.601,0.639
"2018-06-20 22:30:00",1991,0.572,0.593,0.573,0.641,0.598,0.639
"2018-06-20 23:00:00",1992,0.573,0.594,0.574,0.642,0.601,0.642
"2018-06-20 23:30:00",1993,0.574,0.595,0.574,0.642,0.604,0.643
"2018-06-21 00:00:00",1994,0.574,0.595,0.574,0.643,0.605,0.643
"2018-06-21 00:30:00",1995,0.575,0.595,0.575,0.643,0.605,0.642
"2018-06-21 01:00:00",1996,0.575,0.595,0.575,0.643,0.605,0.643
"2018-06-21 01:30:00",1997,0.575,0.595,0.575,0.643,0.605,0.643
"2018-06-21 02:00:00",1998,0.576,0.596,0.575,0.643,0.606,0.642
"2018-06-21 02:30:00",1999,0.575,0.596,0.574,0.643,0.606,0.642
"2018-06-21 03:00:00",2000,0.575,0.596,0.575,0.643,0.606,0.642
"2018-06-21 03:30:00",2001,0.575,0.595,0.575,0.643,0.604,0.642
"2018-06-21 04:00:00",2002,0.575,0.595,0.575,0.643,0.604,0.642
"2018-06-21 04:30:00",2003,0.576,0.595,0.575,0.642,0.605,0.643
"2018-06-21 05:00:00",2004,0.575,0.596,0.575,0.641,0.605,0.642
"2018-06-21 05:30:00",2005,0.575,0.596,0.575,0.64,0.604,0.641
"2018-06-21 06:00:00",2006,0.575,0.595,0.576,0.641,0.604,0.642
"2018-06-21 06:30:00",2007,0.575,0.596,0.575,0.64,0.604,0.641
"2018-06-21 07:00:00",2008,0.575,0.596,0.576,0.641,0.605,0.64
"2018-06-21 07:30:00",2009,0.575,0.595,0.576,0.64,0.604,0.64
"2018-06-21 08:00:00",2010,0.574,0.595,0.576,0.639,0.604,0.638
"2018-06-21 08:30:00",2011,0.574,0.595,0.576,0.638,0.602,0.637
"2018-06-21 09:00:00",2012,0.572,0.595,0.576,0.636,0.602,0.635
"2018-06-21 09:30:00",2013,0.548,0.593,0.566,0.629,0.599,0.613
"2018-06-21 10:00:00",2014,0.47,0.584,0.518,0.601,0.59,0.545
"2018-06-21 10:30:00",2015,0.445,0.569,0.508,0.587,0.577,0.527
"2018-06-21 11:00:00",2016,0.426,0.554,0.493,0.578,0.562,0.51
"2018-06-21 11:30:00",2017,0.412,0.535,0.468,0.564,0.535,0.491
"2018-06-21 12:00:00",2018,0.4,0.522,0.447,0.548,0.519,0.476
"2018-06-21 12:30:00",2019,0.399,0.519,0.447,0.548,0.516,0.473
"2018-06-21 13:00:00",2020,0.409,0.515,0.445,0.549,0.512,0.482
"2018-06-21 13:30:00",2021,0.413,0.515,0.453,0.555,0.509,0.486
"2018-06-21 14:00:00",2022,0.406,0.508,0.446,0.549,0.502,0.475
"2018-06-21 14:30:00",2023,0.413,0.508,0.453,0.555,0.506,0.483
"2018-06-21 15:00:00",2024,0.407,0.503,0.452,0.557,0.501,0.481
"2018-06-21 15:30:00",2025,0.396,0.491,0.44,0.546,0.486,0.468
"2018-06-21 16:00:00",2026,0.403,0.485,0.439,0.547,0.481,0.468
"2018-06-21 16:30:00",2027,0.41,0.486,0.442,0.55,0.487,0.475
"2018-06-21 17:00:00",2028,0.423,0.497,0.456,0.563,0.497,0.489
