"TOA5","CR1000-SALT","CR1000","86631","CR1000.Std.31.03","CPU:Sapflow_SERC.CR1","8974","Table1"
"TIMESTAMP","RECORD","DiffVolt_Avg(1)","DiffVolt_Avg(2)","DiffVolt_Avg(3)","DiffVolt_Avg(4)","DiffVolt_Avg(5)","DiffVolt_Avg(6)","DiffVolt_Avg(7)","DiffVolt_Avg(8)"
"TS","RN","mV","mV","mV","mV","mV","mV","mV","mV"
"","","Avg","Avg","Avg","Avg","Avg","Avg","Avg","Avg"
"2018-09-13 11:30:00",5420,0.511,0.421,0.373,0.457,0.344,0.411,0.567,0.62
"2018-09-13 12:00:00",5421,0.506,0.417,0.371,0.453,0.338,0.405,0.562,0.617
"2018-09-13 12:30:00",5422,0.508,0.42,0.38,0.455,0.34,0.413,0.562,0.619
"2018-09-13 13:00:00",5423,0.503,0.413,0.363,0.448,0.334,0.392,0.558,0.616
"2018-09-13 13:30:00",5424,0.49,0.396,0.345,0.43,0.315,0.367,0.547,0.614
"2018-09-13 14:00:00",5425,0.49,0.394,0.348,0.433,0.31,0.371,0.544,0.614
"2018-09-13 14:30:00",5426,0.492,0.394,0.349,0.435,0.31,0.37,0.544,0.616
"2018-09-13 15:00:00",5427,0.49,0.39,0.343,0.431,0.305,0.362,0.537,0.615
"2018-09-13 15:30:00",5428,0.489,0.389,0.344,0.43,0.304,0.363,0.533,0.613
"2018-09-13 16:00:00",5429,0.487,0.388,0.342,0.427,0.303,0.359,0.53,0.611
"2018-09-13 16:30:00",5430,0.49,0.391,0.348,0.431,0.308,0.366,0.534,0.613
"2018-09-13 17:00:00",5431,0.498,0.401,0.358,0.441,0.318,0.38,0.544,0.618
"2018-09-13 17:30:00",5432,0.501,0.406,0.362,0.446,0.325,0.386,0.549,0.618
"2018-09-13 18:00:00",5433,0.502,0.409,0.364,0.447,0.328,0.39,0.553,0.618
"2018-09-13 18:30:00",5434,0.502,0.407,0.36,0.446,0.326,0.386,0.557,0.617
"2018-09-13 19:00:00",5435,0.504,0.408,0.362,0.448,0.327,0.388,0.558,0.619
"2018-09-13 19:30:00",5436,0.507,0.416,0.373,0.453,0.336,0.402,0.558,0.617
"2018-09-13 20:00:00",5437,0.508,0.42,0.374,0.453,0.341,0.407,0.56,0.614
"2018-09-13 20:30:00",5438,0.512,0.424,0.378,0.455,0.345,0.414,0.565,0.616
"2018-09-13 21:00:00",5439,0.515,0.426,0.382,0.457,0.348,0.422,0.566,0.616
"2018-09-13 21:30:00",5440,0.515,0.428,0.385,0.456,0.351,0.426,0.562,0.611
"2018-09-13 22:00:00",5441,0.517,0.429,0.388,0.457,0.353,0.431,0.561,0.609
"2018-09-13 22:30:00",5442,0.521,0.43,0.4,0.461,0.357,0.442,0.563,0.611
"2018-09-13 23:00:00",5443,0.526,0.432,0.409,0.466,0.361,0.452,0.564,0.611
"2018-09-13 23:30:00",5444,0.529,0.432,0.415,0.469,0.364,0.458,0.566,0.614
"2018-09-14 00:00:00",5445,0.532,0.432,0.418,0.471,0.365,0.463,0.568,0.615
"2018-09-14 00:30:00",5446,0.533,0.432,0.418,0.472,0.366,0.465,0.569,0.615
"2018-09-14 01:00:00",5447,0.534,0.433,0.418,0.472,0.366,0.465,0.567,0.614
"2018-09-14 01:30:00",5448,0.534,0.432,0.418,0.473,0.367,0.466,0.568,0.615
"2018-09-14 02:00:00",5449,0.534,0.431,0.418,0.473,0.367,0.467,0.568,0.614
"2018-09-14 02:30:00",5450,0.534,0.432,0.421,0.473,0.368,0.469,0.568,0.614
"2018-09-14 03:00:00",5451,0.534,0.431,0.423,0.473,0.369,0.47,0.567,0.615
"2018-09-14 03:30:00",5452,0.535,0.431,0.425,0.474,0.37,0.471,0.568,0.614
"2018-09-14 04:00:00",5453,0.536,0.431,0.428,0.475,0.371,0.472,0.568,0.614
"2018-09-14 04:30:00",5454,0.537,0.432,0.433,0.475,0.371,0.473,0.566,0.614
"2018-09-14 05:00:00",5455,0.537,0.431,0.435,0.475,0.372,0.474,0.566,0.615
"2018-09-14 05:30:00",5456,0.539,0.432,0.435,0.475,0.372,0.474,0.566,0.614
"2018-09-14 06:00:00",5457,0.54,0.432,0.431,0.476,0.372,0.474,0.565,0.612
"2018-09-14 06:30:00",5458,0.539,0.433,0.428,0.475,0.372,0.473,0.564,0.611
"2018-09-14 07:00:00",5459,0.539,0.433,0.429,0.475,0.373,0.473,0.562,0.61
"2018-09-14 07:30:00",5460,0.539,0.433,0.429,0.475,0.373,0.474,0.563,0.611
"2018-09-14 08:00:00",5461,0.537,0.432,0.432,0.476,0.373,0.475,0.567,0.615
"2018-09-14 08:30:00",5462,0.537,0.431,0.432,0.476,0.372,0.475,0.566,0.615
"2018-09-14 09:00:00",5463,0.536,0.431,0.432,0.475,0.372,0.475,0.564,0.613
"2018-09-14 09:30:00",5464,0.535,0.43,0.433,0.475,0.372,0.474,0.565,0.614
"2018-09-14 10:00:00",5465,0.533,0.431,0.427,0.475,0.37,0.472,0.565,0.614
"2018-09-14 10:30:00",5466,0.532,0.43,0.417,0.476,0.368,0.467,0.567,0.615
"2018-09-14 11:00:00",5467,0.528,0.429,0.409,0.474,0.365,0.459,0.566,0.614
"2018-09-14 11:30:00",5468,0.53,0.432,0.419,0.475,0.367,0.465,0.564,0.611
"2018-09-14 12:00:00",5469,0.53,0.433,0.425,0.475,0.369,0.468,0.564,0.611
"2018-09-14 12:30:00",5470,0.528,0.431,0.426,0.475,0.369,0.467,0.564,0.612
"2018-09-14 13:00:00",5471,0.526,0.432,0.419,0.474,0.367,0.46,0.563,0.61
"2018-09-14 13:30:00",5472,0.523,0.43,0.409,0.473,0.364,0.453,0.565,0.612
"2018-09-14 14:00:00",5473,0.523,0.43,0.423,0.476,0.366,0.464,0.567,0.614
"2018-09-14 14:30:00",5474,0.52,0.43,0.415,0.475,0.363,0.454,0.568,0.614
"2018-09-14 15:00:00",5475,0.515,0.426,0.39,0.472,0.355,0.436,0.57,0.613
"2018-09-14 15:30:00",5476,0.502,0.415,0.36,0.462,0.338,0.405,0.568,0.614
"2018-09-14 16:00:00",5477,0.489,0.4,0.342,0.445,0.321,0.376,0.561,0.612
"2018-09-14 16:30:00",5478,0.482,0.388,0.333,0.431,0.307,0.36,0.549,0.61
"2018-09-14 17:00:00",5479,0.481,0.381,0.329,0.426,0.299,0.354,0.54,0.611
"2018-09-14 17:30:00",5480,0.486,0.384,0.333,0.432,0.299,0.362,0.538,0.612
"2018-09-14 18:00:00",5481,0.494,0.394,0.346,0.44,0.313,0.379,0.541,0.613
"2018-09-14 18:30:00",5482,0.502,0.406,0.359,0.451,0.329,0.397,0.549,0.614
"2018-09-14 19:00:00",5483,0.507,0.413,0.367,0.457,0.338,0.409,0.555,0.616
"2018-09-14 19:30:00",5484,0.51,0.415,0.366,0.458,0.341,0.41,0.562,0.615
"2018-09-14 20:00:00",5485,0.516,0.421,0.382,0.463,0.348,0.429,0.565,0.614
"2018-09-14 20:30:00",5486,0.519,0.424,0.379,0.465,0.351,0.431,0.568,0.615
"2018-09-14 21:00:00",5487,0.52,0.426,0.38,0.464,0.353,0.433,0.57,0.617
"2018-09-14 21:30:00",5488,0.522,0.428,0.385,0.465,0.355,0.437,0.573,0.617
"2018-09-14 22:00:00",5489,0.523,0.428,0.388,0.466,0.356,0.441,0.574,0.616
"2018-09-14 22:30:00",5490,0.525,0.429,0.394,0.468,0.358,0.446,0.575,0.617
"2018-09-14 23:00:00",5491,0.527,0.431,0.401,0.47,0.361,0.453,0.575,0.619
"2018-09-14 23:30:00",5492,0.529,0.431,0.41,0.473,0.363,0.461,0.574,0.619
"2018-09-15 00:00:00",5493,0.534,0.431,0.426,0.477,0.367,0.47,0.576,0.619
"2018-09-15 00:30:00",5494,0.536,0.431,0.437,0.479,0.37,0.476,0.576,0.619
"2018-09-15 01:00:00",5495,0.537,0.431,0.442,0.478,0.371,0.478,0.573,0.62
"2018-09-15 01:30:00",5496,0.537,0.429,0.442,0.478,0.372,0.479,0.573,0.62
"2018-09-15 02:00:00",5497,0.538,0.43,0.438,0.478,0.373,0.479,0.572,0.62
"2018-09-15 02:30:00",5498,0.539,0.43,0.438,0.479,0.373,0.48,0.574,0.621
"2018-09-15 03:00:00",5499,0.539,0.431,0.44,0.478,0.374,0.48,0.569,0.618
"2018-09-15 03:30:00",5500,0.538,0.431,0.437,0.478,0.374,0.479,0.568,0.616
"2018-09-15 04:00:00",5501,0.54,0.433,0.434,0.479,0.374,0.48,0.569,0.618
"2018-09-15 04:30:00",5502,0.538,0.432,0.432,0.48,0.374,0.48,0.571,0.62
"2018-09-15 05:00:00",5503,0.538,0.432,0.433,0.479,0.375,0.48,0.57,0.618
"2018-09-15 05:30:00",5504,0.542,0.434,0.436,0.48,0.376,0.48,0.571,0.617
"2018-09-15 06:00:00",5505,0.544,0.436,0.438,0.481,0.377,0.482,0.575,0.62
"2018-09-15 06:30:00",5506,0.542,0.435,0.435,0.48,0.376,0.482,0.572,0.62
"2018-09-15 07:00:00",5507,0.54,0.434,0.43,0.48,0.376,0.482,0.573,0.623
"2018-09-15 07:30:00",5508,0.537,0.433,0.409,0.478,0.374,0.472,0.571,0.621
"2018-09-15 08:00:00",5509,0.533,0.431,0.395,0.475,0.369,0.459,0.572,0.622
"2018-09-15 08:30:00",5510,0.529,0.428,0.387,0.473,0.362,0.445,0.574,0.623
"2018-09-15 09:00:00",5511,0.523,0.425,0.379,0.469,0.355,0.431,0.571,0.622
"2018-09-15 09:30:00",5512,0.519,0.421,0.374,0.463,0.347,0.419,0.571,0.623
"2018-09-15 10:00:00",5513,0.513,0.415,0.365,0.456,0.339,0.404,0.568,0.623
"2018-09-15 10:30:00",5514,0.5,0.4,0.348,0.44,0.323,0.378,0.554,0.619
"2018-09-15 11:00:00",5515,0.488,0.381,0.327,0.417,0.302,0.347,0.532,0.613
"2018-09-15 11:30:00",5516,0.482,0.373,0.323,0.408,0.292,0.34,0.513,0.611
"2018-09-15 12:00:00",5517,0.482,0.371,0.323,0.407,0.288,0.339,0.502,0.608
"2018-09-15 12:30:00",5518,0.484,0.37,0.324,0.409,0.286,0.338,0.503,0.611
"2018-09-15 13:00:00",5519,0.479,0.361,0.315,0.397,0.275,0.326,0.487,0.604
"2018-09-15 13:30:00",5520,0.478,0.362,0.316,0.399,0.271,0.328,0.484,0.603
"2018-09-15 14:00:00",5521,0.483,0.368,0.321,0.406,0.274,0.333,0.489,0.603
"2018-09-15 14:30:00",5522,0.482,0.367,0.32,0.405,0.27,0.331,0.49,0.604
"2018-09-15 15:00:00",5523,0.488,0.375,0.329,0.416,0.277,0.342,0.499,0.609
"2018-09-15 15:30:00",5524,0.492,0.379,0.331,0.42,0.281,0.345,0.504,0.61
"2018-09-15 16:00:00",5525,0.491,0.378,0.33,0.418,0.282,0.342,0.505,0.611
"2018-09-15 16:30:00",5526,0.491,0.379,0.333,0.418,0.284,0.345,0.508,0.612
"2018-09-15 17:00:00",5527,0.497,0.387,0.34,0.427,0.294,0.355,0.52,0.617
"2018-09-15 17:30:00",5528,0.501,0.393,0.345,0.434,0.302,0.362,0.531,0.619
"2018-09-15 18:00:00",5529,0.505,0.396,0.349,0.437,0.308,0.364,0.543,0.624
"2018-09-15 18:30:00",5530,0.511,0.406,0.359,0.445,0.319,0.378,0.552,0.627
"2018-09-15 19:00:00",5531,0.517,0.413,0.367,0.452,0.328,0.388,0.564,0.63
"2018-09-15 19:30:00",5532,0.529,0.427,0.385,0.465,0.341,0.411,0.582,0.636
"2018-09-15 20:00:00",5533,0.534,0.434,0.392,0.469,0.351,0.424,0.589,0.638
"2018-09-15 20:30:00",5534,0.533,0.432,0.389,0.467,0.352,0.427,0.586,0.635
"2018-09-15 21:00:00",5535,0.536,0.436,0.392,0.469,0.354,0.432,0.592,0.638
"2018-09-15 21:30:00",5536,0.538,0.437,0.393,0.469,0.355,0.433,0.596,0.64
"2018-09-15 22:00:00",5537,0.543,0.444,0.406,0.478,0.36,0.446,0.603,0.643
"2018-09-15 22:30:00",5538,0.548,0.447,0.415,0.483,0.365,0.455,0.606,0.644
"2018-09-15 23:00:00",5539,0.557,0.449,0.439,0.493,0.373,0.469,0.608,0.647
"2018-09-15 23:30:00",5540,0.561,0.45,0.449,0.498,0.376,0.475,0.609,0.648
"2018-09-16 00:00:00",5541,0.563,0.45,0.452,0.499,0.378,0.478,0.61,0.649
"2018-09-16 00:30:00",5542,0.565,0.449,0.454,0.499,0.38,0.479,0.61,0.649
"2018-09-16 01:00:00",5543,0.563,0.449,0.433,0.498,0.376,0.478,0.61,0.649
"2018-09-16 01:30:00",5544,0.554,0.443,0.408,0.485,0.37,0.472,0.601,0.646
"2018-09-16 02:00:00",5545,0.552,0.447,0.408,0.483,0.367,0.467,0.608,0.647
"2018-09-16 02:30:00",5546,0.559,0.45,0.434,0.493,0.376,0.476,0.61,0.65
"2018-09-16 03:00:00",5547,0.564,0.451,0.446,0.498,0.38,0.48,0.611,0.65
"2018-09-16 03:30:00",5548,0.561,0.447,0.442,0.495,0.379,0.482,0.603,0.647
"2018-09-16 04:00:00",5549,0.558,0.441,0.44,0.491,0.378,0.482,0.596,0.64
"2018-09-16 04:30:00",5550,0.555,0.438,0.444,0.49,0.378,0.482,0.592,0.638
"2018-09-16 05:00:00",5551,0.554,0.436,0.446,0.487,0.378,0.481,0.585,0.634
"2018-09-16 05:30:00",5552,0.556,0.438,0.447,0.486,0.378,0.48,0.583,0.631
"2018-09-16 06:00:00",5553,0.55,0.435,0.448,0.482,0.377,0.479,0.582,0.633
"2018-09-16 06:30:00",5554,0.548,0.433,0.448,0.481,0.376,0.478,0.582,0.633
"2018-09-16 07:00:00",5555,0.548,0.434,0.446,0.479,0.375,0.476,0.582,0.629
"2018-09-16 07:30:00",5556,0.544,0.432,0.445,0.477,0.375,0.475,0.578,0.627
"2018-09-16 08:00:00",5557,0.543,0.432,0.445,0.477,0.375,0.475,0.581,0.632
"2018-09-16 08:30:00",5558,0.54,0.431,0.444,0.477,0.375,0.475,0.581,0.632
"2018-09-16 09:00:00",5559,0.535,0.429,0.444,0.476,0.374,0.474,0.579,0.631
"2018-09-16 09:30:00",5560,0.53,0.429,0.442,0.475,0.374,0.474,0.575,0.628
"2018-09-16 10:00:00",5561,0.525,0.428,0.442,0.479,0.373,0.476,0.579,0.627
"2018-09-16 10:30:00",5562,0.524,0.43,0.435,0.48,0.372,0.476,0.575,0.626
"2018-09-16 11:00:00",5563,0.521,0.431,0.41,0.48,0.369,0.46,0.574,0.624
"2018-09-16 11:30:00",5564,0.507,0.423,0.373,0.47,0.356,0.421,0.571,0.62
"2018-09-16 12:00:00",5565,0.482,0.398,0.335,0.435,0.329,0.366,0.559,0.614
"2018-09-16 12:30:00",5566,0.468,0.377,0.317,0.41,0.3,0.339,0.532,0.614
"2018-09-16 13:00:00",5567,0.466,0.367,0.312,0.403,0.285,0.331,0.507,0.614
"2018-09-16 13:30:00",5568,0.467,0.364,0.311,0.401,0.281,0.33,0.495,0.612
"2018-09-16 14:00:00",5569,0.468,0.363,0.31,0.401,0.278,0.328,0.491,0.608
"2018-09-16 14:30:00",5570,0.469,0.364,0.311,0.403,0.276,0.329,0.492,0.607
"2018-09-16 15:00:00",5571,0.473,0.366,0.314,0.409,0.277,0.331,0.497,0.607
"2018-09-16 15:30:00",5572,0.476,0.367,0.315,0.408,0.276,0.331,0.497,0.605
"2018-09-16 16:00:00",5573,0.476,0.367,0.314,0.406,0.275,0.328,0.498,0.604
"2018-09-16 16:30:00",5574,0.477,0.366,0.315,0.405,0.273,0.327,0.504,0.608
"2018-09-16 17:00:00",5575,0.48,0.368,0.319,0.407,0.276,0.329,0.51,0.612
"2018-09-16 17:30:00",5576,0.485,0.373,0.326,0.413,0.281,0.335,0.516,0.613
"2018-09-16 18:00:00",5577,0.491,0.384,0.334,0.424,0.291,0.347,0.524,0.615
"2018-09-16 18:30:00",5578,0.495,0.391,0.341,0.428,0.301,0.352,0.534,0.618
"2018-09-16 19:00:00",5579,0.506,0.407,0.359,0.443,0.318,0.375,0.554,0.626
"2018-09-16 19:30:00",5580,0.518,0.419,0.372,0.458,0.333,0.396,0.571,0.632
"2018-09-16 20:00:00",5581,0.527,0.43,0.385,0.47,0.343,0.417,0.588,0.637
"2018-09-16 20:30:00",5582,0.537,0.44,0.406,0.479,0.356,0.441,0.594,0.64
"2018-09-16 21:00:00",5583,0.536,0.438,0.397,0.474,0.357,0.442,0.589,0.636
"2018-09-16 21:30:00",5584,0.538,0.44,0.403,0.477,0.359,0.447,0.594,0.637
"2018-09-16 22:00:00",5585,0.541,0.442,0.407,0.478,0.362,0.452,0.595,0.637
"2018-09-16 22:30:00",5586,0.54,0.442,0.401,0.476,0.361,0.45,0.596,0.638
"2018-09-16 23:00:00",5587,0.541,0.443,0.404,0.477,0.361,0.453,0.597,0.638
"2018-09-16 23:30:00",5588,0.541,0.441,0.41,0.477,0.363,0.457,0.595,0.637
"2018-09-17 00:00:00",5589,0.548,0.445,0.426,0.488,0.366,0.467,0.602,0.64
"2018-09-17 00:30:00",5590,0.553,0.448,0.434,0.494,0.369,0.473,0.605,0.642
"2018-09-17 01:00:00",5591,0.555,0.447,0.441,0.496,0.371,0.477,0.605,0.642
"2018-09-17 01:30:00",5592,0.557,0.448,0.447,0.499,0.373,0.479,0.607,0.643
"2018-09-17 02:00:00",5593,0.559,0.447,0.452,0.499,0.375,0.48,0.605,0.643
"2018-09-17 02:30:00",5594,0.556,0.441,0.451,0.495,0.375,0.48,0.599,0.64
"2018-09-17 03:00:00",5595,0.553,0.438,0.446,0.492,0.374,0.48,0.593,0.637
"2018-09-17 03:30:00",5596,0.551,0.437,0.443,0.491,0.373,0.48,0.592,0.636
"2018-09-17 04:00:00",5597,0.552,0.437,0.441,0.491,0.373,0.48,0.594,0.636
"2018-09-17 04:30:00",5598,0.554,0.439,0.442,0.492,0.374,0.481,0.598,0.638
"2018-09-17 05:00:00",5599,0.554,0.439,0.444,0.492,0.374,0.481,0.596,0.638
"2018-09-17 05:30:00",5600,0.553,0.437,0.443,0.49,0.374,0.481,0.593,0.636
"2018-09-17 06:00:00",5601,0.562,0.438,0.444,0.491,0.374,0.481,0.594,0.637
"2018-09-17 06:30:00",5602,0.57,0.439,0.443,0.492,0.374,0.481,0.595,0.637
"2018-09-17 07:00:00",5603,0.569,0.438,0.443,0.491,0.374,0.481,0.594,0.637
"2018-09-17 07:30:00",5604,0.57,0.438,0.442,0.491,0.374,0.48,0.595,0.637
"2018-09-17 08:00:00",5605,0.572,0.439,0.426,0.491,0.372,0.476,0.598,0.637
"2018-09-17 08:30:00",5606,0.573,0.44,0.406,0.49,0.368,0.463,0.598,0.638
"2018-09-17 09:00:00",5607,0.563,0.437,0.39,0.485,0.362,0.443,0.597,0.638
"2018-09-17 09:30:00",5608,0.55,0.427,0.371,0.473,0.349,0.414,0.593,0.637
"2018-09-17 10:00:00",5609,0.539,0.42,0.365,0.463,0.34,0.401,0.587,0.636
"2018-09-17 10:30:00",5610,0.534,0.415,0.36,0.459,0.334,0.392,0.581,0.636
"2018-09-17 11:00:00",5611,0.531,0.413,0.361,0.458,0.331,0.395,0.575,0.636
"2018-09-17 11:30:00",5612,0.532,0.413,0.36,0.458,0.33,0.392,0.574,0.635
"2018-09-17 12:00:00",5613,0.527,0.405,0.35,0.451,0.322,0.379,0.565,0.633
"2018-09-17 12:30:00",5614,0.521,0.402,0.35,0.448,0.32,0.38,0.558,0.628
"2018-09-17 13:00:00",5615,0.532,0.415,0.37,0.46,0.335,0.405,0.564,0.624
"2018-09-17 13:30:00",5616,0.528,0.409,0.352,0.452,0.33,0.381,0.565,0.625
"2018-09-17 14:00:00",5617,0.54,0.423,0.389,0.467,0.344,0.424,0.574,0.627
"2018-09-17 14:30:00",5618,0.548,0.43,0.393,0.474,0.354,0.428,0.581,0.627
"2018-09-17 15:00:00",5619,0.543,0.426,0.376,0.469,0.352,0.413,0.581,0.625
"2018-09-17 15:30:00",5620,0.548,0.432,0.394,0.476,0.356,0.432,0.586,0.628
"2018-09-17 16:00:00",5621,0.555,0.436,0.407,0.48,0.36,0.445,0.587,0.627
"2018-09-17 16:30:00",5622,0.561,0.437,0.421,0.482,0.364,0.457,0.589,0.627
"2018-09-17 17:00:00",5623,0.561,0.438,0.416,0.483,0.366,0.453,0.592,0.628
"2018-09-17 17:30:00",5624,0.561,0.439,0.419,0.485,0.367,0.457,0.595,0.631
"2018-09-17 18:00:00",5625,0.564,0.439,0.424,0.486,0.368,0.461,0.596,0.631
"2018-09-17 18:30:00",5626,0.565,0.439,0.425,0.486,0.368,0.463,0.596,0.63
"2018-09-17 19:00:00",5627,0.562,0.439,0.427,0.486,0.368,0.465,0.595,0.63
"2018-09-17 19:30:00",5628,0.56,0.438,0.419,0.485,0.368,0.462,0.593,0.628
"2018-09-17 20:00:00",5629,0.555,0.438,0.412,0.485,0.368,0.459,0.59,0.624
"2018-09-17 20:30:00",5630,0.547,0.438,0.407,0.482,0.367,0.459,0.588,0.624
"2018-09-17 21:00:00",5631,0.541,0.437,0.407,0.481,0.366,0.46,0.588,0.624
"2018-09-17 21:30:00",5632,0.539,0.438,0.412,0.482,0.366,0.464,0.588,0.623
"2018-09-17 22:00:00",5633,0.538,0.438,0.417,0.483,0.366,0.467,0.588,0.622
"2018-09-17 22:30:00",5634,0.539,0.438,0.423,0.485,0.367,0.47,0.592,0.624
"2018-09-17 23:00:00",5635,0.54,0.439,0.426,0.487,0.368,0.472,0.593,0.627
"2018-09-17 23:30:00",5636,0.54,0.439,0.424,0.488,0.368,0.473,0.594,0.627
"2018-09-18 00:00:00",5637,0.54,0.44,0.419,0.488,0.368,0.473,0.595,0.629
"2018-09-18 00:30:00",5638,0.539,0.441,0.415,0.488,0.368,0.472,0.596,0.63
"2018-09-18 01:00:00",5639,0.538,0.441,0.409,0.486,0.368,0.47,0.597,0.631
"2018-09-18 01:30:00",5640,0.536,0.442,0.406,0.485,0.367,0.469,0.597,0.631
"2018-09-18 02:00:00",5641,0.535,0.442,0.404,0.483,0.367,0.468,0.599,0.633
"2018-09-18 02:30:00",5642,0.534,0.443,0.402,0.483,0.366,0.466,0.601,0.634
"2018-09-18 03:00:00",5643,0.536,0.445,0.416,0.488,0.369,0.471,0.602,0.638
"2018-09-18 03:30:00",5644,0.541,0.445,0.438,0.495,0.373,0.478,0.606,0.64
"2018-09-18 04:00:00",5645,0.542,0.444,0.445,0.498,0.374,0.48,0.608,0.641
"2018-09-18 04:30:00",5646,0.542,0.443,0.448,0.496,0.374,0.481,0.61,0.641
"2018-09-18 05:00:00",5647,0.541,0.443,0.449,0.497,0.374,0.481,0.61,0.642
"2018-09-18 05:30:00",5648,0.538,0.442,0.45,0.497,0.375,0.482,0.61,0.642
"2018-09-18 06:00:00",5649,0.535,0.442,0.449,0.497,0.375,0.482,0.61,0.642
"2018-09-18 06:30:00",5650,0.533,0.442,0.447,0.498,0.375,0.482,0.609,0.642
"2018-09-18 07:00:00",5651,0.531,0.443,0.445,0.498,0.375,0.483,0.609,0.642
"2018-09-18 07:30:00",5652,0.53,0.443,0.441,0.499,0.375,0.483,0.609,0.642
"2018-09-18 08:00:00",5653,0.529,0.444,0.435,0.499,0.375,0.48,0.609,0.642
"2018-09-18 08:30:00",5654,0.528,0.445,0.42,0.498,0.375,0.47,0.609,0.642
"2018-09-18 09:00:00",5655,0.522,0.443,0.388,0.489,0.373,0.436,0.607,0.641
"2018-09-18 09:30:00",5656,0.514,0.44,0.378,0.483,0.369,0.422,0.606,0.641
"2018-09-18 10:00:00",5657,0.501,0.427,0.356,0.466,0.357,0.393,0.6,0.641
"2018-09-18 10:30:00",5658,0.486,0.409,0.334,0.443,0.336,0.365,0.583,0.64
"2018-09-18 11:00:00",5659,0.472,0.384,0.317,0.42,0.302,0.343,0.549,0.636
"2018-09-18 11:30:00",5660,0.471,0.376,0.315,0.417,0.289,0.339,0.532,0.633
"2018-09-18 12:00:00",5661,0.475,0.38,0.319,0.421,0.295,0.345,0.527,0.632
"2018-09-18 12:30:00",5662,0.477,0.379,0.317,0.42,0.294,0.342,0.525,0.631
"2018-09-18 13:00:00",5663,0.473,0.369,0.308,0.408,0.282,0.332,0.51,0.631
"2018-09-18 13:30:00",5664,0.479,0.376,0.316,0.418,0.287,0.34,0.516,0.63
"2018-09-18 14:00:00",5665,0.481,0.376,0.316,0.416,0.288,0.343,0.513,0.627
"2018-09-18 14:30:00",5666,0.497,0.397,0.34,0.441,0.311,0.372,0.535,0.629
"2018-09-18 15:00:00",5667,0.518,0.422,0.384,0.466,0.342,0.424,0.56,0.63
"2018-09-18 15:30:00",5668,0.537,0.436,0.419,0.478,0.362,0.461,0.577,0.633
"2018-09-18 16:00:00",5669,0.544,0.439,0.426,0.484,0.368,0.469,0.586,0.635
"2018-09-18 16:30:00",5670,0.546,0.442,0.41,0.486,0.369,0.46,0.598,0.641
"2018-09-18 17:00:00",5671,0.543,0.442,0.392,0.48,0.369,0.444,0.599,0.643
"2018-09-18 17:30:00",5672,0.54,0.441,0.382,0.478,0.366,0.43,0.602,0.645
"2018-09-18 18:00:00",5673,0.526,0.429,0.357,0.459,0.356,0.389,0.597,0.646
"2018-09-18 18:30:00",5674,0.519,0.425,0.356,0.455,0.346,0.383,0.594,0.644
"2018-09-18 19:00:00",5675,0.521,0.429,0.363,0.457,0.346,0.384,0.594,0.643
"2018-09-18 19:30:00",5676,0.529,0.437,0.378,0.467,0.352,0.407,0.597,0.643
"2018-09-18 20:00:00",5677,0.533,0.441,0.379,0.472,0.355,0.418,0.599,0.644
"2018-09-18 20:30:00",5678,0.535,0.443,0.379,0.472,0.356,0.421,0.601,0.643
"2018-09-18 21:00:00",5679,0.537,0.444,0.381,0.473,0.358,0.424,0.603,0.643
"2018-09-18 21:30:00",5680,0.538,0.445,0.379,0.471,0.359,0.425,0.602,0.643
"2018-09-18 22:00:00",5681,0.538,0.446,0.379,0.47,0.359,0.426,0.605,0.643
"2018-09-18 22:30:00",5682,0.541,0.447,0.384,0.473,0.361,0.432,0.605,0.643
"2018-09-18 23:00:00",5683,0.543,0.448,0.386,0.474,0.362,0.435,0.605,0.645
"2018-09-18 23:30:00",5684,0.544,0.448,0.384,0.473,0.362,0.436,0.605,0.645
"2018-09-19 00:00:00",5685,0.546,0.449,0.39,0.475,0.363,0.44,0.607,0.646
"2018-09-19 00:30:00",5686,0.549,0.45,0.394,0.479,0.365,0.444,0.608,0.646
"2018-09-19 01:00:00",5687,0.551,0.45,0.397,0.481,0.367,0.448,0.609,0.646
"2018-09-19 01:30:00",5688,0.552,0.451,0.398,0.48,0.367,0.449,0.609,0.646
"2018-09-19 02:00:00",5689,0.553,0.451,0.399,0.482,0.368,0.451,0.609,0.646
"2018-09-19 02:30:00",5690,0.554,0.451,0.4,0.481,0.367,0.45,0.609,0.647
"2018-09-19 03:00:00",5691,0.555,0.451,0.402,0.483,0.368,0.454,0.609,0.647
"2018-09-19 03:30:00",5692,0.556,0.452,0.406,0.482,0.367,0.453,0.61,0.645
"2018-09-19 04:00:00",5693,0.557,0.452,0.408,0.484,0.368,0.455,0.611,0.646
"2018-09-19 04:30:00",5694,0.558,0.452,0.41,0.483,0.368,0.453,0.61,0.645
"2018-09-19 05:00:00",5695,0.56,0.452,0.411,0.484,0.368,0.453,0.61,0.644
"2018-09-19 05:30:00",5696,0.561,0.453,0.416,0.483,0.368,0.453,0.612,0.645
"2018-09-19 06:00:00",5697,0.563,0.453,0.422,0.485,0.369,0.457,0.612,0.644
"2018-09-19 06:30:00",5698,0.563,0.453,0.425,0.484,0.369,0.457,0.61,0.643
"2018-09-19 07:00:00",5699,0.564,0.452,0.429,0.485,0.37,0.46,0.611,0.644
"2018-09-19 07:30:00",5700,0.563,0.452,0.425,0.483,0.368,0.456,0.611,0.643
"2018-09-19 08:00:00",5701,0.558,0.451,0.397,0.479,0.365,0.437,0.612,0.644
"2018-09-19 08:30:00",5702,0.546,0.445,0.364,0.463,0.356,0.396,0.61,0.647
"2018-09-19 09:00:00",5703,0.528,0.429,0.344,0.441,0.34,0.365,0.6,0.647
"2018-09-19 09:30:00",5704,0.512,0.407,0.327,0.414,0.312,0.342,0.571,0.635
"2018-09-19 10:00:00",5705,0.5,0.386,0.313,0.397,0.287,0.326,0.54,0.624
"2018-09-19 10:30:00",5706,0.495,0.375,0.308,0.388,0.276,0.317,0.517,0.62
"2018-09-19 11:00:00",5707,0.492,0.368,0.304,0.382,0.269,0.313,0.503,0.613
"2018-09-19 11:30:00",5708,0.491,0.364,0.302,0.378,0.263,0.308,0.495,0.611
"2018-09-19 12:00:00",5709,0.491,0.36,0.299,0.375,0.258,0.305,0.487,0.607
"2018-09-19 12:30:00",5710,0.493,0.361,0.301,0.374,0.255,0.304,0.487,0.61
"2018-09-19 13:00:00",5711,0.492,0.356,0.297,0.369,0.248,0.301,0.48,0.602
"2018-09-19 13:30:00",5712,0.496,0.357,0.298,0.367,0.247,0.299,0.479,0.602
"2018-09-19 14:00:00",5713,0.5,0.36,0.298,0.368,0.246,0.299,0.48,0.601
"2018-09-19 14:30:00",5714,0.503,0.362,0.301,0.369,0.245,0.299,0.481,0.604
"2018-09-19 15:00:00",5715,0.504,0.363,0.301,0.368,0.245,0.298,0.48,0.599
"2018-09-19 15:30:00",5716,0.508,0.364,0.304,0.366,0.246,0.297,0.482,0.601
"2018-09-19 16:00:00",5717,0.51,0.367,0.307,0.369,0.25,0.299,0.489,0.603
"2018-09-19 16:30:00",5718,0.514,0.371,0.311,0.372,0.251,0.3,0.498,0.608
"2018-09-19 17:00:00",5719,0.518,0.377,0.318,0.38,0.257,0.306,0.51,0.615
"2018-09-19 17:30:00",5720,0.524,0.385,0.326,0.385,0.264,0.311,0.525,0.623
"2018-09-19 18:00:00",5721,0.529,0.393,0.332,0.392,0.27,0.317,0.542,0.63
"2018-09-19 18:30:00",5722,0.538,0.415,0.352,0.405,0.289,0.337,0.563,0.635
"2018-09-19 19:00:00",5723,0.553,0.436,0.376,0.422,0.313,0.364,0.58,0.639
"2018-09-19 19:30:00",5724,0.569,0.447,0.407,0.437,0.325,0.398,0.593,0.642
"2018-09-19 20:00:00",5725,0.58,0.417,0.426,0.446,0.334,0.417,0.6,0.644
"2018-09-19 20:30:00",5726,0.585,0.415,0.433,0.447,0.337,0.421,0.605,0.646
"2018-09-19 21:00:00",5727,0.588,0.415,0.439,0.448,0.34,0.426,0.608,0.649
"2018-09-19 21:30:00",5728,0.59,0.415,0.443,0.447,0.34,0.425,0.61,0.65
"2018-09-19 22:00:00",5729,0.591,0.414,0.446,0.447,0.341,0.426,0.611,0.651
"2018-09-19 22:30:00",5730,0.592,0.414,0.447,0.444,0.34,0.423,0.612,0.652
"2018-09-19 23:00:00",5731,0.592,0.413,0.446,0.442,0.34,0.423,0.613,0.651
"2018-09-19 23:30:00",5732,0.591,0.413,0.446,0.44,0.339,0.42,0.614,0.652
"2018-09-20 00:00:00",5733,0.59,0.414,0.441,0.441,0.339,0.421,0.614,0.651
"2018-09-20 00:30:00",5734,0.59,0.414,0.439,0.44,0.338,0.418,0.614,0.65
"2018-09-20 01:00:00",5735,0.589,0.415,0.439,0.44,0.338,0.418,0.614,0.651
"2018-09-20 01:30:00",5736,0.587,0.415,0.437,0.437,0.336,0.415,0.615,0.651
"2018-09-20 02:00:00",5737,0.584,0.415,0.438,0.437,0.336,0.415,0.615,0.652
"2018-09-20 02:30:00",5738,0.58,0.415,0.441,0.435,0.335,0.412,0.616,0.652
"2018-09-20 03:00:00",5739,0.577,0.414,0.444,0.434,0.335,0.411,0.617,0.651
"2018-09-20 03:30:00",5740,0.572,0.413,0.445,0.43,0.333,0.407,0.616,0.65
"2018-09-20 04:00:00",5741,0.564,0.412,0.446,0.429,0.333,0.406,0.616,0.652
"2018-09-20 04:30:00",5742,0.556,0.412,0.447,0.425,0.33,0.402,0.616,0.652
"2018-09-20 05:00:00",5743,0.551,0.411,0.447,0.424,0.33,0.401,0.617,0.653
"2018-09-20 05:30:00",5744,0.546,0.41,0.446,0.42,0.326,0.397,0.618,0.652
"2018-09-20 06:00:00",5745,0.542,0.409,0.447,0.419,0.325,0.396,0.617,0.651
"2018-09-20 06:30:00",5746,0.536,0.408,0.444,0.416,0.322,0.393,0.615,0.651
"2018-09-20 07:00:00",5747,0.534,0.409,0.44,0.418,0.321,0.395,0.614,0.65
"2018-09-20 07:30:00",5748,0.53,0.408,0.431,0.416,0.318,0.392,0.614,0.65
"2018-09-20 08:00:00",5749,0.529,0.408,0.427,0.416,0.317,0.391,0.613,0.648
"2018-09-20 08:30:00",5750,0.518,0.403,0.394,0.406,0.31,0.37,0.608,0.647
"2018-09-20 09:00:00",5751,0.501,0.391,0.359,0.391,0.298,0.336,0.599,0.642
"2018-09-20 09:30:00",5752,0.483,0.38,0.343,0.377,0.283,0.313,0.598,0.645
"2018-09-20 10:00:00",5753,0.477,0.372,0.341,0.372,0.272,0.31,0.592,0.645
"2018-09-20 10:30:00",5754,0.474,0.37,0.342,0.371,0.269,0.31,0.587,0.646
"2018-09-20 11:00:00",5755,0.469,0.362,0.335,0.364,0.263,0.304,0.579,0.644
"2018-09-20 11:30:00",5756,0.467,0.363,0.336,0.363,0.265,0.304,0.584,0.644
"2018-09-20 12:00:00",5757,0.458,0.349,0.318,0.35,0.254,0.285,0.572,0.641
"2018-09-20 12:30:00",5758,0.447,0.333,0.304,0.337,0.239,0.271,0.555,0.642
"2018-09-20 13:00:00",5759,0.439,0.318,0.289,0.32,0.226,0.256,0.527,0.638
"2018-09-20 13:30:00",5760,0.431,0.308,0.281,0.311,0.218,0.25,0.512,0.634
"2018-09-20 14:00:00",5761,0.433,0.307,0.284,0.312,0.217,0.252,0.512,0.632
"2018-09-20 14:30:00",5762,0.427,0.304,0.279,0.308,0.216,0.246,0.522,0.634
"2018-09-20 15:00:00",5763,0.421,0.295,0.271,0.3,0.209,0.239,0.521,0.633
"2018-09-20 15:30:00",5764,0.421,0.292,0.27,0.298,0.207,0.237,0.52,0.632
"2018-09-20 16:00:00",5765,0.421,0.29,0.269,0.296,0.207,0.235,0.524,0.632
"2018-09-20 16:30:00",5766,0.418,0.29,0.27,0.296,0.209,0.235,0.535,0.633
"2018-09-20 17:00:00",5767,0.385,0.271,0.252,0.275,0.198,0.22,0.549,0.635
"2018-09-20 17:30:00",5768,0.266,0.189,0.175,0.189,0.139,0.15,0.532,0.607
"2018-09-20 18:00:00",5769,0.262,0.188,0.176,0.187,0.138,0.152,0.536,0.602
"2018-09-20 18:30:00",5770,0.266,0.194,0.182,0.192,0.142,0.159,0.546,0.604
"2018-09-20 19:00:00",5771,0.277,0.204,0.193,0.199,0.15,0.171,0.565,0.615
"2018-09-20 19:30:00",5772,0.273,0.202,0.19,0.196,0.15,0.173,0.555,0.598
"2018-09-20 20:00:00",5773,0.268,0.2,0.186,0.192,0.148,0.172,0.547,0.587
"2018-10-02 10:00:00",5774,0.385,0.31,0.285,0.323,0.259,0.3,0.443,0.448
