"TOA5","CR1000-FRESH","CR1000","86614","CR1000.Std.31.03","CPU:Sapflow_SERC.CR1","28068","Table1"
"TIMESTAMP","RECORD","DiffVolt_Avg(1)","DiffVolt_Avg(2)","DiffVolt_Avg(3)","DiffVolt_Avg(4)","DiffVolt_Avg(5)","DiffVolt_Avg(6)","DiffVolt_Avg(7)","DiffVolt_Avg(8)"
"TS","RN","mV","mV","mV","mV","mV","mV","mV","mV"
"","","Avg","Avg","Avg","Avg","Avg","Avg","Avg","Avg"
"2018-07-16 17:30:00",3225,0.457,0.437,0.559,0.331,0.51,0.379,0.558,0.585
"2018-07-16 18:00:00",3226,0.475,0.45,0.571,0.347,0.52,0.396,0.573,0.608
"2018-07-16 18:30:00",3227,0.497,0.467,0.589,0.367,0.539,0.42,0.585,0.627
"2018-07-16 19:00:00",3228,0.512,0.482,0.6,0.384,0.551,0.437,0.595,0.642
"2018-07-16 19:30:00",3229,0.517,0.487,0.604,0.392,0.561,0.444,0.601,0.65
"2018-07-16 20:00:00",3230,0.521,0.491,0.608,0.399,0.575,0.452,0.605,0.655
"2018-07-16 20:30:00",3231,0.525,0.492,0.611,0.406,0.588,0.46,0.607,0.658
"2018-07-16 21:00:00",3232,0.527,0.495,0.612,0.412,0.601,0.466,0.61,0.66
"2018-07-16 21:30:00",3233,0.528,0.495,0.611,0.415,0.607,0.469,0.611,0.662
"2018-07-16 22:00:00",3234,0.529,0.496,0.61,0.417,0.611,0.471,0.612,0.663
"2018-07-16 22:30:00",3235,0.529,0.496,0.609,0.419,0.614,0.472,0.613,0.664
"2018-07-16 23:00:00",3236,0.529,0.496,0.607,0.421,0.615,0.473,0.614,0.664
"2018-07-16 23:30:00",3237,0.529,0.495,0.605,0.421,0.616,0.473,0.615,0.665
"2018-07-17 00:00:00",3238,0.529,0.494,0.603,0.422,0.616,0.473,0.615,0.666
"2018-07-17 00:30:00",3239,0.528,0.493,0.602,0.422,0.616,0.473,0.616,0.666
"2018-07-17 01:00:00",3240,0.529,0.493,0.602,0.42,0.616,0.473,0.616,0.666
"2018-07-17 01:30:00",3241,0.529,0.492,0.601,0.42,0.616,0.473,0.616,0.667
"2018-07-17 02:00:00",3242,0.53,0.491,0.601,0.418,0.616,0.474,0.617,0.667
"2018-07-17 02:30:00",3243,0.53,0.49,0.6,0.417,0.615,0.474,0.617,0.668
"2018-07-17 03:00:00",3244,0.53,0.49,0.599,0.416,0.615,0.474,0.617,0.668
"2018-07-17 03:30:00",3245,0.531,0.489,0.599,0.415,0.613,0.474,0.618,0.669
"2018-07-17 04:00:00",3246,0.531,0.488,0.598,0.414,0.611,0.474,0.618,0.669
"2018-07-17 04:30:00",3247,0.531,0.487,0.597,0.412,0.609,0.474,0.618,0.669
"2018-07-17 05:00:00",3248,0.531,0.487,0.596,0.412,0.607,0.474,0.618,0.669
"2018-07-17 05:30:00",3249,0.531,0.486,0.594,0.411,0.605,0.474,0.618,0.67
"2018-07-17 06:00:00",3250,0.531,0.486,0.591,0.41,0.603,0.473,0.619,0.67
"2018-07-17 06:30:00",3251,0.531,0.484,0.588,0.41,0.601,0.472,0.618,0.67
"2018-07-17 07:00:00",3252,0.53,0.484,0.582,0.408,0.595,0.469,0.618,0.671
"2018-07-17 07:30:00",3253,0.521,0.476,0.568,0.399,0.575,0.46,0.618,0.67
"2018-07-17 08:00:00",3254,0.508,0.464,0.554,0.388,0.558,0.445,0.618,0.67
"2018-07-17 08:30:00",3255,0.479,0.443,0.532,0.37,0.531,0.415,0.616,0.669
"2018-07-17 09:00:00",3256,0.455,0.422,0.517,0.347,0.508,0.386,0.614,0.665
"2018-07-17 09:30:00",3257,0.443,0.409,0.512,0.329,0.495,0.371,0.61,0.653
"2018-07-17 10:00:00",3258,0.453,0.412,0.521,0.331,0.5,0.38,0.608,0.64
"2018-07-17 10:30:00",3259,0.436,0.403,0.515,0.321,0.489,0.365,0.604,0.627
"2018-07-17 11:00:00",3260,0.425,0.396,0.514,0.309,0.48,0.355,0.594,0.597
"2018-07-17 11:30:00",3261,0.422,0.398,0.518,0.306,0.478,0.353,0.577,0.566
"2018-07-17 12:00:00",3262,0.421,0.404,0.524,0.304,0.478,0.352,0.552,0.548
"2018-07-17 12:30:00",3263,0.421,0.407,0.528,0.304,0.479,0.352,0.537,0.543
"2018-07-17 13:00:00",3264,0.424,0.41,0.532,0.306,0.48,0.353,0.531,0.545
"2018-07-17 13:30:00",3265,0.426,0.412,0.535,0.307,0.481,0.355,0.529,0.544
"2018-07-17 14:00:00",3266,0.43,0.416,0.539,0.31,0.484,0.358,0.53,0.548
"2018-07-17 14:30:00",3267,0.454,0.432,0.554,0.328,0.501,0.378,0.55,0.579
"2018-07-17 15:00:00",3268,0.446,0.428,0.55,0.323,0.493,0.37,0.561,0.587
"2018-07-17 15:30:00",3269,0.459,0.436,0.561,0.335,0.502,0.383,0.568,0.595
"2018-07-17 16:00:00",3270,0.491,0.457,0.58,0.358,0.533,0.411,0.559,0.589
"2018-07-17 16:30:00",3271,0.518,0.482,0.597,0.388,0.581,0.423,0.535,0.506
"2018-07-17 17:00:00",3272,0.528,0.49,0.607,0.401,0.598,0.422,0.547,0.511
"2018-07-17 17:30:00",3273,0.533,0.489,0.612,0.404,0.605,0.431,0.558,0.529
"2018-07-17 18:00:00",3274,0.536,0.485,0.614,0.405,0.605,0.434,0.562,0.573
"2018-07-17 18:30:00",3275,0.537,0.479,0.609,0.405,0.604,0.442,0.573,0.611
"2018-07-17 19:00:00",3276,0.536,0.472,0.597,0.405,0.602,0.447,0.578,0.622
"2018-07-17 19:30:00",3277,0.536,0.472,0.589,0.404,0.601,0.45,0.579,0.629
"2018-07-17 20:00:00",3278,0.537,0.472,0.584,0.404,0.601,0.452,0.576,0.631
"2018-07-17 20:30:00",3279,0.537,0.472,0.581,0.404,0.6,0.453,0.578,0.633
"2018-07-17 21:00:00",3280,0.537,0.471,0.577,0.404,0.598,0.452,0.579,0.634
"2018-07-17 21:30:00",3281,0.535,0.469,0.575,0.403,0.596,0.451,0.577,0.635
"2018-07-17 22:00:00",3282,0.534,0.468,0.573,0.403,0.594,0.451,0.579,0.635
"2018-07-17 22:30:00",3283,0.532,0.468,0.571,0.402,0.592,0.451,0.58,0.636
"2018-07-17 23:00:00",3284,0.529,0.468,0.57,0.402,0.591,0.451,0.58,0.637
"2018-07-17 23:30:00",3285,0.525,0.467,0.569,0.402,0.589,0.45,0.581,0.637
"2018-07-18 00:00:00",3286,0.521,0.466,0.568,0.401,0.588,0.45,0.579,0.635
"2018-07-18 00:30:00",3287,0.518,0.464,0.566,0.401,0.586,0.451,0.579,0.635
"2018-07-18 01:00:00",3288,0.517,0.464,0.566,0.401,0.587,0.453,0.581,0.636
"2018-07-18 01:30:00",3289,0.518,0.465,0.567,0.401,0.588,0.455,0.58,0.638
"2018-07-18 02:00:00",3290,0.519,0.466,0.565,0.402,0.587,0.456,0.581,0.64
"2018-07-18 02:30:00",3291,0.52,0.467,0.562,0.402,0.588,0.458,0.581,0.64
"2018-07-18 03:00:00",3292,0.52,0.467,0.562,0.402,0.589,0.459,0.582,0.64
"2018-07-18 03:30:00",3293,0.52,0.467,0.562,0.402,0.59,0.46,0.583,0.641
"2018-07-18 04:00:00",3294,0.52,0.466,0.563,0.403,0.591,0.462,0.585,0.641
"2018-07-18 04:30:00",3295,0.521,0.465,0.565,0.403,0.592,0.463,0.587,0.642
"2018-07-18 05:00:00",3296,0.522,0.465,0.565,0.404,0.593,0.464,0.589,0.644
"2018-07-18 05:30:00",3297,0.522,0.466,0.565,0.404,0.592,0.464,0.59,0.645
"2018-07-18 06:00:00",3298,0.521,0.467,0.564,0.403,0.591,0.463,0.589,0.647
"2018-07-18 06:30:00",3299,0.52,0.468,0.561,0.401,0.588,0.461,0.589,0.649
"2018-07-18 07:00:00",3300,0.512,0.465,0.552,0.396,0.576,0.455,0.589,0.65
"2018-07-18 07:30:00",3301,0.496,0.458,0.535,0.383,0.557,0.443,0.591,0.651
"2018-07-18 08:00:00",3302,0.476,0.446,0.518,0.369,0.54,0.425,0.592,0.652
"2018-07-18 08:30:00",3303,0.449,0.427,0.5,0.351,0.518,0.401,0.592,0.653
"2018-07-18 09:00:00",3304,0.431,0.415,0.489,0.338,0.502,0.384,0.591,0.652
"2018-07-18 09:30:00",3305,0.418,0.405,0.481,0.325,0.488,0.372,0.59,0.65
"2018-07-18 10:00:00",3306,0.409,0.399,0.479,0.314,0.479,0.365,0.587,0.645
"2018-07-18 10:30:00",3307,0.402,0.394,0.48,0.307,0.472,0.358,0.585,0.63
"2018-07-18 11:00:00",3308,0.397,0.39,0.481,0.3,0.467,0.353,0.574,0.601
"2018-07-18 11:30:00",3309,0.397,0.392,0.484,0.299,0.467,0.354,0.559,0.568
"2018-07-18 12:00:00",3310,0.395,0.394,0.485,0.295,0.465,0.352,0.539,0.545
"2018-07-18 12:30:00",3311,0.395,0.398,0.488,0.295,0.465,0.352,0.526,0.535
"2018-07-18 13:00:00",3312,0.393,0.399,0.492,0.293,0.464,0.35,0.517,0.532
"2018-07-18 13:30:00",3313,0.394,0.4,0.495,0.293,0.465,0.35,0.515,0.532
"2018-07-18 14:00:00",3314,0.396,0.402,0.499,0.293,0.465,0.351,0.514,0.533
"2018-07-18 14:30:00",3315,0.397,0.404,0.502,0.293,0.465,0.351,0.512,0.533
"2018-07-18 15:00:00",3316,0.403,0.408,0.507,0.298,0.471,0.356,0.514,0.54
"2018-07-18 15:30:00",3317,0.402,0.409,0.509,0.297,0.468,0.355,0.519,0.545
"2018-07-18 16:00:00",3318,0.401,0.409,0.51,0.297,0.467,0.354,0.519,0.542
"2018-07-18 16:30:00",3319,0.404,0.41,0.514,0.301,0.47,0.356,0.523,0.543
"2018-07-18 17:00:00",3320,0.407,0.414,0.519,0.305,0.473,0.359,0.528,0.55
"2018-07-18 17:30:00",3321,0.41,0.418,0.524,0.309,0.475,0.362,0.535,0.557
"2018-07-18 18:00:00",3322,0.419,0.424,0.529,0.315,0.479,0.367,0.543,0.57
"2018-07-18 18:30:00",3323,0.425,0.429,0.533,0.324,0.483,0.374,0.553,0.591
"2018-07-18 19:00:00",3324,0.433,0.435,0.538,0.333,0.486,0.379,0.561,0.609
"2018-07-18 19:30:00",3325,0.446,0.444,0.543,0.343,0.494,0.388,0.572,0.622
"2018-07-18 20:00:00",3326,0.466,0.46,0.554,0.362,0.513,0.409,0.582,0.633
"2018-07-18 20:30:00",3327,0.485,0.472,0.564,0.375,0.531,0.426,0.59,0.641
"2018-07-18 21:00:00",3328,0.499,0.479,0.573,0.385,0.549,0.44,0.594,0.646
"2018-07-18 21:30:00",3329,0.506,0.48,0.577,0.391,0.56,0.449,0.597,0.651
"2018-07-18 22:00:00",3330,0.511,0.482,0.578,0.396,0.571,0.454,0.602,0.655
"2018-07-18 22:30:00",3331,0.515,0.483,0.579,0.399,0.58,0.456,0.603,0.657
"2018-07-18 23:00:00",3332,0.517,0.483,0.577,0.401,0.582,0.454,0.605,0.659
"2018-07-18 23:30:00",3333,0.518,0.483,0.576,0.399,0.583,0.451,0.606,0.661
"2018-07-19 00:00:00",3334,0.52,0.483,0.575,0.399,0.585,0.45,0.606,0.663
"2018-07-19 00:30:00",3335,0.522,0.483,0.576,0.399,0.587,0.451,0.606,0.664
"2018-07-19 01:00:00",3336,0.523,0.482,0.575,0.4,0.589,0.451,0.607,0.665
"2018-07-19 01:30:00",3337,0.522,0.482,0.574,0.4,0.589,0.451,0.609,0.666
"2018-07-19 02:00:00",3338,0.523,0.481,0.572,0.4,0.59,0.451,0.61,0.667
"2018-07-19 02:30:00",3339,0.523,0.48,0.572,0.4,0.591,0.452,0.612,0.668
"2018-07-19 03:00:00",3340,0.524,0.48,0.572,0.401,0.593,0.453,0.614,0.669
"2018-07-19 03:30:00",3341,0.524,0.48,0.574,0.403,0.594,0.454,0.614,0.669
"2018-07-19 04:00:00",3342,0.523,0.479,0.574,0.403,0.594,0.455,0.614,0.669
"2018-07-19 04:30:00",3343,0.523,0.479,0.574,0.404,0.593,0.456,0.615,0.67
"2018-07-19 05:00:00",3344,0.523,0.477,0.573,0.404,0.593,0.457,0.615,0.67
"2018-07-19 05:30:00",3345,0.523,0.477,0.573,0.405,0.592,0.457,0.616,0.67
"2018-07-19 06:00:00",3346,0.523,0.477,0.575,0.404,0.592,0.457,0.616,0.671
"2018-07-19 06:30:00",3347,0.518,0.475,0.573,0.403,0.585,0.454,0.616,0.671
"2018-07-19 07:00:00",3348,0.495,0.467,0.551,0.387,0.555,0.434,0.614,0.671
"2018-07-19 07:30:00",3349,0.467,0.446,0.527,0.366,0.529,0.412,0.615,0.67
"2018-07-19 08:00:00",3350,0.456,0.437,0.521,0.361,0.525,0.405,0.615,0.669
"2018-07-19 08:30:00",3351,0.427,0.413,0.501,0.337,0.495,0.378,0.616,0.667
"2018-07-19 09:00:00",3352,0.413,0.399,0.491,0.32,0.482,0.36,0.613,0.661
"2018-07-19 09:30:00",3353,0.407,0.395,0.489,0.313,0.476,0.354,0.606,0.648
"2018-07-19 10:00:00",3354,0.401,0.391,0.489,0.306,0.471,0.347,0.594,0.622
"2018-07-19 10:30:00",3355,0.398,0.388,0.488,0.302,0.468,0.344,0.581,0.591
"2018-07-19 11:00:00",3356,0.397,0.386,0.489,0.297,0.465,0.344,0.567,0.57
"2018-07-19 11:30:00",3357,0.397,0.386,0.491,0.295,0.463,0.344,0.553,0.55
"2018-07-19 12:00:00",3358,0.397,0.387,0.493,0.295,0.462,0.344,0.54,0.536
"2018-07-19 12:30:00",3359,0.398,0.39,0.496,0.296,0.462,0.345,0.533,0.531
"2018-07-19 13:00:00",3360,0.399,0.393,0.5,0.296,0.463,0.346,0.529,0.53
"2018-07-19 13:30:00",3361,0.4,0.396,0.502,0.296,0.463,0.346,0.528,0.531
"2018-07-19 14:00:00",3362,0.401,0.4,0.506,0.297,0.464,0.348,0.527,0.533
"2018-07-19 14:30:00",3363,0.402,0.403,0.511,0.297,0.464,0.348,0.524,0.537
"2018-07-19 15:00:00",3364,0.404,0.407,0.515,0.299,0.465,0.35,0.524,0.541
"2018-07-19 15:30:00",3365,0.405,0.408,0.518,0.302,0.467,0.351,0.527,0.546
"2018-07-19 16:00:00",3366,0.409,0.412,0.523,0.305,0.47,0.354,0.532,0.548
"2018-07-19 16:30:00",3367,0.409,0.413,0.526,0.307,0.469,0.355,0.534,0.55
"2018-07-19 17:00:00",3368,0.413,0.416,0.53,0.309,0.471,0.357,0.537,0.553
"2018-07-19 17:30:00",3369,0.419,0.42,0.534,0.314,0.474,0.361,0.541,0.561
"2018-07-19 18:00:00",3370,0.425,0.425,0.538,0.321,0.478,0.366,0.549,0.574
"2018-07-19 18:30:00",3371,0.434,0.431,0.54,0.33,0.482,0.372,0.558,0.594
"2018-07-19 19:00:00",3372,0.444,0.438,0.544,0.34,0.487,0.379,0.566,0.614
"2018-07-19 19:30:00",3373,0.461,0.45,0.553,0.356,0.5,0.394,0.578,0.628
"2018-07-19 20:00:00",3374,0.477,0.464,0.561,0.37,0.518,0.407,0.589,0.639
"2018-07-19 20:30:00",3375,0.495,0.475,0.571,0.383,0.539,0.422,0.597,0.647
"2018-07-19 21:00:00",3376,0.507,0.48,0.578,0.393,0.556,0.431,0.604,0.653
"2018-07-19 21:30:00",3377,0.513,0.483,0.583,0.398,0.567,0.437,0.608,0.657
"2018-07-19 22:00:00",3378,0.517,0.486,0.587,0.401,0.574,0.441,0.611,0.661
"2018-07-19 22:30:00",3379,0.521,0.488,0.59,0.405,0.581,0.445,0.613,0.664
"2018-07-19 23:00:00",3380,0.524,0.488,0.591,0.407,0.585,0.447,0.614,0.666
"2018-07-19 23:30:00",3381,0.525,0.488,0.592,0.409,0.587,0.45,0.615,0.668
"2018-07-20 00:00:00",3382,0.527,0.488,0.593,0.41,0.589,0.452,0.616,0.67
"2018-07-20 00:30:00",3383,0.528,0.488,0.592,0.411,0.59,0.454,0.616,0.671
"2018-07-20 01:00:00",3384,0.529,0.488,0.59,0.41,0.59,0.455,0.614,0.671
"2018-07-20 01:30:00",3385,0.53,0.487,0.589,0.409,0.59,0.457,0.616,0.671
"2018-07-20 02:00:00",3386,0.529,0.487,0.587,0.408,0.59,0.457,0.617,0.672
"2018-07-20 02:30:00",3387,0.529,0.487,0.584,0.408,0.59,0.457,0.618,0.673
"2018-07-20 03:00:00",3388,0.529,0.486,0.582,0.409,0.59,0.458,0.618,0.673
"2018-07-20 03:30:00",3389,0.529,0.485,0.579,0.409,0.59,0.459,0.618,0.674
"2018-07-20 04:00:00",3390,0.528,0.485,0.577,0.409,0.591,0.459,0.618,0.675
"2018-07-20 04:30:00",3391,0.527,0.484,0.575,0.409,0.591,0.46,0.617,0.675
"2018-07-20 05:00:00",3392,0.526,0.483,0.577,0.41,0.592,0.461,0.619,0.674
"2018-07-20 05:30:00",3393,0.526,0.482,0.578,0.41,0.592,0.462,0.619,0.674
"2018-07-20 06:00:00",3394,0.525,0.481,0.58,0.41,0.592,0.462,0.619,0.675
"2018-07-20 06:30:00",3395,0.524,0.48,0.581,0.411,0.591,0.463,0.62,0.676
"2018-07-20 07:00:00",3396,0.523,0.48,0.581,0.411,0.591,0.463,0.621,0.676
"2018-07-20 07:30:00",3397,0.513,0.477,0.571,0.408,0.584,0.459,0.619,0.675
"2018-07-20 08:00:00",3398,0.493,0.47,0.552,0.4,0.567,0.444,0.62,0.675
"2018-07-20 08:30:00",3399,0.473,0.456,0.533,0.386,0.549,0.424,0.618,0.674
"2018-07-20 09:00:00",3400,0.447,0.434,0.508,0.363,0.518,0.392,0.618,0.672
"2018-07-20 09:30:00",3401,0.431,0.416,0.495,0.344,0.497,0.371,0.618,0.667
"2018-07-20 10:00:00",3402,0.423,0.409,0.492,0.331,0.488,0.364,0.616,0.657
"2018-07-20 10:30:00",3403,0.413,0.399,0.488,0.319,0.477,0.354,0.613,0.641
"2018-07-20 11:00:00",3404,0.411,0.398,0.491,0.315,0.473,0.352,0.607,0.615
"2018-07-20 11:30:00",3405,0.407,0.395,0.492,0.311,0.468,0.348,0.598,0.585
"2018-07-20 12:00:00",3406,0.402,0.392,0.493,0.303,0.462,0.346,0.578,0.555
"2018-07-20 12:30:00",3407,0.4,0.392,0.495,0.3,0.459,0.344,0.557,0.541
"2018-07-20 13:00:00",3408,0.398,0.392,0.5,0.297,0.457,0.344,0.541,0.535
"2018-07-20 13:30:00",3409,0.398,0.394,0.504,0.296,0.457,0.345,0.532,0.533
"2018-07-20 14:00:00",3410,0.399,0.397,0.507,0.296,0.457,0.345,0.526,0.531
"2018-07-20 14:30:00",3411,0.403,0.402,0.513,0.299,0.459,0.349,0.526,0.538
"2018-07-20 15:00:00",3412,0.403,0.405,0.516,0.299,0.459,0.35,0.526,0.542
"2018-07-20 15:30:00",3413,0.409,0.411,0.522,0.305,0.464,0.355,0.532,0.55
"2018-07-20 16:00:00",3414,0.409,0.412,0.524,0.305,0.462,0.354,0.532,0.549
"2018-07-20 16:30:00",3415,0.412,0.415,0.528,0.308,0.465,0.357,0.535,0.551
"2018-07-20 17:00:00",3416,0.418,0.42,0.532,0.315,0.469,0.362,0.543,0.559
"2018-07-20 17:30:00",3417,0.422,0.423,0.536,0.318,0.47,0.364,0.549,0.566
"2018-07-20 18:00:00",3418,0.428,0.428,0.542,0.325,0.474,0.369,0.558,0.581
"2018-07-20 18:30:00",3419,0.44,0.435,0.547,0.335,0.482,0.378,0.567,0.598
"2018-07-20 19:00:00",3420,0.462,0.449,0.557,0.353,0.497,0.395,0.578,0.616
"2018-07-20 19:30:00",3421,0.481,0.463,0.565,0.37,0.51,0.412,0.59,0.632
"2018-07-20 20:00:00",3422,0.489,0.471,0.568,0.378,0.521,0.422,0.6,0.643
"2018-07-20 20:30:00",3423,0.503,0.478,0.577,0.39,0.54,0.435,0.607,0.651
"2018-07-20 21:00:00",3424,0.512,0.484,0.584,0.399,0.556,0.443,0.611,0.657
"2018-07-20 21:30:00",3425,0.515,0.487,0.587,0.403,0.565,0.445,0.612,0.659
"2018-07-20 22:00:00",3426,0.517,0.487,0.588,0.405,0.57,0.446,0.612,0.661
"2018-07-20 22:30:00",3427,0.519,0.487,0.588,0.406,0.573,0.446,0.612,0.662
"2018-07-20 23:00:00",3428,0.52,0.487,0.589,0.408,0.576,0.448,0.612,0.664
"2018-07-20 23:30:00",3429,0.521,0.487,0.59,0.409,0.578,0.449,0.614,0.665
"2018-07-21 00:00:00",3430,0.522,0.487,0.589,0.41,0.58,0.45,0.615,0.667
"2018-07-21 00:30:00",3431,0.523,0.488,0.59,0.41,0.582,0.453,0.615,0.667
"2018-07-21 01:00:00",3432,0.523,0.489,0.59,0.411,0.583,0.454,0.616,0.668
"2018-07-21 01:30:00",3433,0.523,0.489,0.589,0.412,0.584,0.455,0.616,0.668
"2018-07-21 02:00:00",3434,0.523,0.49,0.588,0.412,0.585,0.456,0.617,0.668
"2018-07-21 02:30:00",3435,0.522,0.49,0.588,0.412,0.585,0.457,0.617,0.668
"2018-07-21 03:00:00",3436,0.521,0.49,0.588,0.412,0.586,0.458,0.618,0.669
"2018-07-21 03:30:00",3437,0.52,0.489,0.586,0.411,0.587,0.458,0.618,0.669
"2018-07-21 04:00:00",3438,0.519,0.488,0.584,0.41,0.587,0.458,0.619,0.669
"2018-07-21 04:30:00",3439,0.518,0.488,0.58,0.41,0.588,0.458,0.618,0.669
"2018-07-21 05:00:00",3440,0.516,0.487,0.576,0.41,0.587,0.458,0.618,0.669
"2018-07-21 05:30:00",3441,0.515,0.487,0.574,0.41,0.588,0.46,0.618,0.67
"2018-07-21 06:00:00",3442,0.514,0.487,0.574,0.409,0.588,0.461,0.617,0.669
"2018-07-21 06:30:00",3443,0.513,0.486,0.574,0.409,0.589,0.462,0.617,0.669
"2018-07-21 07:00:00",3444,0.512,0.485,0.573,0.41,0.588,0.462,0.617,0.67
"2018-07-21 07:30:00",3445,0.512,0.484,0.571,0.409,0.586,0.461,0.617,0.67
"2018-07-21 08:00:00",3446,0.509,0.48,0.565,0.406,0.58,0.456,0.617,0.669
"2018-07-21 08:30:00",3447,0.505,0.475,0.557,0.4,0.571,0.451,0.616,0.668
"2018-07-21 09:00:00",3448,0.505,0.474,0.557,0.399,0.575,0.45,0.615,0.666
"2018-07-21 09:30:00",3449,0.508,0.477,0.563,0.403,0.582,0.456,0.615,0.667
"2018-07-21 10:00:00",3450,0.507,0.478,0.564,0.404,0.584,0.457,0.616,0.667
"2018-07-21 10:30:00",3451,0.506,0.478,0.564,0.406,0.585,0.457,0.616,0.667
"2018-07-21 11:00:00",3452,0.504,0.475,0.561,0.406,0.584,0.453,0.613,0.66
"2018-07-21 11:30:00",3453,0.5,0.471,0.557,0.406,0.582,0.448,0.61,0.629
"2018-07-21 12:00:00",3454,0.497,0.469,0.555,0.406,0.58,0.446,0.576,0.602
"2018-07-21 12:30:00",3455,0.495,0.469,0.555,0.405,0.576,0.428,0.538,0.572
"2018-07-21 13:00:00",3456,0.495,0.469,0.557,0.404,0.575,0.393,0.528,0.534
"2018-07-21 13:30:00",3457,0.492,0.458,0.547,0.396,0.568,0.387,0.519,0.502
"2018-07-21 14:00:00",3458,0.491,0.42,0.537,0.388,0.573,0.386,0.52,0.494
"2018-07-21 14:30:00",3459,0.489,0.397,0.527,0.385,0.57,0.375,0.513,0.478
"2018-07-21 15:00:00",3460,0.487,0.394,0.521,0.385,0.567,0.368,0.51,0.468
"2018-07-21 15:30:00",3461,0.485,0.392,0.52,0.384,0.564,0.367,0.516,0.443
"2018-07-21 16:00:00",3462,0.483,0.393,0.516,0.383,0.56,0.368,0.507,0.432
"2018-07-21 16:30:00",3463,0.481,0.392,0.514,0.382,0.559,0.368,0.485,0.434
"2018-07-21 17:00:00",3464,0.479,0.391,0.513,0.382,0.557,0.37,0.48,0.449
"2018-07-21 17:30:00",3465,0.478,0.392,0.512,0.382,0.557,0.374,0.478,0.463
"2018-07-21 18:00:00",3466,0.477,0.391,0.512,0.382,0.558,0.371,0.48,0.461
"2018-07-21 18:30:00",3467,0.477,0.392,0.512,0.382,0.556,0.378,0.505,0.48
"2018-07-21 19:00:00",3468,0.475,0.396,0.513,0.382,0.552,0.387,0.527,0.498
"2018-07-21 19:30:00",3469,0.474,0.398,0.513,0.383,0.552,0.383,0.519,0.484
"2018-07-21 20:00:00",3470,0.473,0.392,0.509,0.381,0.554,0.379,0.497,0.467
"2018-07-21 20:30:00",3471,0.473,0.391,0.509,0.38,0.553,0.376,0.485,0.463
"2018-07-21 21:00:00",3472,0.472,0.391,0.507,0.38,0.554,0.375,0.476,0.458
"2018-07-21 21:30:00",3473,0.471,0.392,0.507,0.381,0.553,0.376,0.478,0.457
"2018-07-21 22:00:00",3474,0.474,0.39,0.509,0.381,0.557,0.368,0.474,0.457
"2018-07-21 22:30:00",3475,0.475,0.387,0.51,0.382,0.558,0.362,0.454,0.47
"2018-07-21 23:00:00",3476,0.472,0.389,0.51,0.382,0.557,0.363,0.444,0.469
"2018-07-21 23:30:00",3477,0.463,0.389,0.51,0.382,0.554,0.368,0.435,0.464
"2018-07-22 00:00:00",3478,0.459,0.388,0.51,0.384,0.555,0.365,0.43,0.468
"2018-07-22 00:30:00",3479,0.458,0.387,0.512,0.384,0.553,0.374,0.444,0.482
"2018-07-22 01:00:00",3480,0.457,0.387,0.515,0.383,0.552,0.383,0.465,0.503
"2018-07-22 01:30:00",3481,0.457,0.385,0.516,0.383,0.553,0.382,0.479,0.501
"2018-07-22 02:00:00",3482,0.457,0.383,0.518,0.383,0.554,0.386,0.479,0.538
"2018-07-22 02:30:00",3483,0.459,0.389,0.522,0.385,0.556,0.403,0.491,0.56
"2018-07-22 03:00:00",3484,0.46,0.4,0.529,0.386,0.558,0.414,0.498,0.573
"2018-07-22 03:30:00",3485,0.462,0.409,0.533,0.386,0.559,0.422,0.505,0.578
"2018-07-22 04:00:00",3486,0.463,0.426,0.539,0.389,0.562,0.427,0.511,0.582
"2018-07-22 04:30:00",3487,0.465,0.439,0.543,0.391,0.564,0.43,0.518,0.585
"2018-07-22 05:00:00",3488,0.467,0.444,0.546,0.393,0.564,0.433,0.524,0.586
"2018-07-22 05:30:00",3489,0.468,0.446,0.548,0.395,0.564,0.434,0.526,0.59
"2018-07-22 06:00:00",3490,0.469,0.449,0.55,0.395,0.563,0.435,0.529,0.591
"2018-07-22 06:30:00",3491,0.469,0.45,0.551,0.396,0.562,0.435,0.531,0.593
"2018-07-22 07:00:00",3492,0.469,0.45,0.554,0.396,0.562,0.437,0.531,0.595
"2018-07-22 07:30:00",3493,0.47,0.45,0.553,0.398,0.562,0.438,0.529,0.595
"2018-07-22 08:00:00",3494,0.469,0.453,0.554,0.399,0.562,0.44,0.527,0.594
"2018-07-22 08:30:00",3495,0.455,0.453,0.547,0.399,0.555,0.44,0.523,0.594
"2018-07-22 09:00:00",3496,0.427,0.442,0.521,0.387,0.527,0.422,0.517,0.593
"2018-07-22 09:30:00",3497,0.419,0.433,0.509,0.377,0.521,0.413,0.515,0.592
"2018-07-22 10:00:00",3498,0.414,0.421,0.496,0.365,0.508,0.399,0.513,0.591
"2018-07-22 10:30:00",3499,0.404,0.41,0.484,0.349,0.49,0.384,0.513,0.59
"2018-07-22 11:00:00",3500,0.4,0.405,0.478,0.341,0.486,0.378,0.515,0.587
"2018-07-22 11:30:00",3501,0.385,0.392,0.466,0.327,0.467,0.364,0.512,0.579
"2018-07-22 12:00:00",3502,0.398,0.399,0.477,0.335,0.489,0.375,0.511,0.574
"2018-07-22 12:30:00",3503,0.414,0.413,0.489,0.354,0.51,0.396,0.509,0.576
"2018-07-22 13:00:00",3504,0.414,0.413,0.49,0.354,0.509,0.397,0.506,0.579
"2018-07-22 13:30:00",3505,0.401,0.403,0.477,0.343,0.491,0.381,0.504,0.578
"2018-07-22 14:00:00",3506,0.387,0.39,0.465,0.329,0.473,0.365,0.501,0.572
"2018-07-22 14:30:00",3507,0.399,0.399,0.475,0.338,0.49,0.376,0.501,0.568
"2018-07-22 15:00:00",3508,0.429,0.422,0.509,0.368,0.533,0.394,0.464,0.518
"2018-07-22 15:30:00",3509,0.445,0.387,0.501,0.36,0.553,0.366,0.408,0.454
"2018-07-22 16:00:00",3510,0.45,0.383,0.488,0.348,0.553,0.375,0.416,0.452
"2018-07-22 16:30:00",3511,0.45,0.385,0.488,0.35,0.552,0.386,0.436,0.471
"2018-07-22 17:00:00",3512,0.451,0.387,0.486,0.35,0.553,0.382,0.421,0.465
"2018-07-22 17:30:00",3513,0.452,0.388,0.496,0.353,0.552,0.391,0.445,0.491
"2018-07-22 18:00:00",3514,0.452,0.391,0.505,0.354,0.55,0.396,0.455,0.499
"2018-07-22 18:30:00",3515,0.453,0.398,0.512,0.355,0.551,0.403,0.463,0.517
"2018-07-22 19:00:00",3516,0.452,0.404,0.516,0.357,0.551,0.403,0.462,0.481
"2018-07-22 19:30:00",3517,0.45,0.385,0.501,0.349,0.548,0.386,0.425,0.471
"2018-07-22 20:00:00",3518,0.45,0.383,0.505,0.348,0.547,0.39,0.448,0.502
"2018-07-22 20:30:00",3519,0.451,0.388,0.511,0.351,0.548,0.403,0.471,0.535
"2018-07-22 21:00:00",3520,0.452,0.393,0.514,0.353,0.548,0.415,0.481,0.552
"2018-07-22 21:30:00",3521,0.453,0.399,0.517,0.357,0.548,0.421,0.487,0.562
"2018-07-22 22:00:00",3522,0.454,0.406,0.521,0.363,0.551,0.425,0.487,0.566
"2018-07-22 22:30:00",3523,0.456,0.414,0.523,0.369,0.552,0.428,0.491,0.568
"2018-07-22 23:00:00",3524,0.456,0.428,0.525,0.374,0.553,0.43,0.491,0.57
"2018-07-22 23:30:00",3525,0.456,0.436,0.525,0.376,0.553,0.43,0.484,0.569
"2018-07-23 00:00:00",3526,0.455,0.437,0.523,0.369,0.55,0.427,0.455,0.483
"2018-07-23 00:30:00",3527,0.45,0.404,0.503,0.353,0.544,0.391,0.4,0.455
"2018-07-23 01:00:00",3528,0.441,0.39,0.478,0.346,0.535,0.385,0.394,0.461
"2018-07-23 01:30:00",3529,0.437,0.395,0.479,0.346,0.532,0.385,0.398,0.474
"2018-07-23 02:00:00",3530,0.437,0.4,0.489,0.347,0.533,0.392,0.418,0.497
"2018-07-23 02:30:00",3531,0.439,0.401,0.497,0.349,0.535,0.402,0.434,0.519
"2018-07-23 03:00:00",3532,0.442,0.415,0.501,0.35,0.539,0.408,0.443,0.533
"2018-07-23 03:30:00",3533,0.445,0.424,0.506,0.351,0.543,0.411,0.45,0.545
"2018-07-23 04:00:00",3534,0.447,0.427,0.51,0.353,0.545,0.415,0.454,0.554
"2018-07-23 04:30:00",3535,0.448,0.43,0.513,0.356,0.548,0.419,0.461,0.559
"2018-07-23 05:00:00",3536,0.449,0.432,0.516,0.36,0.549,0.421,0.464,0.561
"2018-07-23 05:30:00",3537,0.448,0.437,0.526,0.37,0.55,0.426,0.47,0.566
"2018-07-23 06:00:00",3538,0.451,0.442,0.53,0.379,0.555,0.432,0.477,0.569
"2018-07-23 06:30:00",3539,0.452,0.443,0.53,0.381,0.555,0.433,0.476,0.568
"2018-07-23 07:00:00",3540,0.448,0.442,0.528,0.383,0.55,0.43,0.48,0.568
"2018-07-23 07:30:00",3541,0.442,0.442,0.522,0.384,0.54,0.427,0.483,0.57
"2018-07-23 08:00:00",3542,0.429,0.435,0.508,0.376,0.523,0.416,0.484,0.571
"2018-07-23 08:30:00",3543,0.427,0.433,0.509,0.375,0.521,0.415,0.485,0.573
"2018-07-23 09:00:00",3544,0.425,0.43,0.506,0.373,0.518,0.411,0.484,0.574
"2018-07-23 09:30:00",3545,0.42,0.425,0.5,0.367,0.508,0.405,0.485,0.574
"2018-07-23 10:00:00",3546,0.398,0.406,0.479,0.347,0.48,0.381,0.483,0.573
"2018-07-23 10:30:00",3547,0.383,0.392,0.465,0.329,0.466,0.364,0.478,0.571
"2018-07-23 11:00:00",3548,0.39,0.398,0.471,0.335,0.478,0.373,0.479,0.572
"2018-07-23 11:30:00",3549,0.386,0.394,0.466,0.33,0.469,0.368,0.475,0.571
"2018-07-23 12:00:00",3550,0.384,0.391,0.464,0.328,0.469,0.366,0.473,0.569
"2018-07-23 12:30:00",3551,0.39,0.395,0.468,0.332,0.476,0.371,0.481,0.571
"2018-07-23 13:00:00",3552,0.422,0.421,0.5,0.363,0.524,0.408,0.49,0.574
"2018-07-23 13:30:00",3553,0.429,0.425,0.501,0.371,0.528,0.417,0.489,0.545
"2018-07-23 14:00:00",3554,0.409,0.412,0.48,0.352,0.499,0.399,0.488,0.545
"2018-07-23 14:30:00",3555,0.387,0.392,0.461,0.328,0.469,0.374,0.484,0.557
"2018-07-23 15:00:00",3556,0.362,0.37,0.446,0.301,0.437,0.344,0.484,0.557
"2018-07-23 15:30:00",3557,0.383,0.384,0.462,0.32,0.466,0.364,0.482,0.558
"2018-07-23 16:00:00",3558,0.378,0.38,0.46,0.317,0.454,0.358,0.485,0.561
"2018-07-23 16:30:00",3559,0.375,0.379,0.459,0.316,0.452,0.356,0.484,0.559
"2018-07-23 17:00:00",3560,0.381,0.384,0.463,0.323,0.456,0.361,0.49,0.561
"2018-07-23 17:30:00",3561,0.386,0.386,0.467,0.327,0.46,0.365,0.492,0.561
"2018-07-23 18:00:00",3562,0.391,0.389,0.471,0.333,0.463,0.369,0.494,0.564
"2018-07-23 18:30:00",3563,0.398,0.396,0.481,0.342,0.47,0.379,0.492,0.568
"2018-07-23 19:00:00",3564,0.42,0.414,0.5,0.364,0.508,0.403,0.494,0.57
"2018-07-23 19:30:00",3565,0.443,0.434,0.523,0.386,0.543,0.428,0.498,0.575
"2018-07-23 20:00:00",3566,0.449,0.441,0.532,0.395,0.55,0.436,0.497,0.578
"2018-07-23 20:30:00",3567,0.452,0.443,0.535,0.398,0.552,0.437,0.493,0.576
"2018-07-23 21:00:00",3568,0.453,0.443,0.536,0.4,0.553,0.438,0.493,0.576
"2018-07-23 21:30:00",3569,0.453,0.444,0.537,0.401,0.554,0.439,0.495,0.577
"2018-07-23 22:00:00",3570,0.454,0.444,0.538,0.402,0.555,0.44,0.496,0.578
"2018-07-23 22:30:00",3571,0.454,0.445,0.538,0.403,0.556,0.442,0.497,0.578
"2018-07-23 23:00:00",3572,0.455,0.445,0.538,0.404,0.555,0.442,0.499,0.578
"2018-07-23 23:30:00",3573,0.455,0.445,0.538,0.405,0.556,0.444,0.499,0.578
"2018-07-24 00:00:00",3574,0.455,0.446,0.538,0.406,0.557,0.445,0.5,0.579
"2018-07-24 00:30:00",3575,0.455,0.446,0.538,0.407,0.557,0.445,0.502,0.579
"2018-07-24 01:00:00",3576,0.455,0.447,0.539,0.408,0.557,0.448,0.503,0.58
"2018-07-24 01:30:00",3577,0.454,0.446,0.538,0.408,0.554,0.448,0.502,0.48
"2018-07-24 02:00:00",3578,0.452,0.444,0.54,0.408,0.552,0.445,0.469,0.448
"2018-07-24 02:30:00",3579,0.452,0.444,0.542,0.408,0.551,0.418,0.463,0.458
"2018-07-24 03:00:00",3580,0.452,0.424,0.541,0.409,0.549,0.402,0.471,0.51
"2018-07-24 03:30:00",3581,0.451,0.408,0.54,0.408,0.548,0.406,0.478,0.541
"2018-07-24 04:00:00",3582,0.45,0.412,0.539,0.405,0.547,0.413,0.481,0.556
"2018-07-24 04:30:00",3583,0.449,0.416,0.538,0.378,0.547,0.417,0.485,0.561
"2018-07-24 05:00:00",3584,0.449,0.42,0.539,0.375,0.546,0.42,0.488,0.566
"2018-07-24 05:30:00",3585,0.448,0.424,0.538,0.377,0.545,0.423,0.491,0.552
"2018-07-24 06:00:00",3586,0.447,0.427,0.538,0.38,0.545,0.425,0.495,0.548
"2018-07-24 06:30:00",3587,0.445,0.428,0.537,0.382,0.545,0.424,0.495,0.552
"2018-07-24 07:00:00",3588,0.445,0.429,0.538,0.384,0.545,0.427,0.49,0.518
"2018-07-24 07:30:00",3589,0.444,0.431,0.54,0.386,0.546,0.428,0.49,0.521
"2018-07-24 08:00:00",3590,0.445,0.433,0.541,0.387,0.548,0.42,0.489,0.54
"2018-07-24 08:30:00",3591,0.446,0.435,0.54,0.375,0.551,0.415,0.49,0.55
"2018-07-24 09:00:00",3592,0.447,0.424,0.539,0.37,0.553,0.419,0.491,0.559
"2018-07-24 09:30:00",3593,0.448,0.421,0.535,0.373,0.553,0.424,0.493,0.564
"2018-07-24 10:00:00",3594,0.447,0.42,0.529,0.368,0.548,0.417,0.481,0.483
"2018-07-24 10:30:00",3595,0.438,0.383,0.495,0.338,0.514,0.372,0.413,0.463
"2018-07-24 11:00:00",3596,0.432,0.374,0.486,0.333,0.521,0.366,0.407,0.465
"2018-07-24 11:30:00",3597,0.433,0.374,0.485,0.334,0.516,0.367,0.419,0.455
"2018-07-24 12:00:00",3598,0.434,0.376,0.488,0.334,0.515,0.368,0.427,0.471
"2018-07-24 12:30:00",3599,0.437,0.381,0.488,0.337,0.522,0.373,0.438,0.511
"2018-07-24 13:00:00",3600,0.43,0.387,0.481,0.337,0.522,0.378,0.452,0.531
"2018-07-24 13:30:00",3601,0.413,0.386,0.472,0.331,0.506,0.377,0.47,0.543
"2018-07-24 14:00:00",3602,0.392,0.373,0.457,0.317,0.472,0.366,0.481,0.55
"2018-07-24 14:30:00",3603,0.376,0.368,0.449,0.306,0.454,0.354,0.486,0.55
"2018-07-24 15:00:00",3604,0.375,0.373,0.451,0.31,0.454,0.355,0.491,0.55
"2018-07-24 15:30:00",3605,0.404,0.397,0.477,0.34,0.498,0.388,0.494,0.555
"2018-07-24 16:00:00",3606,0.425,0.415,0.499,0.362,0.525,0.411,0.499,0.561
"2018-07-24 16:30:00",3607,0.435,0.425,0.513,0.374,0.538,0.424,0.499,0.564
"2018-07-24 17:00:00",3608,0.436,0.428,0.514,0.379,0.537,0.429,0.501,0.565
"2018-07-24 17:30:00",3609,0.435,0.427,0.512,0.379,0.532,0.427,0.506,0.566
"2018-07-24 18:00:00",3610,0.432,0.424,0.51,0.378,0.525,0.424,0.508,0.567
"2018-07-24 18:30:00",3611,0.426,0.419,0.507,0.373,0.512,0.416,0.51,0.568
"2018-07-24 19:00:00",3612,0.428,0.418,0.51,0.373,0.514,0.413,0.509,0.569
"2018-07-24 19:30:00",3613,0.434,0.425,0.519,0.379,0.524,0.421,0.506,0.57
"2018-07-24 20:00:00",3614,0.441,0.431,0.527,0.386,0.54,0.429,0.504,0.57
"2018-07-24 20:30:00",3615,0.445,0.434,0.531,0.389,0.546,0.434,0.502,0.571
"2018-07-24 21:00:00",3616,0.446,0.435,0.533,0.39,0.546,0.435,0.503,0.571
"2018-07-24 21:30:00",3617,0.446,0.435,0.535,0.391,0.546,0.435,0.503,0.571
"2018-07-24 22:00:00",3618,0.447,0.437,0.537,0.391,0.546,0.437,0.504,0.571
"2018-07-24 22:30:00",3619,0.447,0.437,0.537,0.391,0.545,0.436,0.486,0.483
"2018-07-24 23:00:00",3620,0.445,0.415,0.534,0.382,0.541,0.387,0.428,0.455
"2018-07-24 23:30:00",3621,0.442,0.387,0.503,0.348,0.533,0.378,0.442,0.494
"2018-07-25 00:00:00",3622,0.44,0.389,0.499,0.342,0.532,0.387,0.464,0.512
"2018-07-25 00:30:00",3623,0.44,0.393,0.502,0.342,0.535,0.401,0.474,0.525
"2018-07-25 01:00:00",3624,0.441,0.397,0.506,0.343,0.536,0.406,0.479,0.53
"2018-07-25 01:30:00",3625,0.442,0.401,0.508,0.344,0.537,0.409,0.483,0.541
"2018-07-25 02:00:00",3626,0.443,0.406,0.51,0.346,0.538,0.415,0.488,0.551
"2018-07-25 02:30:00",3627,0.445,0.411,0.514,0.35,0.54,0.42,0.493,0.557
"2018-07-25 03:00:00",3628,0.446,0.415,0.517,0.355,0.543,0.423,0.496,0.561
"2018-07-25 03:30:00",3629,0.447,0.42,0.521,0.36,0.544,0.426,0.499,0.562
"2018-07-25 04:00:00",3630,0.448,0.425,0.525,0.365,0.542,0.427,0.498,0.565
"2018-07-25 04:30:00",3631,0.448,0.429,0.527,0.37,0.543,0.428,0.5,0.566
"2018-07-25 05:00:00",3632,0.449,0.431,0.529,0.375,0.544,0.429,0.502,0.568
"2018-07-25 05:30:00",3633,0.449,0.432,0.531,0.379,0.543,0.432,0.503,0.568
"2018-07-25 06:00:00",3634,0.448,0.433,0.532,0.382,0.543,0.433,0.502,0.569
"2018-07-25 06:30:00",3635,0.447,0.434,0.534,0.384,0.543,0.434,0.502,0.568
"2018-07-25 07:00:00",3636,0.448,0.434,0.534,0.386,0.542,0.434,0.504,0.569
"2018-07-25 07:30:00",3637,0.449,0.436,0.535,0.387,0.545,0.436,0.505,0.569
"2018-07-25 08:00:00",3638,0.45,0.439,0.536,0.39,0.547,0.438,0.504,0.569
"2018-07-25 08:30:00",3639,0.449,0.439,0.534,0.391,0.547,0.439,0.504,0.569
"2018-07-25 09:00:00",3640,0.43,0.427,0.509,0.38,0.524,0.423,0.503,0.569
"2018-07-25 09:30:00",3641,0.397,0.399,0.477,0.347,0.48,0.39,0.501,0.568
"2018-07-25 10:00:00",3642,0.399,0.398,0.477,0.343,0.485,0.389,0.504,0.568
"2018-07-25 10:30:00",3643,0.408,0.405,0.487,0.35,0.499,0.4,0.506,0.569
"2018-07-25 11:00:00",3644,0.411,0.408,0.491,0.354,0.5,0.403,0.505,0.57
"2018-07-25 11:30:00",3645,0.408,0.406,0.487,0.35,0.496,0.398,0.505,0.569
"2018-07-25 12:00:00",3646,0.409,0.407,0.487,0.352,0.497,0.399,0.505,0.569
"2018-07-25 12:30:00",3647,0.408,0.405,0.485,0.35,0.496,0.398,0.506,0.568
"2018-07-25 13:00:00",3648,0.415,0.412,0.492,0.358,0.508,0.407,0.506,0.569
"2018-07-25 13:30:00",3649,0.413,0.41,0.489,0.356,0.504,0.405,0.506,0.568
"2018-07-25 14:00:00",3650,0.406,0.404,0.483,0.35,0.496,0.398,0.506,0.567
"2018-07-25 14:30:00",3651,0.387,0.389,0.468,0.333,0.47,0.377,0.503,0.566
"2018-07-25 15:00:00",3652,0.369,0.373,0.454,0.314,0.448,0.356,0.499,0.561
"2018-07-25 15:30:00",3653,0.358,0.362,0.446,0.302,0.436,0.344,0.498,0.554
"2018-07-25 16:00:00",3654,0.362,0.363,0.449,0.304,0.44,0.347,0.497,0.548
"2018-07-25 16:30:00",3655,0.375,0.374,0.46,0.318,0.455,0.361,0.498,0.552
"2018-07-25 17:00:00",3656,0.384,0.381,0.467,0.327,0.465,0.369,0.498,0.556
"2018-07-25 17:30:00",3657,0.384,0.382,0.468,0.327,0.462,0.368,0.501,0.556
"2018-07-25 18:00:00",3658,0.393,0.387,0.473,0.334,0.474,0.376,0.503,0.559
"2018-07-25 18:30:00",3659,0.405,0.398,0.486,0.347,0.489,0.39,0.503,0.562
"2018-07-25 19:00:00",3660,0.415,0.407,0.498,0.358,0.5,0.403,0.502,0.567
"2018-07-25 19:30:00",3661,0.426,0.416,0.511,0.369,0.514,0.415,0.502,0.57
"2018-07-25 20:00:00",3662,0.437,0.426,0.524,0.38,0.531,0.428,0.501,0.574
"2018-07-25 20:30:00",3663,0.444,0.432,0.532,0.387,0.539,0.437,0.501,0.577
"2018-07-25 21:00:00",3664,0.449,0.436,0.536,0.392,0.544,0.442,0.502,0.58
"2018-07-25 21:30:00",3665,0.452,0.438,0.539,0.396,0.548,0.445,0.503,0.586
"2018-07-25 22:00:00",3666,0.453,0.436,0.54,0.398,0.551,0.447,0.5,0.591
"2018-07-25 22:30:00",3667,0.454,0.437,0.542,0.4,0.553,0.449,0.5,0.595
"2018-07-25 23:00:00",3668,0.456,0.438,0.544,0.402,0.553,0.45,0.501,0.599
"2018-07-25 23:30:00",3669,0.457,0.439,0.544,0.404,0.553,0.451,0.501,0.603
"2018-07-26 00:00:00",3670,0.457,0.44,0.544,0.405,0.552,0.451,0.503,0.606
"2018-07-26 00:30:00",3671,0.457,0.44,0.544,0.406,0.552,0.452,0.506,0.609
"2018-07-26 01:00:00",3672,0.458,0.44,0.544,0.407,0.551,0.452,0.503,0.611
"2018-07-26 01:30:00",3673,0.457,0.44,0.543,0.408,0.551,0.453,0.499,0.612
"2018-07-26 02:00:00",3674,0.457,0.44,0.544,0.409,0.551,0.453,0.5,0.613
"2018-07-26 02:30:00",3675,0.457,0.44,0.544,0.41,0.55,0.453,0.501,0.613
"2018-07-26 03:00:00",3676,0.457,0.44,0.544,0.41,0.55,0.454,0.5,0.616
"2018-07-26 03:30:00",3677,0.456,0.44,0.544,0.411,0.549,0.454,0.5,0.617
"2018-07-26 04:00:00",3678,0.456,0.44,0.544,0.411,0.55,0.454,0.5,0.617
"2018-07-26 04:30:00",3679,0.457,0.44,0.544,0.412,0.55,0.454,0.501,0.619
"2018-07-26 05:00:00",3680,0.457,0.441,0.545,0.413,0.551,0.455,0.501,0.62
"2018-07-26 05:30:00",3681,0.458,0.441,0.544,0.413,0.552,0.455,0.499,0.621
"2018-07-26 06:00:00",3682,0.458,0.442,0.543,0.413,0.553,0.455,0.499,0.622
"2018-07-26 06:30:00",3683,0.458,0.441,0.543,0.413,0.553,0.455,0.5,0.623
"2018-07-26 07:00:00",3684,0.458,0.441,0.543,0.413,0.553,0.454,0.498,0.625
"2018-07-26 07:30:00",3685,0.458,0.442,0.542,0.413,0.553,0.455,0.499,0.626
"2018-07-26 08:00:00",3686,0.459,0.443,0.543,0.414,0.556,0.455,0.5,0.626
"2018-07-26 08:30:00",3687,0.452,0.442,0.533,0.412,0.551,0.449,0.499,0.626
"2018-07-26 09:00:00",3688,0.433,0.429,0.507,0.395,0.528,0.427,0.497,0.627
"2018-07-26 09:30:00",3689,0.4,0.402,0.475,0.363,0.487,0.389,0.499,0.626
"2018-07-26 10:00:00",3690,0.388,0.389,0.465,0.345,0.473,0.376,0.499,0.625
"2018-07-26 10:30:00",3691,0.378,0.382,0.46,0.336,0.462,0.368,0.498,0.621
"2018-07-26 11:00:00",3692,0.37,0.375,0.455,0.328,0.455,0.359,0.499,0.612
"2018-07-26 11:30:00",3693,0.362,0.368,0.451,0.32,0.446,0.352,0.497,0.597
"2018-07-26 12:00:00",3694,0.357,0.364,0.448,0.314,0.441,0.347,0.492,0.57
"2018-07-26 12:30:00",3695,0.354,0.362,0.447,0.312,0.439,0.344,0.484,0.546
"2018-07-26 13:00:00",3696,0.352,0.361,0.448,0.309,0.438,0.342,0.477,0.531
"2018-07-26 13:30:00",3697,0.35,0.362,0.447,0.308,0.437,0.34,0.464,0.524
"2018-07-26 14:00:00",3698,0.358,0.368,0.452,0.315,0.445,0.347,0.458,0.53
"2018-07-26 14:30:00",3699,0.363,0.372,0.455,0.319,0.45,0.351,0.462,0.54
"2018-07-26 15:00:00",3700,0.358,0.369,0.45,0.312,0.444,0.345,0.463,0.544
"2018-07-26 15:30:00",3701,0.356,0.368,0.449,0.309,0.442,0.343,0.465,0.545
"2018-07-26 16:00:00",3702,0.359,0.371,0.452,0.314,0.447,0.347,0.471,0.549
"2018-07-26 16:30:00",3703,0.362,0.374,0.455,0.319,0.452,0.351,0.478,0.553
"2018-07-26 17:00:00",3704,0.368,0.38,0.461,0.328,0.458,0.358,0.487,0.567
"2018-07-26 17:30:00",3705,0.367,0.379,0.461,0.326,0.457,0.355,0.491,0.572
"2018-07-26 18:00:00",3706,0.37,0.382,0.463,0.331,0.461,0.357,0.496,0.58
"2018-07-26 18:30:00",3707,0.377,0.388,0.469,0.341,0.469,0.365,0.5,0.593
"2018-07-26 19:00:00",3708,0.386,0.395,0.474,0.351,0.476,0.371,0.503,0.606
"2018-07-26 19:30:00",3709,0.406,0.412,0.488,0.37,0.501,0.392,0.506,0.615
"2018-07-26 20:00:00",3710,0.43,0.43,0.51,0.392,0.531,0.417,0.509,0.622
"2018-07-26 20:30:00",3711,0.443,0.44,0.522,0.403,0.548,0.43,0.51,0.626
"2018-07-26 21:00:00",3712,0.452,0.446,0.529,0.41,0.562,0.439,0.511,0.63
"2018-07-26 21:30:00",3713,0.458,0.449,0.534,0.415,0.571,0.445,0.51,0.632
"2018-07-26 22:00:00",3714,0.461,0.449,0.536,0.416,0.574,0.447,0.511,0.634
"2018-07-26 22:30:00",3715,0.462,0.449,0.536,0.414,0.575,0.448,0.511,0.635
"2018-07-26 23:00:00",3716,0.463,0.448,0.537,0.412,0.575,0.449,0.513,0.636
"2018-07-26 23:30:00",3717,0.462,0.447,0.538,0.411,0.575,0.449,0.513,0.637
"2018-07-27 00:00:00",3718,0.464,0.447,0.539,0.41,0.575,0.452,0.513,0.638
"2018-07-27 00:30:00",3719,0.465,0.447,0.539,0.408,0.575,0.453,0.515,0.639
"2018-07-27 01:00:00",3720,0.465,0.446,0.539,0.407,0.574,0.454,0.516,0.64
"2018-07-27 01:30:00",3721,0.464,0.445,0.539,0.406,0.574,0.454,0.518,0.64
"2018-07-27 02:00:00",3722,0.465,0.445,0.539,0.405,0.574,0.455,0.517,0.641
"2018-07-27 02:30:00",3723,0.465,0.444,0.539,0.405,0.573,0.456,0.517,0.642
"2018-07-27 03:00:00",3724,0.464,0.444,0.539,0.404,0.572,0.455,0.52,0.643
"2018-07-27 03:30:00",3725,0.464,0.444,0.539,0.404,0.572,0.456,0.52,0.643
"2018-07-27 04:00:00",3726,0.463,0.443,0.54,0.403,0.571,0.456,0.521,0.643
"2018-07-27 04:30:00",3727,0.463,0.443,0.54,0.403,0.57,0.455,0.52,0.644
"2018-07-27 05:00:00",3728,0.462,0.443,0.54,0.402,0.57,0.455,0.518,0.644
"2018-07-27 05:30:00",3729,0.462,0.443,0.539,0.402,0.57,0.455,0.521,0.644
"2018-07-27 06:00:00",3730,0.461,0.443,0.539,0.402,0.569,0.454,0.522,0.644
"2018-07-27 06:30:00",3731,0.461,0.443,0.538,0.402,0.568,0.453,0.523,0.644
"2018-07-27 07:00:00",3732,0.462,0.443,0.538,0.401,0.568,0.452,0.525,0.644
"2018-07-27 07:30:00",3733,0.465,0.444,0.538,0.402,0.572,0.453,0.525,0.644
"2018-07-27 08:00:00",3734,0.467,0.446,0.538,0.403,0.574,0.454,0.522,0.644
"2018-07-27 08:30:00",3735,0.451,0.443,0.531,0.399,0.563,0.446,0.522,0.642
"2018-07-27 09:00:00",3736,0.419,0.427,0.502,0.376,0.529,0.417,0.522,0.641
"2018-07-27 09:30:00",3737,0.396,0.403,0.473,0.344,0.498,0.384,0.522,0.639
"2018-07-27 10:00:00",3738,0.38,0.388,0.458,0.327,0.483,0.366,0.524,0.634
"2018-07-27 10:30:00",3739,0.374,0.381,0.454,0.32,0.477,0.361,0.524,0.627
"2018-07-27 11:00:00",3740,0.363,0.372,0.447,0.308,0.466,0.349,0.519,0.611
"2018-07-27 11:30:00",3741,0.361,0.37,0.446,0.303,0.462,0.346,0.516,0.584
"2018-07-27 12:00:00",3742,0.362,0.37,0.447,0.302,0.462,0.347,0.509,0.558
"2018-07-27 12:30:00",3743,0.359,0.368,0.445,0.298,0.458,0.343,0.499,0.542
"2018-07-27 13:00:00",3744,0.361,0.37,0.447,0.297,0.459,0.344,0.49,0.538
"2018-07-27 13:30:00",3745,0.357,0.367,0.444,0.293,0.455,0.34,0.482,0.533
"2018-07-27 14:00:00",3746,0.37,0.377,0.454,0.303,0.467,0.353,0.484,0.545
"2018-07-27 14:30:00",3747,0.385,0.391,0.465,0.32,0.483,0.368,0.493,0.567
"2018-07-27 15:00:00",3748,0.391,0.396,0.466,0.326,0.489,0.375,0.5,0.582
"2018-07-27 15:30:00",3749,0.398,0.401,0.468,0.333,0.496,0.381,0.506,0.595
"2018-07-27 16:00:00",3750,0.4,0.402,0.467,0.333,0.495,0.38,0.511,0.601
"2018-07-27 16:30:00",3751,0.414,0.41,0.477,0.342,0.516,0.392,0.509,0.604
"2018-07-27 17:00:00",3752,0.441,0.417,0.49,0.341,0.562,0.416,0.465,0.548
"2018-07-27 17:30:00",3753,0.443,0.42,0.497,0.35,0.559,0.422,0.484,0.576
"2018-07-27 18:00:00",3754,0.434,0.421,0.496,0.353,0.545,0.424,0.499,0.589
"2018-07-27 18:30:00",3755,0.439,0.426,0.499,0.36,0.547,0.429,0.503,0.59
"2018-07-27 19:00:00",3756,0.438,0.425,0.498,0.363,0.543,0.428,0.506,0.589
"2018-07-27 19:30:00",3757,0.444,0.427,0.505,0.368,0.543,0.427,0.509,0.59
"2018-07-27 20:00:00",3758,0.448,0.429,0.514,0.373,0.547,0.429,0.508,0.591
"2018-07-27 20:30:00",3759,0.455,0.433,0.522,0.38,0.558,0.435,0.507,0.593
"2018-07-27 21:00:00",3760,0.462,0.437,0.525,0.387,0.57,0.441,0.503,0.593
"2018-07-27 21:30:00",3761,0.466,0.439,0.528,0.391,0.576,0.445,0.501,0.594
"2018-07-27 22:00:00",3762,0.468,0.44,0.53,0.394,0.577,0.446,0.506,0.596
"2018-07-27 22:30:00",3763,0.469,0.44,0.53,0.395,0.58,0.447,0.508,0.597
"2018-07-27 23:00:00",3764,0.468,0.44,0.53,0.396,0.581,0.447,0.507,0.598
"2018-07-27 23:30:00",3765,0.469,0.441,0.53,0.397,0.581,0.447,0.51,0.598
"2018-07-28 00:00:00",3766,0.469,0.441,0.53,0.397,0.582,0.448,0.51,0.599
"2018-07-28 00:30:00",3767,0.47,0.441,0.531,0.397,0.583,0.449,0.508,0.599
"2018-07-28 01:00:00",3768,0.469,0.441,0.531,0.398,0.583,0.45,0.509,0.6
"2018-07-28 01:30:00",3769,0.468,0.439,0.531,0.398,0.582,0.45,0.508,0.601
"2018-07-28 02:00:00",3770,0.467,0.439,0.53,0.397,0.582,0.45,0.509,0.603
"2018-07-28 02:30:00",3771,0.466,0.438,0.531,0.397,0.58,0.45,0.51,0.606
"2018-07-28 03:00:00",3772,0.466,0.437,0.531,0.398,0.579,0.45,0.511,0.607
"2018-07-28 03:30:00",3773,0.465,0.437,0.531,0.398,0.579,0.45,0.512,0.61
"2018-07-28 04:00:00",3774,0.464,0.436,0.531,0.398,0.578,0.45,0.511,0.612
"2018-07-28 04:30:00",3775,0.463,0.437,0.531,0.398,0.577,0.45,0.508,0.615
"2018-07-28 05:00:00",3776,0.462,0.437,0.53,0.398,0.575,0.45,0.505,0.616
"2018-07-28 05:30:00",3777,0.461,0.437,0.53,0.398,0.575,0.449,0.504,0.618
"2018-07-28 06:00:00",3778,0.461,0.436,0.53,0.398,0.574,0.449,0.506,0.619
"2018-07-28 06:30:00",3779,0.46,0.435,0.53,0.399,0.574,0.449,0.506,0.619
"2018-07-28 07:00:00",3780,0.46,0.437,0.53,0.399,0.575,0.45,0.506,0.621
"2018-07-28 07:30:00",3781,0.462,0.439,0.53,0.4,0.578,0.451,0.506,0.623
"2018-07-28 08:00:00",3782,0.458,0.439,0.525,0.399,0.576,0.449,0.505,0.624
"2018-07-28 08:30:00",3783,0.432,0.426,0.499,0.383,0.549,0.427,0.502,0.625
"2018-07-28 09:00:00",3784,0.4,0.4,0.465,0.351,0.509,0.386,0.5,0.626
"2018-07-28 09:30:00",3785,0.377,0.377,0.445,0.324,0.484,0.359,0.499,0.624
"2018-07-28 10:00:00",3786,0.367,0.367,0.439,0.311,0.475,0.35,0.5,0.619
"2018-07-28 10:30:00",3787,0.36,0.361,0.437,0.305,0.468,0.344,0.499,0.61
"2018-07-28 11:00:00",3788,0.353,0.354,0.434,0.297,0.461,0.337,0.494,0.593
"2018-07-28 11:30:00",3789,0.348,0.347,0.435,0.291,0.456,0.333,0.482,0.561
"2018-07-28 12:00:00",3790,0.355,0.351,0.438,0.297,0.459,0.337,0.466,0.541
"2018-07-28 12:30:00",3791,0.351,0.347,0.437,0.293,0.454,0.333,0.448,0.525
"2018-07-28 13:00:00",3792,0.354,0.35,0.439,0.297,0.458,0.334,0.438,0.524
"2018-07-28 13:30:00",3793,0.356,0.351,0.44,0.298,0.458,0.335,0.436,0.524
"2018-07-28 14:00:00",3794,0.355,0.35,0.441,0.298,0.457,0.335,0.433,0.524
"2018-07-28 14:30:00",3795,0.358,0.353,0.443,0.3,0.459,0.336,0.432,0.526
"2018-07-28 15:00:00",3796,0.357,0.355,0.442,0.299,0.458,0.336,0.435,0.529
"2018-07-28 15:30:00",3797,0.357,0.356,0.441,0.298,0.457,0.334,0.437,0.527
"2018-07-28 16:00:00",3798,0.363,0.362,0.447,0.305,0.462,0.339,0.447,0.533
"2018-07-28 16:30:00",3799,0.365,0.365,0.448,0.307,0.464,0.339,0.458,0.536
"2018-07-28 17:00:00",3800,0.372,0.371,0.454,0.313,0.47,0.346,0.471,0.547
"2018-07-28 17:30:00",3801,0.371,0.371,0.453,0.313,0.469,0.344,0.478,0.553
"2018-07-28 18:00:00",3802,0.381,0.379,0.463,0.324,0.478,0.354,0.488,0.569
"2018-07-28 18:30:00",3803,0.39,0.385,0.469,0.333,0.484,0.36,0.499,0.59
"2018-07-28 19:00:00",3804,0.396,0.39,0.473,0.341,0.488,0.364,0.506,0.606
"2018-07-28 19:30:00",3805,0.406,0.399,0.479,0.351,0.494,0.37,0.515,0.617
"2018-07-28 20:00:00",3806,0.42,0.41,0.49,0.366,0.507,0.385,0.522,0.626
"2018-07-28 20:30:00",3807,0.441,0.424,0.503,0.383,0.528,0.405,0.527,0.631
"2018-07-28 21:00:00",3808,0.455,0.433,0.514,0.395,0.546,0.419,0.533,0.634
"2018-07-28 21:30:00",3809,0.464,0.438,0.521,0.401,0.562,0.428,0.536,0.637
"2018-07-28 22:00:00",3810,0.468,0.441,0.524,0.404,0.568,0.433,0.534,0.64
"2018-07-28 22:30:00",3811,0.47,0.442,0.526,0.403,0.57,0.434,0.533,0.642
"2018-07-28 23:00:00",3812,0.47,0.442,0.526,0.402,0.571,0.435,0.537,0.643
"2018-07-28 23:30:00",3813,0.472,0.442,0.527,0.401,0.575,0.437,0.541,0.644
"2018-07-29 00:00:00",3814,0.474,0.443,0.53,0.402,0.579,0.441,0.541,0.646
"2018-07-29 00:30:00",3815,0.475,0.444,0.531,0.402,0.579,0.442,0.542,0.648
"2018-07-29 01:00:00",3816,0.476,0.444,0.532,0.401,0.58,0.442,0.544,0.648
"2018-07-29 01:30:00",3817,0.478,0.445,0.532,0.4,0.582,0.443,0.545,0.65
"2018-07-29 02:00:00",3818,0.48,0.445,0.532,0.4,0.583,0.444,0.545,0.651
"2018-07-29 02:30:00",3819,0.48,0.445,0.533,0.399,0.584,0.444,0.547,0.651
"2018-07-29 03:00:00",3820,0.48,0.445,0.535,0.398,0.581,0.443,0.547,0.652
"2018-07-29 03:30:00",3821,0.48,0.444,0.535,0.395,0.579,0.441,0.547,0.653
"2018-07-29 04:00:00",3822,0.48,0.443,0.534,0.394,0.579,0.441,0.549,0.653
"2018-07-29 04:30:00",3823,0.481,0.443,0.534,0.394,0.58,0.441,0.549,0.653
"2018-07-29 05:00:00",3824,0.483,0.444,0.534,0.396,0.584,0.443,0.546,0.653
"2018-07-29 05:30:00",3825,0.483,0.444,0.535,0.397,0.586,0.444,0.548,0.653
"2018-07-29 06:00:00",3826,0.483,0.444,0.535,0.397,0.586,0.444,0.549,0.653
"2018-07-29 06:30:00",3827,0.483,0.444,0.533,0.397,0.583,0.442,0.549,0.653
"2018-07-29 07:00:00",3828,0.481,0.442,0.528,0.394,0.578,0.44,0.546,0.653
"2018-07-29 07:30:00",3829,0.476,0.437,0.516,0.387,0.567,0.433,0.545,0.653
"2018-07-29 08:00:00",3830,0.466,0.429,0.501,0.376,0.555,0.421,0.541,0.652
"2018-07-29 08:30:00",3831,0.452,0.419,0.488,0.365,0.543,0.407,0.536,0.65
"2018-07-29 09:00:00",3832,0.437,0.411,0.478,0.355,0.532,0.394,0.535,0.647
"2018-07-29 09:30:00",3833,0.412,0.392,0.461,0.334,0.509,0.371,0.534,0.64
"2018-07-29 10:00:00",3834,0.393,0.378,0.45,0.318,0.492,0.357,0.532,0.627
"2018-07-29 10:30:00",3835,0.374,0.364,0.441,0.302,0.478,0.343,0.526,0.607
"2018-07-29 11:00:00",3836,0.367,0.36,0.442,0.295,0.473,0.339,0.517,0.585
"2018-07-29 11:30:00",3837,0.369,0.364,0.446,0.296,0.473,0.343,0.507,0.566
"2018-07-29 12:00:00",3838,0.365,0.361,0.444,0.29,0.469,0.338,0.494,0.543
"2018-07-29 12:30:00",3839,0.369,0.363,0.448,0.291,0.472,0.341,0.482,0.537
"2018-07-29 13:00:00",3840,0.371,0.364,0.45,0.292,0.473,0.341,0.481,0.539
"2018-07-29 13:30:00",3841,0.37,0.364,0.449,0.291,0.471,0.34,0.481,0.539
"2018-07-29 14:00:00",3842,0.368,0.363,0.448,0.288,0.468,0.337,0.479,0.536
"2018-07-29 14:30:00",3843,0.369,0.364,0.45,0.288,0.468,0.338,0.474,0.54
"2018-07-29 15:00:00",3844,0.371,0.365,0.451,0.289,0.468,0.339,0.471,0.545
"2018-07-29 15:30:00",3845,0.371,0.365,0.453,0.29,0.468,0.339,0.47,0.547
"2018-07-29 16:00:00",3846,0.372,0.367,0.455,0.293,0.469,0.338,0.475,0.548
"2018-07-29 16:30:00",3847,0.372,0.369,0.457,0.297,0.47,0.34,0.481,0.55
"2018-07-29 17:00:00",3848,0.376,0.372,0.461,0.302,0.473,0.344,0.49,0.555
"2018-07-29 17:30:00",3849,0.382,0.376,0.465,0.31,0.477,0.348,0.502,0.563
"2018-07-29 18:00:00",3850,0.39,0.382,0.47,0.321,0.483,0.354,0.513,0.577
"2018-07-29 18:30:00",3851,0.396,0.387,0.472,0.328,0.486,0.358,0.522,0.595
"2018-07-29 19:00:00",3852,0.405,0.394,0.475,0.339,0.493,0.366,0.529,0.611
"2018-07-29 19:30:00",3853,0.416,0.404,0.482,0.352,0.504,0.377,0.534,0.623
"2018-07-29 20:00:00",3854,0.432,0.417,0.493,0.365,0.518,0.39,0.539,0.631
"2018-07-29 20:30:00",3855,0.452,0.432,0.506,0.381,0.545,0.41,0.545,0.636
"2018-07-29 21:00:00",3856,0.464,0.441,0.516,0.389,0.56,0.422,0.547,0.64
"2018-07-29 21:30:00",3857,0.469,0.445,0.522,0.393,0.569,0.429,0.551,0.643
"2018-07-29 22:00:00",3858,0.473,0.448,0.526,0.395,0.576,0.436,0.554,0.646
"2018-07-29 22:30:00",3859,0.478,0.451,0.529,0.398,0.584,0.442,0.556,0.648
"2018-07-29 23:00:00",3860,0.482,0.452,0.531,0.401,0.589,0.446,0.558,0.649
"2018-07-29 23:30:00",3861,0.484,0.453,0.534,0.403,0.592,0.449,0.559,0.65
"2018-07-30 00:00:00",3862,0.486,0.454,0.535,0.404,0.594,0.451,0.559,0.652
"2018-07-30 00:30:00",3863,0.488,0.453,0.535,0.405,0.594,0.453,0.56,0.652
"2018-07-30 01:00:00",3864,0.488,0.453,0.536,0.404,0.594,0.454,0.56,0.652
"2018-07-30 01:30:00",3865,0.488,0.452,0.536,0.404,0.594,0.454,0.56,0.653
"2018-07-30 02:00:00",3866,0.488,0.45,0.536,0.404,0.593,0.454,0.561,0.653
"2018-07-30 02:30:00",3867,0.487,0.45,0.536,0.403,0.591,0.454,0.559,0.653
"2018-07-30 03:00:00",3868,0.486,0.449,0.535,0.403,0.589,0.453,0.561,0.653
"2018-07-30 03:30:00",3869,0.484,0.448,0.534,0.402,0.587,0.453,0.561,0.652
"2018-07-30 04:00:00",3870,0.483,0.447,0.534,0.402,0.587,0.452,0.56,0.653
"2018-07-30 04:30:00",3871,0.482,0.447,0.533,0.402,0.585,0.452,0.559,0.653
"2018-07-30 05:00:00",3872,0.481,0.446,0.532,0.401,0.584,0.451,0.558,0.653
"2018-07-30 05:30:00",3873,0.48,0.446,0.531,0.4,0.584,0.45,0.555,0.653
"2018-07-30 06:00:00",3874,0.479,0.446,0.531,0.4,0.583,0.45,0.552,0.652
"2018-07-30 06:30:00",3875,0.478,0.445,0.53,0.399,0.582,0.45,0.549,0.652
"2018-07-30 07:00:00",3876,0.477,0.445,0.529,0.398,0.581,0.449,0.543,0.652
"2018-07-30 07:30:00",3877,0.476,0.445,0.527,0.398,0.58,0.449,0.542,0.652
"2018-07-30 08:00:00",3878,0.476,0.445,0.526,0.398,0.58,0.449,0.54,0.651
"2018-07-30 08:30:00",3879,0.477,0.445,0.525,0.397,0.582,0.45,0.537,0.651
"2018-07-30 09:00:00",3880,0.48,0.448,0.526,0.398,0.587,0.451,0.537,0.65
"2018-07-30 09:30:00",3881,0.472,0.446,0.52,0.397,0.578,0.444,0.535,0.647
"2018-07-30 10:00:00",3882,0.438,0.42,0.486,0.367,0.535,0.405,0.533,0.643
"2018-07-30 10:30:00",3883,0.415,0.398,0.463,0.335,0.51,0.377,0.533,0.64
"2018-07-30 11:00:00",3884,0.416,0.399,0.468,0.339,0.514,0.381,0.535,0.639
"2018-07-30 11:30:00",3885,0.417,0.399,0.47,0.343,0.516,0.382,0.535,0.636
"2018-07-30 12:00:00",3886,0.41,0.394,0.461,0.333,0.508,0.374,0.533,0.63
"2018-07-30 12:30:00",3887,0.411,0.394,0.459,0.331,0.51,0.375,0.533,0.625
"2018-07-30 13:00:00",3888,0.425,0.405,0.47,0.343,0.527,0.39,0.532,0.625
"2018-07-30 13:30:00",3889,0.426,0.406,0.471,0.346,0.528,0.391,0.531,0.627
"2018-07-30 14:00:00",3890,0.412,0.396,0.461,0.333,0.511,0.377,0.53,0.627
"2018-07-30 14:30:00",3891,0.41,0.395,0.459,0.331,0.509,0.376,0.532,0.627
"2018-07-30 15:00:00",3892,0.414,0.398,0.462,0.334,0.514,0.379,0.53,0.624
"2018-07-30 15:30:00",3893,0.432,0.412,0.475,0.352,0.535,0.399,0.531,0.63
"2018-07-30 16:00:00",3894,0.424,0.407,0.468,0.346,0.524,0.391,0.531,0.631
"2018-07-30 16:30:00",3895,0.417,0.401,0.461,0.337,0.515,0.383,0.531,0.63
"2018-07-30 17:00:00",3896,0.417,0.401,0.46,0.336,0.516,0.382,0.53,0.628
"2018-07-30 17:30:00",3897,0.416,0.399,0.459,0.334,0.513,0.379,0.53,0.628
"2018-07-30 18:00:00",3898,0.424,0.405,0.468,0.342,0.522,0.388,0.53,0.63
"2018-07-30 18:30:00",3899,0.44,0.418,0.486,0.358,0.54,0.406,0.531,0.635
"2018-07-30 19:00:00",3900,0.455,0.43,0.502,0.372,0.561,0.421,0.528,0.635
"2018-07-30 19:30:00",3901,0.469,0.442,0.513,0.384,0.578,0.436,0.528,0.64
"2018-07-30 20:00:00",3902,0.476,0.447,0.519,0.391,0.585,0.443,0.529,0.643
"2018-07-30 20:30:00",3903,0.478,0.45,0.521,0.392,0.585,0.444,0.529,0.644
"2018-07-30 21:00:00",3904,0.479,0.45,0.521,0.393,0.585,0.445,0.529,0.646
"2018-07-30 21:30:00",3905,0.48,0.451,0.521,0.394,0.585,0.446,0.528,0.646
"2018-07-30 22:00:00",3906,0.481,0.452,0.522,0.394,0.587,0.447,0.528,0.647
"2018-07-30 22:30:00",3907,0.481,0.452,0.522,0.395,0.589,0.449,0.527,0.647
"2018-07-30 23:00:00",3908,0.482,0.452,0.523,0.395,0.59,0.45,0.527,0.648
"2018-07-30 23:30:00",3909,0.483,0.452,0.524,0.395,0.59,0.451,0.528,0.648
"2018-07-31 00:00:00",3910,0.484,0.453,0.524,0.396,0.59,0.452,0.529,0.648
"2018-07-31 00:30:00",3911,0.484,0.453,0.524,0.397,0.591,0.452,0.53,0.649
"2018-07-31 01:00:00",3912,0.484,0.453,0.524,0.398,0.591,0.452,0.529,0.649
"2018-07-31 01:30:00",3913,0.484,0.452,0.524,0.398,0.591,0.452,0.53,0.649
"2018-07-31 02:00:00",3914,0.483,0.452,0.523,0.398,0.589,0.452,0.53,0.649
"2018-07-31 02:30:00",3915,0.48,0.448,0.522,0.396,0.587,0.45,0.53,0.65
"2018-07-31 03:00:00",3916,0.477,0.445,0.519,0.396,0.584,0.446,0.53,0.648
"2018-07-31 03:30:00",3917,0.476,0.445,0.519,0.395,0.583,0.446,0.529,0.647
"2018-07-31 04:00:00",3918,0.476,0.447,0.519,0.395,0.581,0.447,0.528,0.647
"2018-07-31 04:30:00",3919,0.475,0.447,0.518,0.395,0.58,0.447,0.529,0.648
"2018-07-31 05:00:00",3920,0.475,0.447,0.518,0.395,0.58,0.447,0.529,0.648
"2018-07-31 05:30:00",3921,0.475,0.447,0.518,0.393,0.58,0.447,0.527,0.649
"2018-07-31 06:00:00",3922,0.475,0.447,0.517,0.394,0.58,0.447,0.527,0.649
"2018-07-31 06:30:00",3923,0.474,0.447,0.517,0.393,0.578,0.447,0.527,0.649
"2018-07-31 07:00:00",3924,0.473,0.447,0.516,0.393,0.577,0.446,0.526,0.649
"2018-07-31 07:30:00",3925,0.473,0.447,0.515,0.392,0.577,0.445,0.525,0.648
"2018-07-31 08:00:00",3926,0.472,0.443,0.512,0.393,0.582,0.441,0.523,0.642
"2018-07-31 08:30:00",3927,0.474,0.446,0.513,0.392,0.586,0.445,0.521,0.642
"2018-07-31 09:00:00",3928,0.47,0.443,0.501,0.388,0.58,0.442,0.52,0.642
"2018-07-31 09:30:00",3929,0.451,0.432,0.479,0.371,0.557,0.427,0.521,0.643
"2018-07-31 10:00:00",3930,0.434,0.419,0.463,0.353,0.536,0.406,0.523,0.644
"2018-07-31 10:30:00",3931,0.437,0.421,0.467,0.355,0.541,0.409,0.524,0.645
"2018-07-31 11:00:00",3932,0.42,0.41,0.455,0.343,0.52,0.394,0.524,0.645
"2018-07-31 11:30:00",3933,0.401,0.392,0.437,0.324,0.499,0.369,0.523,0.638
"2018-07-31 12:00:00",3934,0.398,0.39,0.435,0.32,0.496,0.367,0.524,0.633
"2018-07-31 12:30:00",3935,0.381,0.375,0.422,0.304,0.477,0.349,0.522,0.613
"2018-07-31 13:00:00",3936,0.383,0.377,0.425,0.304,0.481,0.351,0.519,0.594
"2018-07-31 13:30:00",3937,0.389,0.383,0.43,0.309,0.486,0.358,0.519,0.591
"2018-07-31 14:00:00",3938,0.39,0.383,0.43,0.31,0.486,0.359,0.518,0.591
"2018-07-31 14:30:00",3939,0.384,0.38,0.427,0.305,0.48,0.353,0.514,0.587
"2018-07-31 15:00:00",3940,0.383,0.378,0.426,0.304,0.479,0.353,0.511,0.585
"2018-07-31 15:30:00",3941,0.385,0.38,0.427,0.306,0.481,0.355,0.507,0.586
"2018-07-31 16:00:00",3942,0.381,0.377,0.426,0.302,0.476,0.352,0.505,0.586
"2018-07-31 16:30:00",3943,0.383,0.378,0.428,0.302,0.478,0.354,0.503,0.584
"2018-07-31 17:00:00",3944,0.397,0.391,0.438,0.318,0.491,0.367,0.507,0.593
"2018-07-31 17:30:00",3945,0.391,0.386,0.433,0.313,0.484,0.36,0.509,0.597
"2018-07-31 18:00:00",3946,0.403,0.396,0.443,0.324,0.495,0.372,0.512,0.605
"2018-07-31 18:30:00",3947,0.404,0.397,0.445,0.327,0.493,0.372,0.517,0.616
"2018-07-31 19:00:00",3948,0.421,0.411,0.458,0.342,0.514,0.39,0.52,0.626
"2018-07-31 19:30:00",3949,0.43,0.42,0.468,0.353,0.522,0.398,0.524,0.632
"2018-07-31 20:00:00",3950,0.443,0.432,0.481,0.366,0.54,0.413,0.525,0.639
"2018-07-31 20:30:00",3951,0.458,0.444,0.495,0.378,0.56,0.428,0.523,0.643
"2018-07-31 21:00:00",3952,0.468,0.451,0.503,0.386,0.573,0.438,0.522,0.644
"2018-07-31 21:30:00",3953,0.473,0.454,0.507,0.39,0.58,0.443,0.523,0.646
"2018-07-31 22:00:00",3954,0.477,0.456,0.509,0.392,0.583,0.447,0.522,0.646
"2018-07-31 22:30:00",3955,0.478,0.456,0.509,0.393,0.582,0.447,0.526,0.647
"2018-07-31 23:00:00",3956,0.477,0.454,0.509,0.394,0.58,0.446,0.528,0.647
"2018-07-31 23:30:00",3957,0.476,0.454,0.509,0.393,0.577,0.445,0.529,0.648
"2018-08-01 00:00:00",3958,0.475,0.453,0.508,0.392,0.574,0.443,0.529,0.648
"2018-08-01 00:30:00",3959,0.474,0.452,0.507,0.391,0.573,0.443,0.53,0.648
"2018-08-01 01:00:00",3960,0.473,0.451,0.506,0.39,0.572,0.442,0.53,0.648
"2018-08-01 01:30:00",3961,0.472,0.451,0.505,0.39,0.571,0.442,0.528,0.647
"2018-08-01 02:00:00",3962,0.47,0.449,0.504,0.389,0.571,0.442,0.528,0.623
"2018-08-01 02:30:00",3963,0.469,0.447,0.504,0.388,0.569,0.44,0.525,0.574
"2018-08-01 03:00:00",3964,0.468,0.447,0.505,0.387,0.569,0.44,0.493,0.536
"2018-08-01 03:30:00",3965,0.468,0.447,0.505,0.387,0.568,0.44,0.49,0.56
"2018-08-01 04:00:00",3966,0.468,0.447,0.506,0.388,0.568,0.44,0.497,0.574
"2018-08-01 04:30:00",3967,0.467,0.447,0.506,0.388,0.567,0.441,0.5,0.58
"2018-08-01 05:00:00",3968,0.466,0.447,0.505,0.387,0.567,0.441,0.501,0.584
"2018-08-01 05:30:00",3969,0.465,0.445,0.505,0.386,0.566,0.44,0.499,0.585
"2018-08-01 06:00:00",3970,0.464,0.445,0.504,0.386,0.566,0.44,0.501,0.588
"2018-08-01 06:30:00",3971,0.463,0.446,0.504,0.387,0.566,0.44,0.502,0.589
"2018-08-01 07:00:00",3972,0.462,0.446,0.504,0.387,0.565,0.44,0.501,0.59
"2018-08-01 07:30:00",3973,0.463,0.446,0.503,0.386,0.566,0.439,0.5,0.591
"2018-08-01 08:00:00",3974,0.465,0.447,0.503,0.387,0.568,0.44,0.497,0.591
"2018-08-01 08:30:00",3975,0.468,0.449,0.504,0.387,0.574,0.443,0.493,0.59
"2018-08-01 09:00:00",3976,0.46,0.449,0.5,0.388,0.576,0.443,0.49,0.589
"2018-08-01 09:30:00",3977,0.442,0.442,0.484,0.381,0.564,0.435,0.488,0.587
"2018-08-01 10:00:00",3978,0.412,0.417,0.455,0.356,0.53,0.404,0.487,0.587
"2018-08-01 10:30:00",3979,0.382,0.384,0.424,0.317,0.489,0.36,0.487,0.584
"2018-08-01 11:00:00",3980,0.373,0.374,0.417,0.304,0.478,0.349,0.486,0.581
"2018-08-01 11:30:00",3981,0.376,0.375,0.42,0.304,0.479,0.352,0.484,0.575
"2018-08-01 12:00:00",3982,0.372,0.371,0.417,0.297,0.473,0.347,0.483,0.564
