"TOA5","CR1000-SALT","CR1000","86631","CR1000.Std.31.03","CPU:Sapflow_SERC.CR1","8974","Table1"
"TIMESTAMP","RECORD","DiffVolt_Avg(1)","DiffVolt_Avg(2)","DiffVolt_Avg(3)","DiffVolt_Avg(4)","DiffVolt_Avg(5)","DiffVolt_Avg(6)","DiffVolt_Avg(7)","DiffVolt_Avg(8)"
"TS","RN","mV","mV","mV","mV","mV","mV","mV","mV"
"","","Avg","Avg","Avg","Avg","Avg","Avg","Avg","Avg"
"2018-07-09 11:00:00",2880,0.407,0.387,0.439,0.353,0.268,0.403,0.524,0.609
"2018-07-09 11:30:00",2881,0.404,0.386,0.438,0.353,0.267,0.402,0.515,0.604
"2018-07-09 12:00:00",2882,0.403,0.385,0.435,0.351,0.265,0.401,0.507,0.595
"2018-07-09 12:30:00",2883,0.404,0.386,0.437,0.354,0.263,0.4,0.505,0.591
"2018-07-09 13:00:00",2884,0.409,0.387,0.437,0.356,0.262,0.4,0.504,0.589
"2018-07-09 13:30:00",2885,0.413,0.388,0.436,0.359,0.262,0.4,0.503,0.588
"2018-07-09 14:00:00",2886,0.416,0.391,0.434,0.362,0.262,0.4,0.506,0.588
"2018-07-09 14:30:00",2887,0.418,0.394,0.434,0.365,0.263,0.401,0.509,0.592
"2018-07-09 15:00:00",2888,0.418,0.396,0.434,0.365,0.264,0.401,0.51,0.593
"2018-07-09 15:30:00",2889,0.419,0.399,0.435,0.368,0.265,0.4,0.515,0.596
"2018-07-09 16:00:00",2890,0.42,0.4,0.437,0.368,0.265,0.4,0.516,0.597
"2018-07-09 16:30:00",2891,0.422,0.402,0.438,0.37,0.265,0.401,0.519,0.598
"2018-07-09 17:00:00",2892,0.424,0.406,0.441,0.373,0.267,0.401,0.526,0.603
"2018-07-09 17:30:00",2893,0.426,0.411,0.442,0.374,0.271,0.402,0.533,0.606
"2018-07-09 18:00:00",2894,0.43,0.418,0.446,0.377,0.279,0.405,0.543,0.612
"2018-07-09 18:30:00",2895,0.436,0.429,0.452,0.379,0.291,0.407,0.552,0.614
"2018-07-09 19:00:00",2896,0.445,0.446,0.462,0.384,0.311,0.411,0.564,0.616
"2018-07-09 19:30:00",2897,0.462,0.467,0.476,0.391,0.333,0.417,0.577,0.618
"2018-07-09 20:00:00",2898,0.486,0.483,0.498,0.402,0.348,0.431,0.589,0.62
"2018-07-09 20:30:00",2899,0.513,0.495,0.527,0.418,0.359,0.465,0.605,0.622
"2018-07-09 21:00:00",2900,0.531,0.503,0.551,0.431,0.366,0.504,0.618,0.624
"2018-07-09 21:30:00",2901,0.539,0.507,0.564,0.437,0.37,0.527,0.625,0.627
"2018-07-09 22:00:00",2902,0.539,0.508,0.572,0.44,0.373,0.538,0.63,0.63
"2018-07-09 22:30:00",2903,0.538,0.508,0.577,0.441,0.375,0.543,0.632,0.632
"2018-07-09 23:00:00",2904,0.536,0.509,0.581,0.441,0.377,0.549,0.634,0.634
"2018-07-09 23:30:00",2905,0.537,0.509,0.584,0.44,0.378,0.551,0.634,0.636
"2018-07-10 00:00:00",2906,0.536,0.508,0.586,0.44,0.379,0.552,0.636,0.637
"2018-07-10 00:30:00",2907,0.536,0.508,0.587,0.441,0.38,0.554,0.638,0.639
"2018-07-10 01:00:00",2908,0.536,0.508,0.588,0.441,0.381,0.555,0.638,0.64
"2018-07-10 01:30:00",2909,0.536,0.507,0.588,0.441,0.381,0.555,0.639,0.641
"2018-07-10 02:00:00",2910,0.536,0.504,0.589,0.442,0.381,0.554,0.639,0.64
"2018-07-10 02:30:00",2911,0.536,0.501,0.588,0.442,0.382,0.553,0.64,0.639
"2018-07-10 03:00:00",2912,0.535,0.499,0.587,0.442,0.382,0.553,0.641,0.638
"2018-07-10 03:30:00",2913,0.535,0.497,0.586,0.443,0.381,0.554,0.641,0.637
"2018-07-10 04:00:00",2914,0.535,0.494,0.586,0.443,0.381,0.554,0.641,0.636
"2018-07-10 04:30:00",2915,0.534,0.491,0.586,0.443,0.382,0.553,0.639,0.634
"2018-07-10 05:00:00",2916,0.534,0.489,0.586,0.443,0.382,0.55,0.637,0.632
"2018-07-10 05:30:00",2917,0.534,0.487,0.586,0.443,0.382,0.551,0.637,0.631
"2018-07-10 06:00:00",2918,0.534,0.484,0.586,0.442,0.382,0.551,0.636,0.631
"2018-07-10 06:30:00",2919,0.532,0.482,0.58,0.442,0.381,0.548,0.634,0.63
"2018-07-10 07:00:00",2920,0.518,0.476,0.537,0.434,0.376,0.519,0.634,0.63
"2018-07-10 07:30:00",2921,0.485,0.459,0.493,0.413,0.364,0.474,0.631,0.629
"2018-07-10 08:00:00",2922,0.457,0.437,0.474,0.397,0.351,0.449,0.627,0.628
"2018-07-10 08:30:00",2923,0.441,0.42,0.463,0.386,0.335,0.433,0.614,0.626
"2018-07-10 09:00:00",2924,0.429,0.409,0.455,0.376,0.315,0.422,0.595,0.625
"2018-07-10 09:30:00",2925,0.419,0.402,0.449,0.369,0.295,0.413,0.57,0.62
"2018-07-10 10:00:00",2926,0.412,0.396,0.444,0.365,0.278,0.407,0.545,0.614
"2018-07-10 10:30:00",2927,0.406,0.392,0.44,0.36,0.267,0.404,0.528,0.608
"2018-07-10 11:00:00",2928,0.401,0.389,0.436,0.356,0.262,0.401,0.516,0.6
"2018-07-10 11:30:00",2929,0.399,0.388,0.435,0.354,0.26,0.4,0.507,0.596
"2018-07-10 12:00:00",2930,0.399,0.389,0.431,0.351,0.259,0.398,0.499,0.583
"2018-07-10 12:30:00",2931,0.404,0.391,0.434,0.356,0.259,0.398,0.499,0.581
"2018-07-10 13:00:00",2932,0.404,0.393,0.433,0.359,0.258,0.398,0.494,0.575
"2018-07-10 13:30:00",2933,0.407,0.396,0.433,0.364,0.258,0.398,0.497,0.576
"2018-07-10 14:00:00",2934,0.41,0.401,0.433,0.367,0.259,0.399,0.498,0.577
"2018-07-10 14:30:00",2935,0.409,0.404,0.433,0.367,0.26,0.399,0.5,0.581
"2018-07-10 15:00:00",2936,0.412,0.411,0.434,0.369,0.262,0.4,0.507,0.589
"2018-07-10 15:30:00",2937,0.415,0.415,0.436,0.372,0.263,0.4,0.511,0.591
"2018-07-10 16:00:00",2938,0.417,0.418,0.438,0.373,0.264,0.4,0.514,0.594
"2018-07-10 16:30:00",2939,0.418,0.421,0.439,0.374,0.265,0.4,0.518,0.597
"2018-07-10 17:00:00",2940,0.422,0.426,0.441,0.376,0.269,0.401,0.525,0.602
"2018-07-10 17:30:00",2941,0.425,0.432,0.445,0.378,0.274,0.402,0.532,0.604
"2018-07-10 18:00:00",2942,0.432,0.44,0.452,0.382,0.285,0.406,0.543,0.608
"2018-07-10 18:30:00",2943,0.441,0.452,0.462,0.389,0.302,0.41,0.555,0.611
"2018-07-10 19:00:00",2944,0.455,0.471,0.477,0.396,0.319,0.419,0.567,0.612
"2018-07-10 19:30:00",2945,0.481,0.493,0.502,0.408,0.34,0.439,0.582,0.615
"2018-07-10 20:00:00",2946,0.505,0.506,0.523,0.422,0.354,0.463,0.596,0.618
"2018-07-10 20:30:00",2947,0.525,0.514,0.547,0.432,0.362,0.499,0.612,0.62
"2018-07-10 21:00:00",2948,0.538,0.517,0.565,0.439,0.367,0.528,0.619,0.624
"2018-07-10 21:30:00",2949,0.545,0.519,0.574,0.441,0.37,0.542,0.625,0.626
"2018-07-10 22:00:00",2950,0.547,0.519,0.579,0.441,0.372,0.548,0.628,0.627
"2018-07-10 22:30:00",2951,0.543,0.518,0.582,0.44,0.373,0.552,0.63,0.628
"2018-07-10 23:00:00",2952,0.539,0.517,0.583,0.439,0.374,0.553,0.631,0.629
"2018-07-10 23:30:00",2953,0.535,0.517,0.58,0.44,0.375,0.55,0.632,0.63
"2018-07-11 00:00:00",2954,0.532,0.517,0.574,0.441,0.375,0.548,0.632,0.63
"2018-07-11 00:30:00",2955,0.53,0.518,0.571,0.44,0.375,0.547,0.632,0.629
"2018-07-11 01:00:00",2956,0.529,0.518,0.569,0.44,0.375,0.547,0.631,0.628
"2018-07-11 01:30:00",2957,0.529,0.518,0.569,0.44,0.375,0.548,0.633,0.629
"2018-07-11 02:00:00",2958,0.528,0.517,0.57,0.44,0.376,0.549,0.632,0.629
"2018-07-11 02:30:00",2959,0.529,0.517,0.571,0.44,0.376,0.551,0.633,0.63
"2018-07-11 03:00:00",2960,0.529,0.516,0.573,0.44,0.377,0.552,0.633,0.631
"2018-07-11 03:30:00",2961,0.53,0.512,0.573,0.44,0.377,0.552,0.632,0.63
"2018-07-11 04:00:00",2962,0.53,0.507,0.574,0.44,0.377,0.553,0.633,0.631
"2018-07-11 04:30:00",2963,0.53,0.504,0.575,0.44,0.378,0.553,0.634,0.632
"2018-07-11 05:00:00",2964,0.531,0.501,0.577,0.44,0.379,0.552,0.633,0.63
"2018-07-11 05:30:00",2965,0.531,0.497,0.577,0.44,0.378,0.554,0.632,0.63
"2018-07-11 06:00:00",2966,0.531,0.492,0.578,0.441,0.378,0.557,0.631,0.631
"2018-07-11 06:30:00",2967,0.529,0.488,0.573,0.439,0.377,0.552,0.631,0.63
"2018-07-11 07:00:00",2968,0.509,0.477,0.524,0.423,0.369,0.515,0.628,0.63
"2018-07-11 07:30:00",2969,0.481,0.463,0.492,0.407,0.357,0.476,0.626,0.631
"2018-07-11 08:00:00",2970,0.458,0.446,0.475,0.395,0.35,0.455,0.618,0.633
"2018-07-11 08:30:00",2971,0.439,0.426,0.461,0.383,0.336,0.436,0.605,0.631
"2018-07-11 09:00:00",2972,0.423,0.412,0.447,0.366,0.312,0.419,0.578,0.623
"2018-07-11 09:30:00",2973,0.41,0.402,0.438,0.356,0.284,0.407,0.549,0.613
"2018-07-11 10:00:00",2974,0.401,0.395,0.432,0.349,0.266,0.399,0.523,0.605
"2018-07-11 10:30:00",2975,0.398,0.394,0.431,0.348,0.262,0.396,0.511,0.597
"2018-07-11 11:00:00",2976,0.398,0.397,0.431,0.351,0.262,0.396,0.505,0.589
"2018-07-11 11:30:00",2977,0.399,0.402,0.433,0.357,0.263,0.397,0.503,0.59
"2018-07-11 12:00:00",2978,0.399,0.404,0.433,0.36,0.264,0.397,0.499,0.586
"2018-07-11 12:30:00",2979,0.402,0.406,0.433,0.363,0.264,0.396,0.497,0.583
"2018-07-11 13:00:00",2980,0.409,0.414,0.436,0.367,0.267,0.399,0.498,0.583
"2018-07-11 13:30:00",2981,0.414,0.421,0.437,0.371,0.27,0.399,0.502,0.587
"2018-07-11 14:00:00",2982,0.412,0.421,0.433,0.369,0.265,0.397,0.499,0.585
"2018-07-11 14:30:00",2983,0.416,0.426,0.435,0.372,0.268,0.399,0.503,0.588
"2018-07-11 15:00:00",2984,0.424,0.433,0.44,0.377,0.275,0.403,0.511,0.592
"2018-07-11 15:30:00",2985,0.428,0.438,0.442,0.381,0.278,0.404,0.522,0.599
"2018-07-11 16:00:00",2986,0.425,0.436,0.44,0.376,0.274,0.402,0.519,0.6
"2018-07-11 16:30:00",2987,0.422,0.435,0.437,0.375,0.269,0.398,0.517,0.603
"2018-07-11 17:00:00",2988,0.423,0.436,0.441,0.376,0.271,0.4,0.515,0.601
"2018-07-11 17:30:00",2989,0.427,0.442,0.444,0.38,0.276,0.402,0.528,0.604
"2018-07-11 18:00:00",2990,0.438,0.452,0.455,0.388,0.288,0.407,0.546,0.61
"2018-07-11 18:30:00",2991,0.447,0.462,0.462,0.393,0.304,0.409,0.559,0.614
"2018-07-11 19:00:00",2992,0.445,0.468,0.459,0.387,0.304,0.407,0.565,0.619
"2018-07-11 19:30:00",2993,0.459,0.485,0.478,0.391,0.326,0.417,0.574,0.621
"2018-07-11 20:00:00",2994,0.489,0.5,0.509,0.407,0.345,0.436,0.591,0.624
"2018-07-11 20:30:00",2995,0.512,0.51,0.524,0.421,0.355,0.474,0.602,0.626
"2018-07-11 21:00:00",2996,0.53,0.519,0.548,0.432,0.365,0.508,0.614,0.628
"2018-07-11 21:30:00",2997,0.541,0.524,0.562,0.438,0.371,0.527,0.625,0.633
"2018-07-11 22:00:00",2998,0.548,0.526,0.569,0.44,0.374,0.537,0.628,0.635
"2018-07-11 22:30:00",2999,0.553,0.527,0.574,0.442,0.377,0.542,0.633,0.637
"2018-07-11 23:00:00",3000,0.553,0.527,0.577,0.442,0.378,0.546,0.635,0.638
"2018-07-11 23:30:00",3001,0.545,0.527,0.579,0.442,0.379,0.55,0.636,0.641
"2018-07-12 00:00:00",3002,0.54,0.526,0.577,0.439,0.38,0.552,0.634,0.64
"2018-07-12 00:30:00",3003,0.533,0.523,0.571,0.429,0.377,0.553,0.621,0.632
"2018-07-12 01:00:00",3004,0.528,0.522,0.568,0.428,0.375,0.553,0.612,0.625
"2018-07-12 01:30:00",3005,0.525,0.52,0.566,0.427,0.373,0.552,0.605,0.619
"2018-07-12 02:00:00",3006,0.524,0.519,0.565,0.428,0.372,0.552,0.61,0.621
"2018-07-12 02:30:00",3007,0.528,0.522,0.574,0.437,0.375,0.556,0.628,0.634
"2018-07-12 03:00:00",3008,0.532,0.523,0.581,0.439,0.378,0.56,0.633,0.639
"2018-07-12 03:30:00",3009,0.534,0.522,0.585,0.44,0.379,0.559,0.635,0.638
"2018-07-12 04:00:00",3010,0.535,0.52,0.586,0.439,0.38,0.557,0.635,0.637
"2018-07-12 04:30:00",3011,0.535,0.519,0.587,0.438,0.38,0.556,0.636,0.638
"2018-07-12 05:00:00",3012,0.535,0.518,0.586,0.437,0.381,0.555,0.637,0.639
"2018-07-12 05:30:00",3013,0.535,0.516,0.586,0.437,0.381,0.556,0.638,0.64
"2018-07-12 06:00:00",3014,0.535,0.513,0.587,0.437,0.382,0.559,0.639,0.643
"2018-07-12 06:30:00",3015,0.535,0.51,0.587,0.439,0.382,0.56,0.638,0.644
"2018-07-12 07:00:00",3016,0.532,0.507,0.575,0.439,0.381,0.556,0.64,0.645
"2018-07-12 07:30:00",3017,0.514,0.5,0.53,0.428,0.377,0.524,0.64,0.645
"2018-07-12 08:00:00",3018,0.482,0.481,0.495,0.409,0.368,0.478,0.636,0.645
"2018-07-12 08:30:00",3019,0.457,0.46,0.476,0.395,0.354,0.45,0.627,0.643
"2018-07-12 09:00:00",3020,0.443,0.447,0.464,0.385,0.333,0.435,0.604,0.638
"2018-07-12 09:30:00",3021,0.427,0.433,0.451,0.37,0.309,0.421,0.57,0.625
"2018-07-12 10:00:00",3022,0.419,0.426,0.446,0.363,0.295,0.413,0.551,0.615
"2018-07-12 10:30:00",3023,0.414,0.421,0.443,0.36,0.285,0.408,0.539,0.613
"2018-07-12 11:00:00",3024,0.411,0.417,0.44,0.357,0.28,0.405,0.529,0.608
"2018-07-12 11:30:00",3025,0.408,0.415,0.438,0.357,0.278,0.402,0.519,0.603
"2018-07-12 12:00:00",3026,0.404,0.416,0.435,0.355,0.275,0.4,0.511,0.595
"2018-07-12 12:30:00",3027,0.405,0.417,0.434,0.358,0.272,0.399,0.507,0.592
"2018-07-12 13:00:00",3028,0.41,0.418,0.434,0.363,0.27,0.398,0.507,0.593
"2018-07-12 13:30:00",3029,0.412,0.422,0.432,0.365,0.268,0.397,0.503,0.589
"2018-07-12 14:00:00",3030,0.413,0.425,0.432,0.368,0.267,0.398,0.503,0.588
"2018-07-12 14:30:00",3031,0.416,0.429,0.432,0.37,0.268,0.398,0.504,0.591
"2018-07-12 15:00:00",3032,0.415,0.43,0.432,0.37,0.268,0.397,0.504,0.591
"2018-07-12 15:30:00",3033,0.415,0.431,0.432,0.37,0.268,0.397,0.505,0.591
"2018-07-12 16:00:00",3034,0.42,0.435,0.437,0.376,0.273,0.4,0.509,0.592
"2018-07-12 16:30:00",3035,0.423,0.438,0.438,0.376,0.274,0.4,0.517,0.598
"2018-07-12 17:00:00",3036,0.428,0.442,0.442,0.379,0.277,0.402,0.525,0.603
"2018-07-12 17:30:00",3037,0.432,0.448,0.445,0.383,0.283,0.403,0.535,0.608
"2018-07-12 18:00:00",3038,0.437,0.454,0.45,0.386,0.289,0.407,0.545,0.613
"2018-07-12 18:30:00",3039,0.443,0.462,0.457,0.39,0.298,0.41,0.554,0.614
"2018-07-12 19:00:00",3040,0.45,0.476,0.464,0.393,0.311,0.413,0.567,0.62
"2018-07-12 19:30:00",3041,0.471,0.495,0.485,0.403,0.334,0.422,0.581,0.623
"2018-07-12 20:00:00",3042,0.493,0.509,0.507,0.41,0.351,0.432,0.597,0.625
"2018-07-12 20:30:00",3043,0.516,0.52,0.535,0.422,0.361,0.465,0.609,0.629
"2018-07-12 21:00:00",3044,0.533,0.527,0.554,0.433,0.368,0.506,0.618,0.632
"2018-07-12 21:30:00",3045,0.544,0.531,0.566,0.439,0.372,0.532,0.624,0.633
"2018-07-12 22:00:00",3046,0.55,0.533,0.572,0.44,0.374,0.545,0.627,0.635
"2018-07-12 22:30:00",3047,0.552,0.533,0.575,0.44,0.375,0.551,0.63,0.636
"2018-07-12 23:00:00",3048,0.55,0.533,0.578,0.44,0.377,0.555,0.632,0.637
"2018-07-12 23:30:00",3049,0.544,0.533,0.581,0.441,0.378,0.558,0.634,0.638
"2018-07-13 00:00:00",3050,0.54,0.532,0.582,0.44,0.378,0.559,0.635,0.638
"2018-07-13 00:30:00",3051,0.538,0.531,0.583,0.44,0.38,0.56,0.636,0.64
"2018-07-13 01:00:00",3052,0.537,0.531,0.584,0.439,0.38,0.561,0.637,0.642
"2018-07-13 01:30:00",3053,0.537,0.529,0.585,0.439,0.381,0.56,0.637,0.642
"2018-07-13 02:00:00",3054,0.537,0.528,0.586,0.438,0.382,0.559,0.637,0.642
"2018-07-13 02:30:00",3055,0.538,0.527,0.587,0.438,0.382,0.559,0.637,0.644
"2018-07-13 03:00:00",3056,0.538,0.525,0.587,0.437,0.382,0.558,0.638,0.645
"2018-07-13 03:30:00",3057,0.537,0.524,0.586,0.436,0.383,0.557,0.638,0.645
"2018-07-13 04:00:00",3058,0.537,0.523,0.585,0.436,0.383,0.557,0.639,0.646
"2018-07-13 04:30:00",3059,0.537,0.521,0.585,0.435,0.384,0.555,0.64,0.645
"2018-07-13 05:00:00",3060,0.537,0.52,0.585,0.435,0.384,0.556,0.641,0.646
"2018-07-13 05:30:00",3061,0.537,0.518,0.584,0.435,0.384,0.556,0.64,0.646
"2018-07-13 06:00:00",3062,0.537,0.516,0.584,0.434,0.384,0.555,0.641,0.646
"2018-07-13 06:30:00",3063,0.537,0.513,0.583,0.434,0.384,0.555,0.642,0.646
"2018-07-13 07:00:00",3064,0.536,0.51,0.583,0.434,0.384,0.554,0.642,0.646
"2018-07-13 07:30:00",3065,0.535,0.508,0.585,0.435,0.384,0.557,0.642,0.646
"2018-07-13 08:00:00",3066,0.532,0.507,0.569,0.439,0.383,0.556,0.642,0.645
"2018-07-13 08:30:00",3067,0.497,0.494,0.507,0.425,0.376,0.504,0.631,0.641
"2018-07-13 09:00:00",3068,0.449,0.457,0.465,0.39,0.344,0.442,0.612,0.633
"2018-07-13 09:30:00",3069,0.431,0.44,0.453,0.373,0.316,0.423,0.593,0.629
"2018-07-13 10:00:00",3070,0.421,0.432,0.446,0.364,0.297,0.414,0.568,0.626
"2018-07-13 10:30:00",3071,0.414,0.427,0.441,0.359,0.284,0.408,0.55,0.622
"2018-07-13 11:00:00",3072,0.413,0.425,0.44,0.358,0.282,0.405,0.536,0.616
"2018-07-13 11:30:00",3073,0.41,0.424,0.438,0.356,0.279,0.403,0.528,0.612
"2018-07-13 12:00:00",3074,0.409,0.424,0.438,0.357,0.279,0.403,0.523,0.609
"2018-07-13 12:30:00",3075,0.408,0.425,0.436,0.357,0.277,0.402,0.517,0.603
"2018-07-13 13:00:00",3076,0.412,0.427,0.436,0.362,0.276,0.402,0.516,0.603
"2018-07-13 13:30:00",3077,0.415,0.427,0.434,0.363,0.272,0.399,0.514,0.6
"2018-07-13 14:00:00",3078,0.417,0.43,0.432,0.366,0.271,0.399,0.513,0.597
"2018-07-13 14:30:00",3079,0.419,0.434,0.433,0.371,0.273,0.4,0.515,0.599
"2018-07-13 15:00:00",3080,0.421,0.438,0.434,0.373,0.274,0.401,0.517,0.602
"2018-07-13 15:30:00",3081,0.421,0.439,0.434,0.374,0.273,0.399,0.52,0.603
"2018-07-13 16:00:00",3082,0.423,0.441,0.436,0.377,0.274,0.4,0.521,0.604
"2018-07-13 16:30:00",3083,0.425,0.445,0.438,0.378,0.276,0.401,0.524,0.607
"2018-07-13 17:00:00",3084,0.428,0.449,0.441,0.381,0.278,0.401,0.53,0.609
"2018-07-13 17:30:00",3085,0.434,0.455,0.446,0.386,0.285,0.404,0.541,0.614
"2018-07-13 18:00:00",3086,0.433,0.457,0.446,0.384,0.287,0.404,0.544,0.616
"2018-07-13 18:30:00",3087,0.443,0.468,0.454,0.391,0.3,0.408,0.556,0.618
"2018-07-13 19:00:00",3088,0.45,0.48,0.462,0.395,0.314,0.41,0.569,0.622
"2018-07-13 19:30:00",3089,0.466,0.497,0.48,0.403,0.334,0.419,0.581,0.625
"2018-07-13 20:00:00",3090,0.492,0.513,0.506,0.416,0.352,0.433,0.595,0.627
"2018-07-13 20:30:00",3091,0.516,0.524,0.535,0.427,0.363,0.462,0.61,0.63
"2018-07-13 21:00:00",3092,0.532,0.531,0.557,0.436,0.37,0.499,0.621,0.633
"2018-07-13 21:30:00",3093,0.543,0.534,0.568,0.44,0.374,0.523,0.628,0.635
"2018-07-13 22:00:00",3094,0.549,0.535,0.574,0.441,0.377,0.537,0.631,0.637
"2018-07-13 22:30:00",3095,0.551,0.536,0.578,0.441,0.379,0.545,0.634,0.64
"2018-07-13 23:00:00",3096,0.545,0.537,0.58,0.441,0.38,0.549,0.636,0.642
"2018-07-13 23:30:00",3097,0.542,0.537,0.582,0.441,0.381,0.552,0.637,0.643
"2018-07-14 00:00:00",3098,0.54,0.537,0.584,0.441,0.382,0.555,0.638,0.645
"2018-07-14 00:30:00",3099,0.539,0.536,0.585,0.44,0.383,0.556,0.639,0.646
"2018-07-14 01:00:00",3100,0.539,0.535,0.586,0.44,0.384,0.556,0.64,0.645
"2018-07-14 01:30:00",3101,0.539,0.534,0.586,0.44,0.385,0.556,0.64,0.646
"2018-07-14 02:00:00",3102,0.539,0.534,0.587,0.44,0.385,0.556,0.64,0.646
"2018-07-14 02:30:00",3103,0.539,0.533,0.588,0.44,0.386,0.556,0.64,0.646
"2018-07-14 03:00:00",3104,0.539,0.532,0.589,0.44,0.387,0.557,0.641,0.647
"2018-07-14 03:30:00",3105,0.539,0.531,0.589,0.439,0.387,0.559,0.643,0.648
"2018-07-14 04:00:00",3106,0.539,0.53,0.589,0.439,0.387,0.561,0.643,0.65
"2018-07-14 04:30:00",3107,0.539,0.529,0.589,0.439,0.387,0.56,0.644,0.65
"2018-07-14 05:00:00",3108,0.54,0.528,0.589,0.439,0.388,0.559,0.644,0.649
"2018-07-14 05:30:00",3109,0.54,0.527,0.589,0.439,0.388,0.558,0.644,0.649
"2018-07-14 06:00:00",3110,0.54,0.525,0.589,0.439,0.388,0.558,0.644,0.65
"2018-07-14 06:30:00",3111,0.54,0.523,0.589,0.438,0.388,0.559,0.645,0.651
"2018-07-14 07:00:00",3112,0.539,0.52,0.589,0.439,0.388,0.561,0.646,0.652
"2018-07-14 07:30:00",3113,0.535,0.52,0.567,0.442,0.388,0.555,0.646,0.651
"2018-07-14 08:00:00",3114,0.508,0.512,0.518,0.433,0.386,0.512,0.644,0.649
"2018-07-14 08:30:00",3115,0.469,0.485,0.483,0.409,0.374,0.461,0.639,0.646
"2018-07-14 09:00:00",3116,0.442,0.462,0.461,0.386,0.345,0.432,0.623,0.643
"2018-07-14 09:30:00",3117,0.429,0.45,0.451,0.375,0.317,0.419,0.6,0.639
"2018-07-14 10:00:00",3118,0.417,0.44,0.444,0.366,0.293,0.408,0.568,0.633
"2018-07-14 10:30:00",3119,0.411,0.434,0.439,0.359,0.281,0.404,0.544,0.626
"2018-07-14 11:00:00",3120,0.408,0.431,0.437,0.356,0.275,0.401,0.531,0.617
"2018-07-14 11:30:00",3121,0.407,0.43,0.436,0.356,0.274,0.401,0.52,0.608
"2018-07-14 12:00:00",3122,0.407,0.431,0.434,0.354,0.273,0.401,0.514,0.604
"2018-07-14 12:30:00",3123,0.411,0.432,0.435,0.358,0.271,0.4,0.509,0.598
"2018-07-14 13:00:00",3124,0.413,0.434,0.435,0.363,0.269,0.4,0.507,0.593
"2018-07-14 13:30:00",3125,0.416,0.438,0.436,0.369,0.271,0.402,0.506,0.589
"2018-07-14 14:00:00",3126,0.419,0.441,0.434,0.375,0.272,0.402,0.508,0.589
"2018-07-14 14:30:00",3127,0.42,0.443,0.434,0.375,0.272,0.402,0.51,0.59
"2018-07-14 15:00:00",3128,0.421,0.446,0.435,0.377,0.273,0.402,0.513,0.594
"2018-07-14 15:30:00",3129,0.421,0.447,0.435,0.378,0.273,0.401,0.516,0.596
"2018-07-14 16:00:00",3130,0.421,0.447,0.436,0.376,0.271,0.4,0.518,0.6
"2018-07-14 16:30:00",3131,0.423,0.449,0.438,0.38,0.273,0.401,0.52,0.6
"2018-07-14 17:00:00",3132,0.427,0.453,0.442,0.382,0.275,0.402,0.526,0.604
"2018-07-14 17:30:00",3133,0.431,0.457,0.446,0.387,0.283,0.404,0.532,0.605
"2018-07-14 18:00:00",3134,0.437,0.464,0.453,0.392,0.292,0.408,0.543,0.609
"2018-07-14 18:30:00",3135,0.445,0.475,0.461,0.398,0.305,0.411,0.555,0.612
"2018-07-14 19:00:00",3136,0.452,0.488,0.47,0.401,0.32,0.414,0.563,0.613
"2018-07-14 19:30:00",3137,0.472,0.505,0.491,0.41,0.339,0.426,0.575,0.615
"2018-07-14 20:00:00",3138,0.498,0.518,0.515,0.425,0.355,0.446,0.591,0.619
"2018-07-14 20:30:00",3139,0.52,0.528,0.542,0.434,0.365,0.483,0.608,0.621
"2018-07-14 21:00:00",3140,0.536,0.535,0.562,0.441,0.371,0.52,0.621,0.626
"2018-07-14 21:30:00",3141,0.546,0.538,0.572,0.443,0.375,0.538,0.626,0.629
"2018-07-14 22:00:00",3142,0.551,0.539,0.576,0.443,0.377,0.546,0.629,0.631
"2018-07-14 22:30:00",3143,0.554,0.54,0.579,0.442,0.379,0.551,0.632,0.635
"2018-07-14 23:00:00",3144,0.554,0.541,0.581,0.441,0.38,0.553,0.634,0.637
"2018-07-14 23:30:00",3145,0.549,0.54,0.582,0.44,0.381,0.555,0.635,0.638
"2018-07-15 00:00:00",3146,0.543,0.54,0.583,0.44,0.381,0.555,0.636,0.639
"2018-07-15 00:30:00",3147,0.54,0.54,0.583,0.44,0.382,0.556,0.638,0.64
"2018-07-15 01:00:00",3148,0.539,0.54,0.584,0.441,0.383,0.558,0.638,0.642
"2018-07-15 01:30:00",3149,0.538,0.539,0.585,0.441,0.383,0.559,0.639,0.642
"2018-07-15 02:00:00",3150,0.538,0.538,0.585,0.44,0.383,0.56,0.639,0.643
"2018-07-15 02:30:00",3151,0.538,0.537,0.586,0.44,0.384,0.561,0.64,0.643
"2018-07-15 03:00:00",3152,0.538,0.536,0.587,0.44,0.384,0.562,0.641,0.644
"2018-07-15 03:30:00",3153,0.537,0.535,0.588,0.44,0.384,0.563,0.641,0.644
"2018-07-15 04:00:00",3154,0.537,0.533,0.588,0.439,0.384,0.563,0.641,0.644
"2018-07-15 04:30:00",3155,0.537,0.533,0.589,0.439,0.384,0.564,0.642,0.645
"2018-07-15 05:00:00",3156,0.537,0.532,0.588,0.438,0.384,0.564,0.642,0.645
"2018-07-15 05:30:00",3157,0.537,0.529,0.588,0.438,0.384,0.564,0.64,0.644
"2018-07-15 06:00:00",3158,0.536,0.52,0.588,0.439,0.384,0.563,0.639,0.643
"2018-07-15 06:30:00",3159,0.535,0.515,0.585,0.44,0.384,0.561,0.637,0.641
"2018-07-15 07:00:00",3160,0.521,0.507,0.543,0.431,0.38,0.53,0.635,0.64
"2018-07-15 07:30:00",3161,0.499,0.493,0.507,0.415,0.37,0.488,0.633,0.639
"2018-07-15 08:00:00",3162,0.491,0.487,0.505,0.411,0.365,0.479,0.63,0.638
"2018-07-15 08:30:00",3163,0.481,0.478,0.499,0.409,0.359,0.463,0.621,0.637
"2018-07-15 09:00:00",3164,0.469,0.47,0.488,0.403,0.351,0.446,0.615,0.637
"2018-07-15 09:30:00",3165,0.445,0.453,0.464,0.388,0.331,0.426,0.597,0.635
"2018-07-15 10:00:00",3166,0.426,0.442,0.449,0.372,0.306,0.414,0.574,0.631
"2018-07-15 10:30:00",3167,0.426,0.443,0.45,0.37,0.3,0.414,0.562,0.63
"2018-07-15 11:00:00",3168,0.43,0.447,0.455,0.375,0.304,0.416,0.561,0.629
"2018-07-15 11:30:00",3169,0.428,0.446,0.451,0.376,0.302,0.413,0.555,0.628
"2018-07-15 12:00:00",3170,0.423,0.444,0.448,0.372,0.295,0.412,0.547,0.625
"2018-07-15 12:30:00",3171,0.424,0.445,0.449,0.373,0.295,0.411,0.546,0.622
"2018-07-15 13:00:00",3172,0.419,0.441,0.443,0.371,0.287,0.408,0.535,0.615
"2018-07-15 13:30:00",3173,0.418,0.439,0.441,0.367,0.282,0.406,0.525,0.606
"2018-07-15 14:00:00",3174,0.425,0.442,0.443,0.37,0.287,0.407,0.531,0.607
"2018-07-15 14:30:00",3175,0.42,0.44,0.437,0.368,0.279,0.401,0.52,0.604
"2018-07-15 15:00:00",3176,0.423,0.445,0.44,0.374,0.281,0.403,0.525,0.605
"2018-07-15 15:30:00",3177,0.432,0.453,0.446,0.383,0.286,0.407,0.536,0.61
"2018-07-15 16:00:00",3178,0.451,0.47,0.461,0.398,0.306,0.42,0.555,0.614
"2018-07-15 16:30:00",3179,0.463,0.48,0.47,0.405,0.321,0.427,0.57,0.616
"2018-07-15 17:00:00",3180,0.475,0.489,0.482,0.408,0.332,0.441,0.581,0.62
"2018-07-15 17:30:00",3181,0.48,0.493,0.491,0.411,0.337,0.448,0.591,0.624
"2018-07-15 18:00:00",3182,0.482,0.498,0.495,0.41,0.34,0.451,0.595,0.626
"2018-07-15 18:30:00",3183,0.501,0.512,0.52,0.42,0.351,0.476,0.606,0.627
"2018-07-15 19:00:00",3184,0.515,0.523,0.543,0.429,0.362,0.504,0.615,0.629
"2018-07-15 19:30:00",3185,0.52,0.53,0.56,0.435,0.368,0.526,0.622,0.63
"2018-07-15 20:00:00",3186,0.524,0.534,0.571,0.437,0.372,0.543,0.626,0.631
"2018-07-15 20:30:00",3187,0.528,0.535,0.577,0.437,0.374,0.553,0.629,0.631
"2018-07-15 21:00:00",3188,0.53,0.534,0.579,0.436,0.375,0.555,0.63,0.632
"2018-07-15 21:30:00",3189,0.531,0.533,0.579,0.434,0.375,0.558,0.631,0.634
"2018-07-15 22:00:00",3190,0.531,0.531,0.578,0.433,0.376,0.556,0.631,0.634
"2018-07-15 22:30:00",3191,0.531,0.53,0.578,0.432,0.376,0.556,0.631,0.634
"2018-07-15 23:00:00",3192,0.53,0.528,0.578,0.433,0.376,0.555,0.632,0.634
"2018-07-15 23:30:00",3193,0.53,0.527,0.577,0.431,0.377,0.556,0.631,0.635
"2018-07-16 00:00:00",3194,0.529,0.525,0.577,0.431,0.377,0.555,0.631,0.635
"2018-07-16 00:30:00",3195,0.529,0.524,0.576,0.431,0.377,0.556,0.632,0.637
"2018-07-16 01:00:00",3196,0.529,0.522,0.575,0.43,0.377,0.553,0.632,0.634
"2018-07-16 01:30:00",3197,0.529,0.521,0.576,0.43,0.377,0.555,0.634,0.638
"2018-07-16 02:00:00",3198,0.528,0.519,0.575,0.43,0.378,0.555,0.635,0.637
"2018-07-16 02:30:00",3199,0.528,0.517,0.575,0.43,0.378,0.555,0.636,0.638
"2018-07-16 03:00:00",3200,0.528,0.515,0.575,0.43,0.378,0.554,0.636,0.638
"2018-07-16 03:30:00",3201,0.527,0.513,0.574,0.43,0.378,0.555,0.639,0.639
"2018-07-16 04:00:00",3202,0.527,0.511,0.574,0.43,0.379,0.553,0.637,0.638
"2018-07-16 04:30:00",3203,0.527,0.51,0.574,0.43,0.379,0.554,0.638,0.639
"2018-07-16 05:00:00",3204,0.527,0.509,0.574,0.43,0.379,0.555,0.638,0.64
"2018-07-16 05:30:00",3205,0.527,0.507,0.574,0.43,0.379,0.554,0.639,0.639
"2018-07-16 06:00:00",3206,0.527,0.505,0.574,0.43,0.379,0.553,0.638,0.64
"2018-07-16 06:30:00",3207,0.527,0.505,0.574,0.43,0.379,0.555,0.638,0.641
"2018-07-16 07:00:00",3208,0.526,0.503,0.574,0.43,0.379,0.555,0.638,0.641
"2018-07-16 07:30:00",3209,0.526,0.502,0.576,0.432,0.378,0.557,0.637,0.641
"2018-07-16 08:00:00",3210,0.521,0.502,0.552,0.435,0.378,0.544,0.633,0.639
"2018-07-16 08:30:00",3211,0.491,0.495,0.507,0.427,0.377,0.489,0.633,0.637
"2018-07-16 09:00:00",3212,0.455,0.471,0.477,0.403,0.365,0.447,0.629,0.634
"2018-07-16 09:30:00",3213,0.432,0.448,0.458,0.383,0.334,0.425,0.61,0.632
"2018-07-16 10:00:00",3214,0.418,0.434,0.447,0.371,0.306,0.414,0.58,0.629
"2018-07-16 10:30:00",3215,0.411,0.427,0.441,0.364,0.288,0.407,0.548,0.619
"2018-07-16 11:00:00",3216,0.404,0.422,0.437,0.358,0.279,0.404,0.529,0.608
"2018-07-16 11:30:00",3217,0.401,0.42,0.437,0.357,0.276,0.402,0.517,0.601
"2018-07-16 12:00:00",3218,0.401,0.419,0.437,0.357,0.276,0.401,0.513,0.6
"2018-07-16 12:30:00",3219,0.407,0.422,0.437,0.361,0.276,0.402,0.513,0.599
"2018-07-16 13:00:00",3220,0.412,0.424,0.436,0.366,0.275,0.401,0.513,0.595
"2018-07-16 13:30:00",3221,0.413,0.426,0.436,0.37,0.273,0.401,0.511,0.593
"2018-07-16 14:00:00",3222,0.415,0.429,0.434,0.375,0.273,0.4,0.512,0.594
"2018-07-16 14:30:00",3223,0.416,0.432,0.433,0.376,0.273,0.4,0.513,0.596
"2018-07-16 15:00:00",3224,0.417,0.436,0.433,0.378,0.274,0.4,0.516,0.597
"2018-07-16 15:30:00",3225,0.416,0.438,0.433,0.379,0.274,0.399,0.517,0.597
"2018-07-16 16:00:00",3226,0.418,0.441,0.436,0.381,0.276,0.4,0.518,0.595
"2018-07-16 16:30:00",3227,0.419,0.442,0.436,0.382,0.274,0.4,0.518,0.596
"2018-07-16 17:00:00",3228,0.429,0.451,0.446,0.391,0.284,0.406,0.528,0.6
