"TOA5","CR1000-FRESH","CR1000","86614","CR1000.Std.31.03","CPU:Sapflow_SERC.CR1","28068","Table1"
"TIMESTAMP","RECORD","DiffVolt_Avg(1)","DiffVolt_Avg(2)","DiffVolt_Avg(3)","DiffVolt_Avg(4)","DiffVolt_Avg(5)","DiffVolt_Avg(6)","DiffVolt_Avg(7)","DiffVolt_Avg(8)"
"TS","RN","mV","mV","mV","mV","mV","mV","mV","mV"
"","","Avg","Avg","Avg","Avg","Avg","Avg","Avg","Avg"
"2018-06-05 10:30:00",1243,0.456,0.423,0.359,0.401,0.499,0.455,0.569,0.573
"2018-06-05 11:00:00",1244,0.451,0.421,0.356,0.402,0.495,0.453,0.555,0.542
"2018-06-05 11:30:00",1245,0.451,0.422,0.36,0.404,0.493,0.454,0.538,0.512
"2018-06-05 12:00:00",1246,0.45,0.423,0.362,0.406,0.492,0.456,0.529,0.493
"2018-06-05 12:30:00",1247,0.448,0.423,0.358,0.407,0.49,0.456,0.524,0.482
"2018-06-05 13:00:00",1248,0.447,0.424,0.362,0.409,0.489,0.456,0.522,0.48
"2018-06-05 13:30:00",1249,0.446,0.426,0.36,0.41,0.488,0.457,0.519,0.479
"2018-06-05 14:00:00",1250,0.45,0.43,0.374,0.415,0.491,0.462,0.52,0.487
"2018-06-05 14:30:00",1251,0.459,0.436,0.396,0.423,0.5,0.471,0.524,0.507
"2018-06-05 15:00:00",1252,0.454,0.434,0.379,0.421,0.493,0.467,0.525,0.504
"2018-06-05 15:30:00",1253,0.45,0.432,0.372,0.418,0.488,0.465,0.523,0.5
"2018-06-05 16:00:00",1254,0.453,0.434,0.38,0.422,0.491,0.468,0.524,0.502
"2018-06-05 16:30:00",1255,0.459,0.439,0.401,0.43,0.497,0.475,0.528,0.517
"2018-06-05 17:00:00",1256,0.464,0.443,0.403,0.435,0.501,0.479,0.535,0.523
"2018-06-05 17:30:00",1257,0.478,0.45,0.423,0.446,0.509,0.488,0.541,0.54
"2018-06-05 18:00:00",1258,0.516,0.466,0.448,0.466,0.531,0.513,0.55,0.562
"2018-06-05 18:30:00",1259,0.505,0.469,0.446,0.467,0.525,0.516,0.559,0.577
"2018-06-05 19:00:00",1260,0.511,0.46,0.436,0.45,0.514,0.502,0.566,0.586
"2018-06-05 19:30:00",1261,0.539,0.478,0.475,0.474,0.548,0.532,0.574,0.599
"2018-06-05 20:00:00",1262,0.558,0.49,0.499,0.49,0.568,0.551,0.582,0.609
"2018-06-05 20:30:00",1263,0.571,0.499,0.521,0.497,0.58,0.563,0.59,0.619
"2018-06-05 21:00:00",1264,0.58,0.505,0.536,0.502,0.59,0.571,0.595,0.624
"2018-06-05 21:30:00",1265,0.584,0.506,0.54,0.5,0.597,0.572,0.602,0.627
"2018-06-05 22:00:00",1266,0.588,0.505,0.561,0.498,0.601,0.573,0.605,0.63
"2018-06-05 22:30:00",1267,0.591,0.508,0.568,0.498,0.605,0.578,0.608,0.633
"2018-06-05 23:00:00",1268,0.592,0.51,0.573,0.497,0.608,0.58,0.61,0.635
"2018-06-05 23:30:00",1269,0.594,0.51,0.575,0.498,0.61,0.58,0.61,0.637
"2018-06-06 00:00:00",1270,0.595,0.511,0.577,0.499,0.611,0.58,0.61,0.637
"2018-06-06 00:30:00",1271,0.595,0.511,0.579,0.499,0.611,0.58,0.609,0.639
"2018-06-06 01:00:00",1272,0.595,0.511,0.581,0.499,0.612,0.579,0.608,0.639
"2018-06-06 01:30:00",1273,0.596,0.511,0.583,0.499,0.612,0.579,0.608,0.64
"2018-06-06 02:00:00",1274,0.596,0.511,0.583,0.498,0.612,0.578,0.61,0.641
"2018-06-06 02:30:00",1275,0.596,0.511,0.582,0.497,0.613,0.578,0.61,0.642
"2018-06-06 03:00:00",1276,0.596,0.511,0.582,0.497,0.613,0.578,0.613,0.642
"2018-06-06 03:30:00",1277,0.596,0.511,0.58,0.496,0.614,0.578,0.615,0.643
"2018-06-06 04:00:00",1278,0.595,0.51,0.58,0.496,0.614,0.577,0.616,0.643
"2018-06-06 04:30:00",1279,0.595,0.509,0.581,0.494,0.614,0.576,0.616,0.642
"2018-06-06 05:00:00",1280,0.595,0.508,0.581,0.493,0.614,0.575,0.616,0.643
"2018-06-06 05:30:00",1281,0.595,0.508,0.587,0.492,0.614,0.575,0.613,0.642
"2018-06-06 06:00:00",1282,0.596,0.507,0.589,0.491,0.613,0.574,0.614,0.642
"2018-06-06 06:30:00",1283,0.594,0.506,0.585,0.488,0.61,0.572,0.613,0.643
"2018-06-06 07:00:00",1284,0.582,0.502,0.553,0.479,0.596,0.566,0.613,0.643
"2018-06-06 07:30:00",1285,0.558,0.494,0.507,0.463,0.573,0.551,0.614,0.642
"2018-06-06 08:00:00",1286,0.534,0.482,0.473,0.45,0.556,0.528,0.615,0.642
"2018-06-06 08:30:00",1287,0.515,0.47,0.451,0.44,0.544,0.51,0.615,0.64
"2018-06-06 09:00:00",1288,0.502,0.457,0.433,0.431,0.534,0.496,0.612,0.635
"2018-06-06 09:30:00",1289,0.493,0.449,0.417,0.424,0.528,0.488,0.61,0.627
"2018-06-06 10:00:00",1290,0.495,0.447,0.417,0.422,0.528,0.487,0.606,0.612
"2018-06-06 10:30:00",1291,0.477,0.434,0.395,0.41,0.513,0.473,0.6,0.588
"2018-06-06 11:00:00",1292,0.47,0.43,0.394,0.404,0.505,0.468,0.594,0.56
"2018-06-06 11:30:00",1293,0.467,0.429,0.39,0.404,0.501,0.466,0.584,0.536
"2018-06-06 12:00:00",1294,0.467,0.43,0.39,0.405,0.499,0.467,0.571,0.516
"2018-06-06 12:30:00",1295,0.469,0.432,0.391,0.41,0.501,0.471,0.564,0.513
"2018-06-06 13:00:00",1296,0.464,0.431,0.384,0.409,0.497,0.469,0.554,0.5
"2018-06-06 13:30:00",1297,0.468,0.434,0.397,0.415,0.502,0.474,0.553,0.511
"2018-06-06 14:00:00",1298,0.465,0.433,0.387,0.413,0.498,0.472,0.552,0.511
"2018-06-06 14:30:00",1299,0.462,0.433,0.389,0.412,0.494,0.471,0.545,0.514
"2018-06-06 15:00:00",1300,0.467,0.436,0.404,0.418,0.499,0.476,0.544,0.521
"2018-06-06 15:30:00",1301,0.472,0.443,0.412,0.426,0.504,0.483,0.551,0.526
"2018-06-06 16:00:00",1302,0.48,0.45,0.427,0.435,0.511,0.492,0.563,0.539
"2018-06-06 16:30:00",1303,0.499,0.465,0.454,0.448,0.522,0.51,0.571,0.559
"2018-06-06 17:00:00",1304,0.52,0.478,0.468,0.465,0.54,0.529,0.581,0.573
"2018-06-06 17:30:00",1305,0.532,0.485,0.482,0.472,0.549,0.542,0.59,0.588
"2018-06-06 18:00:00",1306,0.555,0.495,0.509,0.485,0.566,0.559,0.599,0.607
"2018-06-06 18:30:00",1307,0.565,0.499,0.518,0.488,0.571,0.566,0.605,0.617
"2018-06-06 19:00:00",1308,0.569,0.501,0.522,0.49,0.573,0.569,0.61,0.624
"2018-06-06 19:30:00",1309,0.577,0.504,0.536,0.492,0.579,0.573,0.613,0.63
"2018-06-06 20:00:00",1310,0.584,0.509,0.547,0.495,0.586,0.578,0.614,0.635
"2018-06-06 20:30:00",1311,0.588,0.512,0.558,0.499,0.594,0.582,0.618,0.638
"2018-06-06 21:00:00",1312,0.59,0.515,0.568,0.502,0.599,0.584,0.616,0.639
"2018-06-06 21:30:00",1313,0.591,0.516,0.577,0.502,0.602,0.585,0.619,0.64
"2018-06-06 22:00:00",1314,0.591,0.516,0.582,0.501,0.605,0.585,0.617,0.641
"2018-06-06 22:30:00",1315,0.592,0.517,0.58,0.5,0.607,0.585,0.619,0.641
"2018-06-06 23:00:00",1316,0.592,0.517,0.58,0.499,0.608,0.584,0.62,0.642
"2018-06-06 23:30:00",1317,0.592,0.517,0.582,0.498,0.609,0.584,0.622,0.642
"2018-06-07 00:00:00",1318,0.592,0.517,0.584,0.497,0.609,0.584,0.624,0.643
"2018-06-07 00:30:00",1319,0.592,0.517,0.581,0.496,0.61,0.584,0.625,0.643
"2018-06-07 01:00:00",1320,0.592,0.517,0.583,0.495,0.61,0.584,0.626,0.644
"2018-06-07 01:30:00",1321,0.592,0.516,0.585,0.494,0.61,0.584,0.627,0.644
"2018-06-07 02:00:00",1322,0.593,0.516,0.586,0.493,0.611,0.584,0.63,0.645
"2018-06-07 02:30:00",1323,0.593,0.516,0.591,0.492,0.611,0.585,0.629,0.645
"2018-06-07 03:00:00",1324,0.593,0.515,0.591,0.492,0.612,0.585,0.629,0.646
"2018-06-07 03:30:00",1325,0.593,0.514,0.595,0.491,0.612,0.585,0.629,0.646
"2018-06-07 04:00:00",1326,0.593,0.513,0.601,0.491,0.613,0.584,0.629,0.647
"2018-06-07 04:30:00",1327,0.593,0.512,0.609,0.49,0.613,0.584,0.629,0.647
"2018-06-07 05:00:00",1328,0.593,0.512,0.599,0.49,0.613,0.585,0.629,0.648
"2018-06-07 05:30:00",1329,0.593,0.512,0.591,0.49,0.613,0.584,0.63,0.648
"2018-06-07 06:00:00",1330,0.593,0.512,0.594,0.489,0.613,0.584,0.631,0.648
"2018-06-07 06:30:00",1331,0.593,0.512,0.585,0.488,0.612,0.584,0.633,0.647
"2018-06-07 07:00:00",1332,0.59,0.511,0.57,0.484,0.606,0.583,0.633,0.647
"2018-06-07 07:30:00",1333,0.585,0.509,0.545,0.478,0.597,0.58,0.633,0.646
"2018-06-07 08:00:00",1334,0.572,0.503,0.507,0.468,0.582,0.571,0.632,0.644
"2018-06-07 08:30:00",1335,0.554,0.493,0.473,0.453,0.564,0.553,0.634,0.64
"2018-06-07 09:00:00",1336,0.537,0.482,0.451,0.443,0.552,0.536,0.635,0.635
"2018-06-07 09:30:00",1337,0.517,0.47,0.428,0.43,0.538,0.516,0.635,0.624
"2018-06-07 10:00:00",1338,0.496,0.459,0.406,0.419,0.523,0.498,0.635,0.608
"2018-06-07 10:30:00",1339,0.476,0.447,0.391,0.407,0.509,0.484,0.632,0.587
"2018-06-07 11:00:00",1340,0.471,0.442,0.385,0.404,0.505,0.48,0.629,0.564
"2018-06-07 11:30:00",1341,0.475,0.444,0.386,0.409,0.509,0.484,0.625,0.555
"2018-06-07 12:00:00",1342,0.478,0.446,0.391,0.412,0.511,0.487,0.619,0.544
"2018-06-07 12:30:00",1343,0.479,0.448,0.387,0.412,0.51,0.488,0.616,0.536
"2018-06-07 13:00:00",1344,0.478,0.446,0.388,0.411,0.507,0.487,0.61,0.534
"2018-06-07 13:30:00",1345,0.464,0.438,0.372,0.404,0.495,0.477,0.601,0.514
"2018-06-07 14:00:00",1346,0.469,0.442,0.383,0.41,0.498,0.483,0.596,0.52
"2018-06-07 14:30:00",1347,0.463,0.44,0.376,0.409,0.493,0.479,0.589,0.517
"2018-06-07 15:00:00",1348,0.461,0.44,0.373,0.411,0.491,0.478,0.583,0.518
"2018-06-07 15:30:00",1349,0.462,0.442,0.384,0.414,0.493,0.482,0.585,0.521
"2018-06-07 16:00:00",1350,0.463,0.445,0.389,0.418,0.494,0.484,0.592,0.523
"2018-06-07 16:30:00",1351,0.464,0.445,0.391,0.42,0.494,0.486,0.596,0.522
"2018-06-07 17:00:00",1352,0.469,0.45,0.404,0.426,0.498,0.493,0.602,0.53
"2018-06-07 17:30:00",1353,0.472,0.453,0.412,0.432,0.501,0.497,0.608,0.54
"2018-06-07 18:00:00",1354,0.482,0.46,0.428,0.44,0.507,0.507,0.613,0.557
"2018-06-07 18:30:00",1355,0.491,0.466,0.44,0.447,0.513,0.516,0.619,0.577
"2018-06-07 19:00:00",1356,0.499,0.472,0.454,0.455,0.52,0.523,0.626,0.595
"2018-06-07 19:30:00",1357,0.519,0.483,0.478,0.466,0.534,0.541,0.635,0.609
"2018-06-07 20:00:00",1358,0.544,0.496,0.51,0.481,0.556,0.562,0.641,0.62
"2018-06-07 20:30:00",1359,0.566,0.509,0.534,0.494,0.578,0.58,0.648,0.628
"2018-06-07 21:00:00",1360,0.578,0.517,0.55,0.501,0.591,0.589,0.653,0.633
"2018-06-07 21:30:00",1361,0.583,0.52,0.559,0.504,0.597,0.592,0.656,0.636
"2018-06-07 22:00:00",1362,0.586,0.522,0.564,0.504,0.598,0.593,0.659,0.638
"2018-06-07 22:30:00",1363,0.588,0.522,0.568,0.502,0.598,0.592,0.661,0.639
"2018-06-07 23:00:00",1364,0.588,0.522,0.572,0.5,0.599,0.591,0.662,0.64
"2018-06-07 23:30:00",1365,0.589,0.522,0.577,0.499,0.599,0.591,0.664,0.641
"2018-06-08 00:00:00",1366,0.589,0.521,0.58,0.498,0.6,0.59,0.666,0.642
"2018-06-08 00:30:00",1367,0.589,0.52,0.579,0.497,0.6,0.589,0.667,0.643
"2018-06-08 01:00:00",1368,0.589,0.52,0.582,0.496,0.601,0.588,0.669,0.644
"2018-06-08 01:30:00",1369,0.589,0.519,0.585,0.495,0.601,0.588,0.672,0.645
"2018-06-08 02:00:00",1370,0.588,0.519,0.581,0.494,0.602,0.588,0.673,0.645
"2018-06-08 02:30:00",1371,0.588,0.518,0.578,0.493,0.602,0.588,0.673,0.645
"2018-06-08 03:00:00",1372,0.587,0.517,0.579,0.493,0.601,0.587,0.674,0.645
"2018-06-08 03:30:00",1373,0.587,0.516,0.577,0.492,0.601,0.587,0.674,0.646
"2018-06-08 04:00:00",1374,0.586,0.515,0.578,0.491,0.601,0.586,0.675,0.647
"2018-06-08 04:30:00",1375,0.586,0.515,0.581,0.491,0.601,0.585,0.675,0.647
"2018-06-08 05:00:00",1376,0.585,0.514,0.582,0.49,0.601,0.585,0.675,0.647
"2018-06-08 05:30:00",1377,0.584,0.513,0.589,0.489,0.601,0.584,0.675,0.648
"2018-06-08 06:00:00",1378,0.583,0.512,0.593,0.489,0.6,0.583,0.677,0.648
"2018-06-08 06:30:00",1379,0.583,0.507,0.59,0.489,0.6,0.583,0.679,0.648
"2018-06-08 07:00:00",1380,0.584,0.504,0.58,0.489,0.6,0.582,0.679,0.649
"2018-06-08 07:30:00",1381,0.576,0.501,0.558,0.487,0.598,0.582,0.678,0.649
"2018-06-08 08:00:00",1382,0.556,0.494,0.509,0.476,0.582,0.575,0.678,0.648
"2018-06-08 08:30:00",1383,0.52,0.478,0.446,0.451,0.547,0.548,0.679,0.646
"2018-06-08 09:00:00",1384,0.492,0.46,0.407,0.428,0.523,0.513,0.68,0.642
"2018-06-08 09:30:00",1385,0.473,0.445,0.382,0.411,0.506,0.492,0.68,0.632
"2018-06-08 10:00:00",1386,0.466,0.439,0.372,0.403,0.5,0.486,0.681,0.615
"2018-06-08 10:30:00",1387,0.466,0.439,0.363,0.402,0.499,0.486,0.681,0.59
"2018-06-08 11:00:00",1388,0.463,0.439,0.354,0.402,0.495,0.484,0.677,0.562
"2018-06-08 11:30:00",1389,0.456,0.437,0.339,0.398,0.486,0.478,0.667,0.529
"2018-06-08 12:00:00",1390,0.455,0.439,0.338,0.398,0.484,0.479,0.653,0.51
"2018-06-08 12:30:00",1391,0.459,0.443,0.343,0.404,0.488,0.483,0.647,0.506
"2018-06-08 13:00:00",1392,0.455,0.441,0.339,0.404,0.483,0.481,0.639,0.499
"2018-06-08 13:30:00",1393,0.454,0.442,0.334,0.406,0.481,0.481,0.635,0.498
"2018-06-08 14:00:00",1394,0.458,0.447,0.345,0.412,0.485,0.486,0.64,0.508
"2018-06-08 14:30:00",1395,0.459,0.448,0.346,0.414,0.485,0.487,0.642,0.513
"2018-06-08 15:00:00",1396,0.46,0.45,0.345,0.416,0.485,0.489,0.644,0.517
"2018-06-08 15:30:00",1397,0.463,0.453,0.347,0.419,0.487,0.492,0.652,0.523
"2018-06-08 16:00:00",1398,0.466,0.457,0.359,0.424,0.491,0.498,0.659,0.53
"2018-06-08 16:30:00",1399,0.476,0.464,0.381,0.433,0.499,0.509,0.665,0.543
"2018-06-08 17:00:00",1400,0.482,0.467,0.386,0.437,0.502,0.513,0.672,0.553
"2018-06-08 17:30:00",1401,0.495,0.473,0.402,0.444,0.511,0.523,0.679,0.566
"2018-06-08 18:00:00",1402,0.509,0.48,0.412,0.454,0.521,0.536,0.685,0.581
"2018-06-08 18:30:00",1403,0.509,0.482,0.416,0.453,0.52,0.536,0.688,0.592
"2018-06-08 19:00:00",1404,0.529,0.493,0.449,0.465,0.538,0.553,0.691,0.609
"2018-06-08 19:30:00",1405,0.552,0.505,0.481,0.478,0.557,0.571,0.691,0.621
"2018-06-08 20:00:00",1406,0.566,0.513,0.503,0.484,0.571,0.581,0.695,0.629
"2018-06-08 20:30:00",1407,0.574,0.519,0.517,0.488,0.582,0.587,0.696,0.634
"2018-06-08 21:00:00",1408,0.579,0.523,0.524,0.49,0.589,0.59,0.696,0.637
"2018-06-08 21:30:00",1409,0.582,0.525,0.531,0.491,0.592,0.591,0.695,0.638
"2018-06-08 22:00:00",1410,0.583,0.526,0.535,0.491,0.594,0.59,0.694,0.639
"2018-06-08 22:30:00",1411,0.583,0.526,0.537,0.49,0.595,0.589,0.694,0.64
"2018-06-08 23:00:00",1412,0.583,0.526,0.537,0.49,0.596,0.588,0.694,0.64
"2018-06-08 23:30:00",1413,0.583,0.525,0.538,0.489,0.596,0.586,0.692,0.64
"2018-06-09 00:00:00",1414,0.582,0.524,0.539,0.489,0.596,0.585,0.692,0.641
"2018-06-09 00:30:00",1415,0.582,0.523,0.541,0.488,0.596,0.584,0.694,0.641
"2018-06-09 01:00:00",1416,0.581,0.523,0.545,0.487,0.596,0.583,0.695,0.642
"2018-06-09 01:30:00",1417,0.58,0.522,0.548,0.487,0.595,0.583,0.695,0.642
"2018-06-09 02:00:00",1418,0.58,0.522,0.548,0.487,0.595,0.582,0.694,0.643
"2018-06-09 02:30:00",1419,0.579,0.521,0.55,0.486,0.595,0.581,0.691,0.643
"2018-06-09 03:00:00",1420,0.579,0.52,0.554,0.486,0.594,0.58,0.694,0.644
"2018-06-09 03:30:00",1421,0.578,0.518,0.557,0.485,0.594,0.579,0.695,0.644
"2018-06-09 04:00:00",1422,0.578,0.514,0.558,0.485,0.594,0.579,0.696,0.645
"2018-06-09 04:30:00",1423,0.577,0.512,0.556,0.484,0.594,0.578,0.697,0.645
"2018-06-09 05:00:00",1424,0.576,0.511,0.557,0.484,0.594,0.577,0.697,0.645
"2018-06-09 05:30:00",1425,0.576,0.509,0.557,0.484,0.593,0.576,0.697,0.646
"2018-06-09 06:00:00",1426,0.575,0.507,0.56,0.484,0.593,0.575,0.696,0.646
"2018-06-09 06:30:00",1427,0.574,0.505,0.555,0.484,0.593,0.574,0.697,0.646
"2018-06-09 07:00:00",1428,0.572,0.504,0.548,0.483,0.592,0.573,0.693,0.646
"2018-06-09 07:30:00",1429,0.573,0.503,0.544,0.482,0.592,0.573,0.694,0.645
"2018-06-09 08:00:00",1430,0.572,0.503,0.535,0.482,0.593,0.573,0.695,0.645
"2018-06-09 08:30:00",1431,0.56,0.5,0.498,0.479,0.588,0.571,0.694,0.644
"2018-06-09 09:00:00",1432,0.531,0.487,0.435,0.459,0.564,0.553,0.694,0.642
"2018-06-09 09:30:00",1433,0.499,0.465,0.379,0.43,0.53,0.517,0.695,0.635
"2018-06-09 10:00:00",1434,0.495,0.455,0.373,0.42,0.525,0.504,0.692,0.625
"2018-06-09 10:30:00",1435,0.497,0.456,0.376,0.422,0.528,0.508,0.689,0.619
"2018-06-09 11:00:00",1436,0.467,0.439,0.343,0.403,0.503,0.483,0.689,0.6
"2018-06-09 11:30:00",1437,0.458,0.432,0.334,0.394,0.492,0.473,0.683,0.57
"2018-06-09 12:00:00",1438,0.466,0.441,0.352,0.398,0.497,0.483,0.68,0.563
"2018-06-09 12:30:00",1439,0.458,0.439,0.337,0.394,0.488,0.478,0.674,0.544
"2018-06-09 13:00:00",1440,0.444,0.433,0.313,0.384,0.476,0.465,0.654,0.511
"2018-06-09 13:30:00",1441,0.458,0.445,0.355,0.397,0.489,0.483,0.648,0.521
"2018-06-09 14:00:00",1442,0.501,0.474,0.414,0.432,0.529,0.522,0.658,0.556
"2018-06-09 14:30:00",1443,0.516,0.488,0.446,0.449,0.545,0.542,0.669,0.585
"2018-06-09 15:00:00",1444,0.533,0.498,0.469,0.46,0.558,0.557,0.671,0.607
"2018-06-09 15:30:00",1445,0.537,0.501,0.467,0.463,0.559,0.561,0.675,0.619
"2018-06-09 16:00:00",1446,0.516,0.488,0.44,0.445,0.534,0.544,0.68,0.623
"2018-06-09 16:30:00",1447,0.505,0.477,0.412,0.433,0.524,0.528,0.685,0.624
"2018-06-09 17:00:00",1448,0.473,0.453,0.364,0.408,0.495,0.495,0.685,0.609
"2018-06-09 17:30:00",1449,0.467,0.448,0.366,0.406,0.493,0.489,0.679,0.581
"2018-06-09 18:00:00",1450,0.502,0.472,0.434,0.431,0.522,0.525,0.683,0.596
"2018-06-09 18:30:00",1451,0.534,0.494,0.477,0.454,0.55,0.557,0.685,0.612
"2018-06-09 19:00:00",1452,0.534,0.494,0.465,0.457,0.546,0.556,0.684,0.617
"2018-06-09 19:30:00",1453,0.536,0.492,0.464,0.455,0.547,0.553,0.684,0.619
"2018-06-09 20:00:00",1454,0.557,0.505,0.494,0.469,0.57,0.57,0.686,0.628
"2018-06-09 20:30:00",1455,0.569,0.514,0.512,0.477,0.582,0.578,0.688,0.635
"2018-06-09 21:00:00",1456,0.575,0.517,0.519,0.482,0.589,0.58,0.688,0.637
"2018-06-09 21:30:00",1457,0.577,0.518,0.523,0.483,0.591,0.58,0.689,0.639
"2018-06-09 22:00:00",1458,0.578,0.517,0.53,0.484,0.592,0.58,0.689,0.641
"2018-06-09 22:30:00",1459,0.579,0.515,0.535,0.484,0.593,0.579,0.689,0.641
"2018-06-09 23:00:00",1460,0.579,0.512,0.537,0.484,0.594,0.579,0.69,0.642
"2018-06-09 23:30:00",1461,0.579,0.509,0.537,0.484,0.594,0.578,0.69,0.643
"2018-06-10 00:00:00",1462,0.578,0.506,0.538,0.484,0.594,0.578,0.69,0.643
"2018-06-10 00:30:00",1463,0.578,0.504,0.539,0.484,0.594,0.577,0.69,0.644
"2018-06-10 01:00:00",1464,0.577,0.502,0.541,0.483,0.593,0.576,0.688,0.644
"2018-06-10 01:30:00",1465,0.577,0.501,0.543,0.483,0.593,0.575,0.687,0.644
"2018-06-10 02:00:00",1466,0.575,0.501,0.547,0.483,0.592,0.574,0.686,0.644
"2018-06-10 02:30:00",1467,0.574,0.499,0.548,0.482,0.592,0.573,0.685,0.645
"2018-06-10 03:00:00",1468,0.574,0.497,0.548,0.482,0.592,0.572,0.688,0.646
"2018-06-10 03:30:00",1469,0.573,0.496,0.544,0.482,0.591,0.571,0.688,0.646
"2018-06-10 04:00:00",1470,0.573,0.494,0.542,0.482,0.592,0.568,0.687,0.646
"2018-06-10 04:30:00",1471,0.57,0.492,0.537,0.482,0.591,0.565,0.686,0.646
"2018-06-10 05:00:00",1472,0.569,0.493,0.542,0.48,0.59,0.557,0.684,0.645
"2018-06-10 05:30:00",1473,0.569,0.493,0.547,0.48,0.589,0.528,0.683,0.646
"2018-06-10 06:00:00",1474,0.569,0.493,0.541,0.48,0.589,0.522,0.682,0.646
"2018-06-10 06:30:00",1475,0.568,0.492,0.536,0.481,0.59,0.518,0.684,0.646
"2018-06-10 07:00:00",1476,0.568,0.491,0.531,0.48,0.591,0.517,0.683,0.645
"2018-06-10 07:30:00",1477,0.569,0.491,0.529,0.48,0.592,0.516,0.683,0.644
"2018-06-10 08:00:00",1478,0.567,0.489,0.511,0.477,0.591,0.513,0.681,0.641
"2018-06-10 08:30:00",1479,0.554,0.482,0.471,0.465,0.58,0.507,0.679,0.639
"2018-06-10 09:00:00",1480,0.544,0.475,0.447,0.449,0.564,0.497,0.677,0.637
"2018-06-10 09:30:00",1481,0.538,0.471,0.44,0.444,0.559,0.492,0.675,0.636
"2018-06-10 10:00:00",1482,0.515,0.459,0.411,0.431,0.542,0.474,0.676,0.632
"2018-06-10 10:30:00",1483,0.491,0.444,0.386,0.414,0.521,0.452,0.674,0.619
"2018-06-10 11:00:00",1484,0.479,0.436,0.377,0.399,0.511,0.444,0.673,0.604
"2018-06-10 11:30:00",1485,0.471,0.432,0.374,0.394,0.504,0.441,0.673,0.589
"2018-06-10 12:00:00",1486,0.47,0.432,0.372,0.395,0.502,0.444,0.67,0.578
"2018-06-10 12:30:00",1487,0.467,0.43,0.367,0.394,0.499,0.445,0.664,0.566
"2018-06-10 13:00:00",1488,0.455,0.423,0.352,0.389,0.488,0.439,0.656,0.546
"2018-06-10 13:30:00",1489,0.45,0.42,0.342,0.386,0.484,0.435,0.641,0.528
"2018-06-10 14:00:00",1490,0.449,0.423,0.341,0.39,0.484,0.435,0.633,0.524
"2018-06-10 14:30:00",1491,0.456,0.433,0.352,0.4,0.492,0.445,0.633,0.534
"2018-06-10 15:00:00",1492,0.455,0.436,0.346,0.401,0.492,0.446,0.629,0.534
"2018-06-10 15:30:00",1493,0.46,0.442,0.349,0.406,0.495,0.451,0.63,0.54
"2018-06-10 16:00:00",1494,0.469,0.45,0.361,0.414,0.503,0.461,0.634,0.55
"2018-06-10 16:30:00",1495,0.486,0.462,0.387,0.426,0.517,0.476,0.641,0.565
"2018-06-10 17:00:00",1496,0.497,0.468,0.398,0.435,0.527,0.489,0.645,0.577
"2018-06-10 17:30:00",1497,0.508,0.473,0.413,0.44,0.535,0.496,0.647,0.586
"2018-06-10 18:00:00",1498,0.532,0.484,0.45,0.455,0.556,0.511,0.652,0.602
"2018-06-10 18:30:00",1499,0.552,0.495,0.497,0.469,0.574,0.527,0.657,0.617
"2018-06-10 19:00:00",1500,0.562,0.501,0.522,0.476,0.584,0.535,0.658,0.623
"2018-06-10 19:30:00",1501,0.567,0.505,0.527,0.479,0.587,0.54,0.661,0.625
"2018-06-10 20:00:00",1502,0.569,0.503,0.534,0.48,0.587,0.542,0.662,0.628
"2018-06-10 20:30:00",1503,0.572,0.503,0.535,0.481,0.59,0.545,0.664,0.63
"2018-06-10 21:00:00",1504,0.574,0.5,0.548,0.483,0.595,0.545,0.663,0.63
"2018-06-10 21:30:00",1505,0.575,0.495,0.559,0.484,0.599,0.542,0.661,0.63
"2018-06-10 22:00:00",1506,0.575,0.494,0.56,0.485,0.601,0.542,0.662,0.631
"2018-06-10 22:30:00",1507,0.576,0.492,0.559,0.486,0.602,0.541,0.664,0.631
"2018-06-10 23:00:00",1508,0.575,0.489,0.562,0.484,0.602,0.539,0.664,0.63
"2018-06-10 23:30:00",1509,0.575,0.488,0.564,0.483,0.603,0.538,0.665,0.631
"2018-06-11 00:00:00",1510,0.575,0.489,0.564,0.482,0.603,0.536,0.667,0.633
"2018-06-11 00:30:00",1511,0.574,0.487,0.564,0.481,0.603,0.532,0.667,0.632
"2018-06-11 01:00:00",1512,0.573,0.486,0.566,0.479,0.603,0.526,0.666,0.631
"2018-06-11 01:30:00",1513,0.573,0.485,0.568,0.477,0.603,0.522,0.665,0.632
"2018-06-11 02:00:00",1514,0.572,0.484,0.568,0.475,0.603,0.518,0.665,0.63
"2018-06-11 02:30:00",1515,0.572,0.483,0.574,0.473,0.603,0.515,0.665,0.632
"2018-06-11 03:00:00",1516,0.572,0.481,0.578,0.471,0.602,0.512,0.662,0.63
"2018-06-11 03:30:00",1517,0.572,0.48,0.589,0.47,0.601,0.51,0.66,0.632
"2018-06-11 04:00:00",1518,0.572,0.481,0.601,0.471,0.601,0.51,0.66,0.637
"2018-06-11 04:30:00",1519,0.571,0.479,0.601,0.471,0.602,0.508,0.659,0.634
"2018-06-11 05:00:00",1520,0.57,0.477,0.6,0.47,0.602,0.504,0.659,0.619
"2018-06-11 05:30:00",1521,0.57,0.478,0.59,0.47,0.603,0.504,0.644,0.593
"2018-06-11 06:00:00",1522,0.57,0.479,0.584,0.47,0.603,0.504,0.63,0.602
"2018-06-11 06:30:00",1523,0.571,0.479,0.583,0.471,0.603,0.504,0.631,0.607
"2018-06-11 07:00:00",1524,0.569,0.479,0.584,0.469,0.602,0.503,0.629,0.609
"2018-06-11 07:30:00",1525,0.569,0.482,0.576,0.468,0.601,0.506,0.626,0.608
"2018-06-11 08:00:00",1526,0.567,0.479,0.565,0.468,0.601,0.501,0.627,0.593
"2018-06-11 08:30:00",1527,0.566,0.478,0.563,0.468,0.601,0.497,0.626,0.576
"2018-06-11 09:00:00",1528,0.567,0.48,0.555,0.467,0.6,0.497,0.628,0.592
"2018-06-11 09:30:00",1529,0.567,0.48,0.556,0.466,0.6,0.497,0.627,0.606
"2018-06-11 10:00:00",1530,0.567,0.48,0.549,0.466,0.6,0.497,0.628,0.612
"2018-06-11 10:30:00",1531,0.567,0.479,0.545,0.465,0.6,0.497,0.626,0.612
"2018-06-11 11:00:00",1532,0.567,0.477,0.535,0.463,0.599,0.496,0.624,0.606
"2018-06-11 11:30:00",1533,0.566,0.476,0.527,0.461,0.598,0.496,0.622,0.607
"2018-06-11 12:00:00",1534,0.564,0.476,0.513,0.457,0.595,0.496,0.623,0.61
"2018-06-11 12:30:00",1535,0.561,0.476,0.499,0.452,0.591,0.496,0.624,0.612
"2018-06-11 13:00:00",1536,0.549,0.468,0.474,0.441,0.579,0.489,0.621,0.606
"2018-06-11 13:30:00",1537,0.523,0.453,0.437,0.422,0.556,0.469,0.619,0.602
"2018-06-11 14:00:00",1538,0.518,0.45,0.44,0.418,0.553,0.462,0.622,0.604
"2018-06-11 14:30:00",1539,0.519,0.451,0.448,0.419,0.556,0.465,0.619,0.604
"2018-06-11 15:00:00",1540,0.52,0.453,0.454,0.421,0.557,0.468,0.619,0.604
"2018-06-11 15:30:00",1541,0.525,0.455,0.468,0.425,0.561,0.474,0.619,0.605
"2018-06-11 16:00:00",1542,0.523,0.456,0.467,0.425,0.559,0.475,0.619,0.603
"2018-06-11 16:30:00",1543,0.523,0.454,0.475,0.424,0.558,0.473,0.617,0.598
"2018-06-11 17:00:00",1544,0.527,0.456,0.483,0.429,0.563,0.478,0.618,0.6
"2018-06-11 17:30:00",1545,0.526,0.458,0.48,0.429,0.56,0.479,0.621,0.603
"2018-06-11 18:00:00",1546,0.524,0.459,0.472,0.427,0.557,0.479,0.621,0.604
"2018-06-11 18:30:00",1547,0.519,0.456,0.462,0.424,0.553,0.474,0.622,0.603
"2018-06-11 19:00:00",1548,0.516,0.454,0.454,0.421,0.549,0.47,0.625,0.602
"2018-06-11 19:30:00",1549,0.511,0.45,0.448,0.419,0.544,0.463,0.627,0.601
"2018-06-11 20:00:00",1550,0.523,0.458,0.462,0.426,0.554,0.475,0.629,0.607
"2018-06-11 20:30:00",1551,0.536,0.466,0.485,0.437,0.567,0.487,0.63,0.615
"2018-06-11 21:00:00",1552,0.544,0.472,0.504,0.444,0.575,0.497,0.63,0.619
"2018-06-11 21:30:00",1553,0.545,0.474,0.516,0.443,0.572,0.502,0.626,0.62
"2018-06-11 22:00:00",1554,0.542,0.475,0.531,0.44,0.568,0.505,0.628,0.625
"2018-06-11 22:30:00",1555,0.541,0.477,0.537,0.438,0.566,0.508,0.63,0.629
"2018-06-11 23:00:00",1556,0.545,0.48,0.548,0.443,0.572,0.51,0.632,0.632
"2018-06-11 23:30:00",1557,0.55,0.483,0.55,0.45,0.579,0.513,0.633,0.634
"2018-06-12 00:00:00",1558,0.555,0.486,0.557,0.456,0.584,0.514,0.635,0.635
"2018-06-12 00:30:00",1559,0.56,0.488,0.562,0.458,0.587,0.515,0.635,0.636
"2018-06-12 01:00:00",1560,0.564,0.489,0.567,0.461,0.591,0.516,0.636,0.638
"2018-06-12 01:30:00",1561,0.566,0.49,0.568,0.463,0.593,0.516,0.637,0.64
"2018-06-12 02:00:00",1562,0.568,0.491,0.57,0.464,0.595,0.517,0.638,0.641
"2018-06-12 02:30:00",1563,0.569,0.492,0.571,0.465,0.597,0.517,0.637,0.642
"2018-06-12 03:00:00",1564,0.569,0.492,0.575,0.466,0.597,0.516,0.638,0.643
"2018-06-12 03:30:00",1565,0.57,0.492,0.572,0.465,0.598,0.516,0.638,0.644
"2018-06-12 04:00:00",1566,0.57,0.492,0.575,0.465,0.598,0.515,0.638,0.644
"2018-06-12 04:30:00",1567,0.569,0.491,0.581,0.465,0.599,0.514,0.638,0.644
"2018-06-12 05:00:00",1568,0.569,0.491,0.577,0.466,0.599,0.513,0.637,0.645
"2018-06-12 05:30:00",1569,0.568,0.49,0.575,0.467,0.599,0.512,0.638,0.645
"2018-06-12 06:00:00",1570,0.567,0.49,0.57,0.467,0.599,0.511,0.638,0.646
"2018-06-12 06:30:00",1571,0.567,0.489,0.567,0.467,0.599,0.509,0.637,0.646
"2018-06-12 07:00:00",1572,0.567,0.489,0.555,0.467,0.598,0.508,0.637,0.646
"2018-06-12 07:30:00",1573,0.566,0.488,0.535,0.464,0.596,0.508,0.637,0.646
"2018-06-12 08:00:00",1574,0.557,0.483,0.495,0.454,0.585,0.504,0.636,0.644
"2018-06-12 08:30:00",1575,0.515,0.466,0.437,0.428,0.554,0.481,0.635,0.641
"2018-06-12 09:00:00",1576,0.475,0.443,0.392,0.403,0.525,0.441,0.634,0.636
"2018-06-12 09:30:00",1577,0.458,0.43,0.375,0.387,0.511,0.425,0.632,0.627
"2018-06-12 10:00:00",1578,0.449,0.422,0.365,0.379,0.503,0.423,0.631,0.614
"2018-06-12 10:30:00",1579,0.446,0.419,0.362,0.376,0.499,0.446,0.63,0.597
"2018-06-12 11:00:00",1580,0.441,0.416,0.355,0.375,0.494,0.443,0.628,0.573
"2018-06-12 11:30:00",1581,0.438,0.414,0.352,0.374,0.489,0.441,0.62,0.545
"2018-06-12 12:00:00",1582,0.435,0.411,0.35,0.373,0.486,0.439,0.608,0.523
"2018-06-12 12:30:00",1583,0.434,0.41,0.349,0.375,0.484,0.44,0.594,0.514
"2018-06-12 13:00:00",1584,0.435,0.412,0.349,0.377,0.483,0.439,0.583,0.511
"2018-06-12 13:30:00",1585,0.433,0.421,0.34,0.377,0.48,0.438,0.574,0.51
"2018-06-12 14:00:00",1586,0.434,0.429,0.343,0.38,0.48,0.441,0.566,0.514
"2018-06-12 14:30:00",1587,0.436,0.43,0.334,0.382,0.479,0.44,0.562,0.519
"2018-06-12 15:00:00",1588,0.439,0.432,0.334,0.384,0.479,0.442,0.56,0.527
"2018-06-12 15:30:00",1589,0.441,0.433,0.332,0.386,0.48,0.443,0.561,0.531
"2018-06-12 16:00:00",1590,0.444,0.435,0.336,0.389,0.481,0.446,0.565,0.534
"2018-06-12 16:30:00",1591,0.446,0.437,0.337,0.392,0.482,0.447,0.57,0.534
"2018-06-12 17:00:00",1592,0.451,0.441,0.349,0.397,0.486,0.453,0.578,0.541
"2018-06-12 17:30:00",1593,0.455,0.444,0.355,0.4,0.488,0.455,0.585,0.548
"2018-06-12 18:00:00",1594,0.46,0.449,0.371,0.405,0.492,0.462,0.594,0.565
"2018-06-12 18:30:00",1595,0.471,0.456,0.379,0.413,0.5,0.472,0.601,0.579
"2018-06-12 19:00:00",1596,0.489,0.471,0.411,0.43,0.515,0.493,0.61,0.596
"2018-06-12 19:30:00",1597,0.509,0.483,0.434,0.444,0.531,0.512,0.619,0.609
"2018-06-12 20:00:00",1598,0.53,0.494,0.455,0.453,0.547,0.528,0.624,0.619
"2018-06-12 20:30:00",1599,0.55,0.501,0.482,0.461,0.564,0.54,0.629,0.627
"2018-06-12 21:00:00",1600,0.563,0.502,0.5,0.467,0.577,0.549,0.633,0.633
"2018-06-12 21:30:00",1601,0.57,0.501,0.509,0.469,0.586,0.552,0.634,0.637
"2018-06-12 22:00:00",1602,0.574,0.499,0.514,0.471,0.59,0.553,0.635,0.638
"2018-06-12 22:30:00",1603,0.576,0.498,"NAN",0.471,0.593,0.554,0.631,0.639
"2018-06-12 23:00:00",1604,0.577,0.497,"NAN",0.47,0.594,0.553,0.632,0.64
"2018-06-12 23:30:00",1605,0.578,0.497,"NAN",0.468,0.596,0.553,0.633,0.641
"2018-06-13 00:00:00",1606,0.578,0.497,"NAN",0.468,0.596,0.553,0.632,0.641
"2018-06-13 00:30:00",1607,0.578,0.496,"NAN",0.467,0.597,0.552,0.632,0.641
"2018-06-13 01:00:00",1608,0.577,0.496,"NAN",0.466,0.597,0.552,0.631,0.642
"2018-06-13 01:30:00",1609,0.577,0.496,"NAN",0.465,0.597,0.551,0.632,0.643
"2018-06-13 02:00:00",1610,0.577,0.495,"NAN",0.464,0.597,0.55,0.632,0.642
"2018-06-13 02:30:00",1611,0.576,0.494,"NAN",0.463,0.597,0.548,0.633,0.642
"2018-06-13 03:00:00",1612,0.575,0.494,"NAN",0.463,0.596,0.522,0.634,0.643
"2018-06-13 03:30:00",1613,0.575,0.493,"NAN",0.462,0.596,0.515,0.634,0.643
"2018-06-13 04:00:00",1614,0.574,0.492,"NAN",0.462,0.596,0.511,0.634,0.643
"2018-06-13 04:30:00",1615,0.573,0.491,"NAN",0.461,0.596,0.509,0.633,0.643
"2018-06-13 05:00:00",1616,0.573,0.49,"NAN",0.461,0.595,0.507,0.633,0.643
"2018-06-13 05:30:00",1617,0.572,0.489,"NAN",0.46,0.595,0.505,0.632,0.643
"2018-06-13 06:00:00",1618,0.57,0.488,"NAN",0.46,0.594,0.503,0.631,0.643
"2018-06-13 06:30:00",1619,0.57,0.487,"NAN",0.46,0.594,0.5,0.632,0.642
"2018-06-13 07:00:00",1620,0.57,0.487,"NAN",0.459,0.594,0.497,0.632,0.642
"2018-06-13 07:30:00",1621,0.571,0.487,"NAN",0.458,0.594,0.496,0.632,0.642
"2018-06-13 08:00:00",1622,0.564,0.485,"NAN",0.454,0.59,0.493,0.632,0.642
"2018-06-13 08:30:00",1623,0.53,0.47,"NAN",0.431,0.562,0.472,0.63,0.639
"2018-06-13 09:00:00",1624,0.503,0.453,"NAN",0.409,0.536,0.446,0.627,0.633
"2018-06-13 09:30:00",1625,0.477,0.434,"NAN",0.39,0.515,0.421,0.624,0.622
"2018-06-13 10:00:00",1626,0.469,0.427,"NAN",0.381,0.507,0.415,0.623,0.609
"2018-06-13 10:30:00",1627,0.46,0.42,"NAN",0.373,0.497,0.413,0.619,0.591
"2018-06-13 11:00:00",1628,0.447,0.411,"NAN",0.362,0.484,0.426,0.61,0.556
"2018-06-13 11:30:00",1629,0.447,0.41,"NAN",0.361,0.483,0.428,0.598,0.532
"2018-06-13 12:00:00",1630,0.445,0.409,"NAN",0.361,0.48,0.428,0.582,0.514
"2018-06-13 12:30:00",1631,0.444,0.411,"NAN",0.362,0.479,0.429,0.567,0.505
"2018-06-13 13:00:00",1632,0.445,0.416,"NAN",0.366,0.479,0.432,0.559,0.504
"2018-06-13 13:30:00",1633,0.444,0.419,"NAN",0.369,0.477,0.432,0.549,0.499
"2018-06-13 14:00:00",1634,0.447,0.426,"NAN",0.375,0.479,0.438,0.549,0.506
"2018-06-13 14:30:00",1635,0.451,0.431,"NAN",0.381,0.482,0.443,0.553,0.514
"2018-06-13 15:00:00",1636,0.446,0.429,"NAN",0.378,0.478,0.44,0.55,0.515
"2018-06-13 15:30:00",1637,0.455,0.436,"NAN",0.387,0.486,0.449,0.559,0.524
"2018-06-13 16:00:00",1638,0.454,0.436,"NAN",0.387,0.483,0.449,0.562,0.526
"2018-06-13 16:30:00",1639,0.455,0.437,"NAN",0.388,0.483,0.45,0.562,0.527
"2018-06-13 17:00:00",1640,0.475,0.449,"NAN",0.404,0.498,0.468,0.573,0.543
"2018-06-13 17:30:00",1641,0.496,0.46,"NAN",0.421,0.513,0.489,0.582,0.565
"2018-06-13 18:00:00",1642,0.5,0.463,"NAN",0.423,0.514,0.494,0.591,0.58
"2018-06-13 18:30:00",1643,0.488,0.458,"NAN",0.41,0.506,0.484,0.592,0.585
"2018-06-13 19:00:00",1644,0.503,0.463,"NAN",0.416,0.514,0.495,0.597,0.599
"2018-06-13 19:30:00",1645,0.525,0.472,"NAN",0.43,0.533,0.513,0.602,0.611
"2018-06-13 20:00:00",1646,0.547,0.481,"NAN",0.444,0.558,0.531,0.609,0.622
"2018-06-13 20:30:00",1647,0.56,0.487,"NAN",0.452,0.574,0.543,0.614,0.63
"2018-06-13 21:00:00",1648,0.566,0.49,"NAN",0.455,0.583,0.547,0.616,0.634
"2018-06-13 21:30:00",1649,0.569,0.491,"NAN",0.457,0.588,0.55,0.618,0.637
"2018-06-13 22:00:00",1650,0.571,0.492,"NAN",0.458,0.591,0.551,0.618,0.639
"2018-06-13 22:30:00",1651,0.572,0.492,"NAN",0.458,0.592,0.551,0.618,0.64
"2018-06-13 23:00:00",1652,0.573,0.492,"NAN",0.458,0.593,0.551,0.618,0.64
"2018-06-13 23:30:00",1653,0.573,0.491,"NAN",0.458,0.594,0.551,0.617,0.641
"2018-06-14 00:00:00",1654,0.573,0.491,"NAN",0.459,0.595,0.549,0.614,0.64
"2018-06-14 00:30:00",1655,0.574,0.491,"NAN",0.458,0.595,0.545,0.611,0.64
"2018-06-14 01:00:00",1656,0.574,0.49,"NAN",0.458,0.595,0.534,0.612,0.641
"2018-06-14 01:30:00",1657,0.574,0.49,"NAN",0.457,0.595,0.527,0.613,0.641
"2018-06-14 02:00:00",1658,0.574,0.489,"NAN",0.457,0.596,0.52,0.613,0.641
"2018-06-14 02:30:00",1659,0.574,0.489,"NAN",0.456,0.596,0.513,0.613,0.642
"2018-06-14 03:00:00",1660,0.573,0.488,"NAN",0.455,0.595,0.508,0.614,0.642
"2018-06-14 03:30:00",1661,0.573,0.488,"NAN",0.454,0.596,0.505,0.615,0.642
"2018-06-14 04:00:00",1662,0.573,0.487,"NAN",0.454,0.596,0.502,0.616,0.643
"2018-06-14 04:30:00",1663,0.572,0.487,"NAN",0.453,0.596,0.497,0.616,0.644
"2018-06-14 05:00:00",1664,0.572,0.487,"NAN",0.452,0.596,0.495,0.618,0.645
"2018-06-14 05:30:00",1665,0.572,0.486,"NAN",0.45,0.595,0.494,0.621,0.646
"2018-06-14 06:00:00",1666,0.572,0.486,"NAN",0.449,0.595,0.494,0.622,0.646
"2018-06-14 06:30:00",1667,0.567,0.483,"NAN",0.444,0.588,0.491,0.622,0.646
"2018-06-14 07:00:00",1668,0.543,0.474,"NAN",0.428,0.561,0.475,0.621,0.644
"2018-06-14 07:30:00",1669,0.499,0.451,"NAN",0.402,0.528,0.439,0.62,0.638
"2018-06-14 08:00:00",1670,0.465,0.427,"NAN",0.377,0.503,0.411,0.619,0.63
"2018-06-14 08:30:00",1671,0.454,0.418,"NAN",0.368,0.494,0.405,0.614,0.618
"2018-06-14 09:00:00",1672,0.45,0.417,"NAN",0.366,0.493,0.403,0.606,0.6
"2018-06-14 09:30:00",1673,0.447,0.414,"NAN",0.363,0.488,0.425,0.595,0.58
"2018-06-14 10:00:00",1674,0.444,0.41,"NAN",0.361,0.485,0.432,0.58,0.556
"2018-06-14 10:30:00",1675,0.444,0.411,"NAN",0.365,0.483,0.434,0.565,0.537
"2018-06-14 11:00:00",1676,0.447,0.417,"NAN",0.373,0.485,0.44,0.555,0.528
"2018-06-14 11:30:00",1677,0.445,0.419,"NAN",0.376,0.483,0.441,0.546,0.517
"2018-06-14 12:00:00",1678,0.444,0.422,"NAN",0.377,0.482,0.441,0.536,0.508
"2018-06-14 12:30:00",1679,0.441,0.425,"NAN",0.378,0.478,0.441,0.527,0.5
"2018-06-14 13:00:00",1680,0.439,0.426,"NAN",0.378,0.478,0.442,0.519,0.497
"2018-06-14 13:30:00",1681,0.439,0.427,"NAN",0.379,0.478,0.442,0.515,0.498
"2018-06-14 14:00:00",1682,0.439,0.428,"NAN",0.38,0.478,0.444,0.514,0.5
"2018-06-14 14:30:00",1683,0.439,0.429,"NAN",0.381,0.481,0.444,0.511,0.504
"2018-06-14 15:00:00",1684,0.44,0.43,"NAN",0.382,0.482,0.446,0.512,0.508
"2018-06-14 15:30:00",1685,0.441,0.43,"NAN",0.383,0.483,0.447,0.517,0.51
"2018-06-14 16:00:00",1686,0.442,0.432,"NAN",0.386,0.484,0.45,0.52,0.511
"2018-06-14 16:30:00",1687,0.444,0.433,"NAN",0.389,0.486,0.453,0.524,0.511
"2018-06-14 17:00:00",1688,0.447,0.436,"NAN",0.393,0.488,0.457,0.528,0.513
"2018-06-14 17:30:00",1689,0.451,0.439,"NAN",0.396,0.49,0.462,0.534,0.52
"2018-06-14 18:00:00",1690,0.457,0.443,"NAN",0.402,0.493,0.468,0.541,0.534
"2018-06-14 18:30:00",1691,0.469,0.45,"NAN",0.409,0.497,0.476,0.548,0.557
"2018-06-14 19:00:00",1692,0.482,0.458,"NAN",0.418,0.502,0.483,0.56,0.578
"2018-06-14 19:30:00",1693,0.502,0.47,"NAN",0.43,0.517,0.498,0.574,0.594
"2018-06-14 20:00:00",1694,0.519,0.478,"NAN",0.441,0.531,0.512,0.583,0.606
"2018-06-14 20:30:00",1695,0.538,0.483,"NAN",0.452,0.551,0.532,0.59,0.618
"2018-06-14 21:00:00",1696,0.552,0.486,"NAN",0.458,0.57,0.547,0.596,0.625
"2018-06-14 21:30:00",1697,0.559,0.489,"NAN",0.46,0.581,0.556,0.6,0.631
"2018-06-14 22:00:00",1698,0.563,0.491,"NAN",0.46,0.586,0.559,0.603,0.635
"2018-06-14 22:30:00",1699,0.566,0.492,"NAN",0.459,0.589,0.561,0.605,0.638
"2018-06-14 23:00:00",1700,0.568,0.493,"NAN",0.458,0.591,0.563,0.607,0.641
"2018-06-14 23:30:00",1701,0.569,0.494,"NAN",0.457,0.593,0.563,0.613,0.644
"2018-06-15 00:00:00",1702,0.571,0.494,"NAN",0.458,0.595,0.538,0.614,0.647
"2018-06-15 00:30:00",1703,0.572,0.494,"NAN",0.458,0.595,0.524,0.615,0.648
"2018-06-15 01:00:00",1704,0.572,0.495,"NAN",0.458,0.595,0.522,0.616,0.649
"2018-06-15 01:30:00",1705,0.574,0.495,"NAN",0.46,0.596,0.521,0.614,0.65
"2018-06-15 02:00:00",1706,0.574,0.495,"NAN",0.459,0.594,0.519,0.617,0.65
"2018-06-15 02:30:00",1707,0.574,0.495,"NAN",0.458,0.595,0.518,0.618,0.65
"2018-06-15 03:00:00",1708,0.574,0.494,"NAN",0.458,0.595,0.516,0.616,0.65
"2018-06-15 03:30:00",1709,0.574,0.494,"NAN",0.458,0.596,0.515,0.617,0.651
"2018-06-15 04:00:00",1710,0.574,0.494,"NAN",0.458,0.596,0.514,0.615,0.651
"2018-06-15 04:30:00",1711,0.574,0.493,"NAN",0.457,0.595,0.513,0.614,0.651
"2018-06-15 05:00:00",1712,0.573,0.493,"NAN",0.462,0.595,0.511,0.615,0.651
"2018-06-15 05:30:00",1713,0.572,0.492,"NAN",0.462,0.594,0.508,0.615,0.652
"2018-06-15 06:00:00",1714,0.571,0.491,"NAN",0.459,0.592,0.506,0.616,0.652
"2018-06-15 06:30:00",1715,0.556,0.489,"NAN",0.449,0.57,0.493,0.62,0.653
"2018-06-15 07:00:00",1716,0.516,0.476,"NAN",0.425,0.539,0.466,0.62,0.652
"2018-06-15 07:30:00",1717,0.493,0.458,"NAN",0.409,0.528,0.444,0.62,0.65
"2018-06-15 08:00:00",1718,0.48,0.444,"NAN",0.401,0.522,0.433,0.62,0.648
"2018-06-15 08:30:00",1719,0.465,0.433,"NAN",0.394,0.511,0.425,0.618,0.642
"2018-06-15 09:00:00",1720,0.456,0.425,"NAN",0.383,0.499,0.415,0.615,0.633
"2018-06-15 09:30:00",1721,0.452,0.42,"NAN",0.379,0.495,0.41,0.608,0.616
"2018-06-15 10:00:00",1722,0.447,0.415,"NAN",0.375,0.49,0.407,0.6,0.595
"2018-06-15 10:30:00",1723,0.445,0.412,"NAN",0.375,0.487,0.408,0.588,0.572
"2018-06-15 11:00:00",1724,0.443,0.41,"NAN",0.376,0.485,0.421,0.572,0.548
"2018-06-15 11:30:00",1725,0.44,0.408,"NAN",0.375,0.482,0.43,0.554,0.525
"2018-06-15 12:00:00",1726,0.441,0.411,"NAN",0.377,0.481,0.434,0.538,0.512
"2018-06-15 12:30:00",1727,0.442,0.413,"NAN",0.378,0.48,0.436,0.528,0.505
"2018-06-15 13:00:00",1728,0.444,0.416,"NAN",0.381,0.481,0.437,0.524,0.503
"2018-06-15 13:30:00",1729,0.444,0.417,"NAN",0.382,0.481,0.439,0.522,0.502
"2018-06-15 14:00:00",1730,0.443,0.418,"NAN",0.381,0.48,0.439,0.519,0.506
"2018-06-15 14:30:00",1731,0.445,0.42,"NAN",0.383,0.481,0.442,0.516,0.513
"2018-06-15 15:00:00",1732,0.446,0.422,"NAN",0.385,0.481,0.443,0.517,0.519
"2018-06-15 15:30:00",1733,0.45,0.427,"NAN",0.389,0.485,0.448,0.523,0.525
"2018-06-15 16:00:00",1734,0.455,0.433,"NAN",0.395,0.488,0.455,0.532,0.531
"2018-06-15 16:30:00",1735,0.455,0.434,"NAN",0.395,0.486,0.455,0.535,0.528
"2018-06-15 17:00:00",1736,0.463,0.44,"NAN",0.402,0.491,0.463,0.544,0.538
"2018-06-15 17:30:00",1737,0.456,0.438,"NAN",0.4,0.488,0.459,0.546,0.534
"2018-06-15 18:00:00",1738,0.463,0.442,"NAN",0.404,0.49,0.464,0.55,0.545
"2018-06-15 18:30:00",1739,0.473,0.449,"NAN",0.414,0.497,0.474,0.555,0.566
"2018-06-15 19:00:00",1740,0.489,0.46,"NAN",0.426,0.508,0.49,0.564,0.59
"2018-06-15 19:30:00",1741,0.499,0.466,"NAN",0.435,0.517,0.502,0.579,0.608
"2018-06-15 20:00:00",1742,0.514,0.473,"NAN",0.443,0.526,0.512,0.59,0.62
"2018-06-15 20:30:00",1743,0.534,0.482,"NAN",0.454,0.546,0.529,0.595,0.629
"2018-06-15 21:00:00",1744,0.551,0.49,"NAN",0.465,0.567,0.546,0.602,0.635
"2018-06-15 21:30:00",1745,0.559,0.496,"NAN",0.471,0.579,0.555,0.607,0.64
"2018-06-15 22:00:00",1746,0.564,0.498,"NAN",0.472,0.585,0.56,0.609,0.644
"2018-06-15 22:30:00",1747,0.567,0.5,"NAN",0.471,0.587,0.556,0.611,0.647
"2018-06-15 23:00:00",1748,0.569,0.5,"NAN",0.471,0.589,0.527,0.614,0.649
"2018-06-15 23:30:00",1749,0.57,0.501,"NAN",0.471,0.59,0.52,0.615,0.651
"2018-06-16 00:00:00",1750,0.571,0.5,"NAN",0.47,0.591,0.518,0.615,0.652
"2018-06-16 00:30:00",1751,0.572,0.5,"NAN",0.47,0.593,0.517,0.616,0.654
"2018-06-16 01:00:00",1752,0.572,0.5,"NAN",0.469,0.593,0.516,0.617,0.655
"2018-06-16 01:30:00",1753,0.573,0.499,"NAN",0.468,0.594,0.515,0.618,0.655
"2018-06-16 02:00:00",1754,0.573,0.498,"NAN",0.468,0.594,0.514,0.62,0.656
"2018-06-16 02:30:00",1755,0.574,0.498,"NAN",0.468,0.594,0.512,0.621,0.657
"2018-06-16 03:00:00",1756,0.574,0.497,"NAN",0.469,0.595,0.509,0.621,0.658
"2018-06-16 03:30:00",1757,0.574,0.496,"NAN",0.47,0.595,0.506,0.622,0.658
"2018-06-16 04:00:00",1758,0.574,0.495,"NAN",0.469,0.595,0.504,0.62,0.658
"2018-06-16 04:30:00",1759,0.574,0.494,"NAN",0.467,0.595,0.503,0.621,0.659
"2018-06-16 05:00:00",1760,0.573,0.494,"NAN",0.465,0.595,0.501,0.623,0.659
"2018-06-16 05:30:00",1761,0.573,0.492,"NAN",0.465,0.595,0.5,0.623,0.659
"2018-06-16 06:00:00",1762,0.573,0.492,"NAN",0.464,0.594,0.499,0.623,0.659
"2018-06-16 06:30:00",1763,0.572,0.491,"NAN",0.463,0.594,0.498,0.622,0.659
"2018-06-16 07:00:00",1764,0.567,0.49,"NAN",0.461,0.592,0.497,0.623,0.659
"2018-06-16 07:30:00",1765,0.542,0.483,"NAN",0.45,0.577,0.49,0.623,0.659
"2018-06-16 08:00:00",1766,0.505,0.465,"NAN",0.423,0.545,0.46,0.62,0.657
"2018-06-16 08:30:00",1767,0.481,0.447,"NAN",0.403,0.524,0.428,0.619,0.655
"2018-06-16 09:00:00",1768,0.468,0.436,"NAN",0.391,0.514,0.416,0.614,0.651
"2018-06-16 09:30:00",1769,0.457,0.426,"NAN",0.38,0.503,0.406,0.611,0.644
"2018-06-16 10:00:00",1770,0.449,0.417,"NAN",0.368,0.492,0.397,0.604,0.625
"2018-06-16 10:30:00",1771,0.443,0.411,"NAN",0.359,0.483,0.389,0.596,0.593
"2018-06-16 11:00:00",1772,0.441,0.41,"NAN",0.358,0.48,0.386,0.584,0.558
"2018-06-16 11:30:00",1773,0.442,0.41,"NAN",0.359,0.478,0.386,0.562,0.529
"2018-06-16 12:00:00",1774,0.441,0.411,"NAN",0.36,0.476,0.387,0.539,0.51
"2018-06-16 12:30:00",1775,0.438,0.411,"NAN",0.362,0.473,0.386,0.523,0.5
"2018-06-16 13:00:00",1776,0.439,0.414,"NAN",0.367,0.474,0.388,0.513,0.496
"2018-06-16 13:30:00",1777,0.439,0.417,"NAN",0.369,0.472,0.396,0.508,0.497
"2018-06-16 14:00:00",1778,0.439,0.421,"NAN",0.371,0.472,0.406,0.507,0.502
"2018-06-16 14:30:00",1779,0.441,0.423,"NAN",0.373,0.473,0.417,0.508,0.507
"2018-06-16 15:00:00",1780,0.442,0.425,"NAN",0.375,0.474,0.424,0.508,0.514
"2018-06-16 15:30:00",1781,0.442,0.426,"NAN",0.378,0.475,0.428,0.511,0.517
"2018-06-16 16:00:00",1782,0.445,0.428,"NAN",0.381,0.477,0.431,0.515,0.519
"2018-06-16 16:30:00",1783,0.447,0.431,"NAN",0.385,0.479,0.435,0.52,0.521
"2018-06-16 17:00:00",1784,0.452,0.434,"NAN",0.389,0.482,0.438,0.526,0.526
"2018-06-16 17:30:00",1785,0.458,0.438,"NAN",0.396,0.487,0.445,0.534,0.534
"2018-06-16 18:00:00",1786,0.466,0.444,"NAN",0.403,0.492,0.453,0.543,0.549
"2018-06-16 18:30:00",1787,0.479,0.452,"NAN",0.414,0.501,0.467,0.552,0.573
"2018-06-16 19:00:00",1788,0.491,0.457,"NAN",0.424,0.511,0.479,0.564,0.594
"2018-06-16 19:30:00",1789,0.507,0.463,"NAN",0.433,0.522,0.491,0.576,0.61
"2018-06-16 20:00:00",1790,0.524,0.471,"NAN",0.444,0.538,0.507,0.584,0.622
"2018-06-16 20:30:00",1791,0.54,0.479,"NAN",0.453,0.556,0.521,0.589,0.631
"2018-06-16 21:00:00",1792,0.554,0.487,"NAN",0.458,0.573,0.533,0.593,0.636
"2018-06-16 21:30:00",1793,0.56,0.491,"NAN",0.461,0.584,0.539,0.594,0.639
"2018-06-16 22:00:00",1794,0.564,0.493,"NAN",0.463,0.589,0.541,0.594,0.642
"2018-06-16 22:30:00",1795,0.566,0.494,"NAN",0.463,0.591,0.537,0.594,0.643
"2018-06-16 23:00:00",1796,0.567,0.494,"NAN",0.463,0.592,0.526,0.594,0.645
"2018-06-16 23:30:00",1797,0.567,0.494,"NAN",0.463,0.593,0.519,0.594,0.646
"2018-06-17 00:00:00",1798,0.568,0.493,"NAN",0.463,0.594,0.513,0.596,0.647
"2018-06-17 00:30:00",1799,0.569,0.493,"NAN",0.462,0.594,0.508,0.599,0.648
"2018-06-17 01:00:00",1800,0.569,0.492,"NAN",0.462,0.595,0.506,0.601,0.649
"2018-06-17 01:30:00",1801,0.57,0.491,"NAN",0.462,0.595,0.504,0.602,0.65
"2018-06-17 02:00:00",1802,0.57,0.491,"NAN",0.462,0.595,0.503,0.602,0.651
"2018-06-17 02:30:00",1803,0.57,0.49,"NAN",0.461,0.596,0.501,0.6,0.651
"2018-06-17 03:00:00",1804,0.57,0.489,"NAN",0.46,0.596,0.5,0.602,0.651
"2018-06-17 03:30:00",1805,0.57,0.488,"NAN",0.459,0.596,0.499,0.602,0.652
"2018-06-17 04:00:00",1806,0.569,0.487,"NAN",0.459,0.595,0.498,0.602,0.652
"2018-06-17 04:30:00",1807,0.569,0.486,"NAN",0.458,0.595,0.497,0.603,0.652
"2018-06-17 05:00:00",1808,0.569,0.485,"NAN",0.458,0.595,0.496,0.604,0.653
"2018-06-17 05:30:00",1809,0.568,0.483,"NAN",0.458,0.595,0.495,0.603,0.653
"2018-06-17 06:00:00",1810,0.568,0.483,"NAN",0.458,0.594,0.494,0.603,0.653
"2018-06-17 06:30:00",1811,0.567,0.482,"NAN",0.458,0.594,0.493,0.603,0.653
"2018-06-17 07:00:00",1812,0.564,0.481,"NAN",0.455,0.591,0.492,0.603,0.653
"2018-06-17 07:30:00",1813,0.559,0.48,"NAN",0.453,0.588,0.491,0.602,0.652
"2018-06-17 08:00:00",1814,0.534,0.473,"NAN",0.443,0.572,0.48,0.602,0.652
"2018-06-17 08:30:00",1815,0.498,0.455,"NAN",0.419,0.543,0.449,0.6,0.65
"2018-06-17 09:00:00",1816,0.476,0.436,"NAN",0.398,0.522,0.422,0.598,0.645
"2018-06-17 09:30:00",1817,0.457,0.42,"NAN",0.379,0.504,0.404,0.595,0.634
"2018-06-17 10:00:00",1818,0.449,0.41,"NAN",0.367,0.493,0.395,0.591,0.611
"2018-06-17 10:30:00",1819,0.459,0.413,"NAN",0.369,0.499,0.403,0.584,0.585
"2018-06-17 11:00:00",1820,0.443,0.405,"NAN",0.359,0.484,0.391,0.574,0.558
"2018-06-17 11:30:00",1821,0.438,0.4,"NAN",0.353,0.476,0.387,0.552,0.527
"2018-06-17 12:00:00",1822,0.435,0.401,"NAN",0.349,0.472,0.39,0.532,0.507
"2018-06-17 12:30:00",1823,0.434,0.405,"NAN",0.349,0.471,0.396,0.513,0.497
"2018-06-17 13:00:00",1824,0.433,0.41,"NAN",0.349,0.471,0.401,0.502,0.494
"2018-06-17 13:30:00",1825,0.433,0.415,"NAN",0.353,0.471,0.409,0.496,0.494
"2018-06-17 14:00:00",1826,0.435,0.417,"NAN",0.358,0.473,0.415,0.493,0.496
"2018-06-17 14:30:00",1827,0.435,0.419,"NAN",0.361,0.473,0.42,0.492,0.5
"2018-06-17 15:00:00",1828,0.436,0.42,"NAN",0.364,0.474,0.423,0.492,0.504
"2018-06-17 15:30:00",1829,0.436,0.421,"NAN",0.367,0.475,0.425,0.493,0.507
"2018-06-17 16:00:00",1830,0.439,0.423,"NAN",0.373,0.476,0.428,0.498,0.509
"2018-06-17 16:30:00",1831,0.44,0.424,"NAN",0.376,0.477,0.43,0.501,0.51
"2018-06-17 17:00:00",1832,0.443,0.427,"NAN",0.381,0.479,0.435,0.508,0.514
"2018-06-17 17:30:00",1833,0.452,0.432,"NAN",0.389,0.484,0.442,0.517,0.527
"2018-06-17 18:00:00",1834,0.462,0.438,"NAN",0.396,0.49,0.449,0.528,0.541
"2018-06-17 18:30:00",1835,0.476,0.447,"NAN",0.407,0.499,0.462,0.541,0.564
"2018-06-17 19:00:00",1836,0.49,0.453,"NAN",0.417,0.51,0.475,0.554,0.587
"2018-06-17 19:30:00",1837,0.504,0.455,"NAN",0.426,0.523,0.487,0.563,0.604
"2018-06-17 20:00:00",1838,0.523,0.463,"NAN",0.437,0.54,0.504,0.574,0.618
"2018-06-17 20:30:00",1839,0.54,0.472,"NAN",0.445,0.556,0.517,0.581,0.628
"2018-06-17 21:00:00",1840,0.552,0.478,"NAN",0.451,0.574,0.526,0.585,0.633
"2018-06-17 21:30:00",1841,0.557,0.482,"NAN",0.454,0.584,0.531,0.588,0.637
"2018-06-17 22:00:00",1842,0.561,0.485,"NAN",0.455,0.589,0.525,0.591,0.64
"2018-06-17 22:30:00",1843,0.563,0.486,"NAN",0.456,0.592,0.519,0.592,0.642
"2018-06-17 23:00:00",1844,0.564,0.486,"NAN",0.457,0.595,0.517,0.594,0.644
"2018-06-17 23:30:00",1845,0.565,0.486,"NAN",0.458,0.597,0.513,0.596,0.645
"2018-06-18 00:00:00",1846,0.565,0.486,"NAN",0.458,0.598,0.509,0.597,0.646
"2018-06-18 00:30:00",1847,0.565,0.485,"NAN",0.458,0.598,0.504,0.597,0.646
"2018-06-18 01:00:00",1848,0.565,0.485,"NAN",0.458,0.599,0.5,0.598,0.647
"2018-06-18 01:30:00",1849,0.565,0.484,"NAN",0.458,0.598,0.497,0.597,0.647
"2018-06-18 02:00:00",1850,0.564,0.483,"NAN",0.457,0.598,0.494,0.596,0.648
"2018-06-18 02:30:00",1851,0.563,0.482,"NAN",0.457,0.598,0.492,0.595,0.648
"2018-06-18 03:00:00",1852,0.563,0.481,"NAN",0.456,0.597,0.49,0.597,0.649
"2018-06-18 03:30:00",1853,0.562,0.48,"NAN",0.455,0.597,0.489,0.598,0.649
"2018-06-18 04:00:00",1854,0.562,0.479,"NAN",0.454,0.597,0.488,0.598,0.65
"2018-06-18 04:30:00",1855,0.562,0.478,"NAN",0.454,0.597,0.487,0.599,0.65
"2018-06-18 05:00:00",1856,0.561,0.477,"NAN",0.454,0.596,0.486,0.599,0.651
"2018-06-18 05:30:00",1857,0.56,0.476,"NAN",0.454,0.596,0.485,0.598,0.651
"2018-06-18 06:00:00",1858,0.559,0.475,"NAN",0.453,0.596,0.484,0.598,0.651
"2018-06-18 06:30:00",1859,0.558,0.475,"NAN",0.453,0.595,0.483,0.598,0.651
"2018-06-18 07:00:00",1860,0.558,0.474,"NAN",0.452,0.595,0.482,0.599,0.651
"2018-06-18 07:30:00",1861,0.557,0.474,"NAN",0.452,0.596,0.482,0.599,0.651
"2018-06-18 08:00:00",1862,0.538,0.473,"NAN",0.45,0.591,0.48,0.599,0.651
"2018-06-18 08:30:00",1863,0.507,0.464,"NAN",0.437,0.57,0.466,0.596,0.65
"2018-06-18 09:00:00",1864,0.473,0.44,"NAN",0.407,0.534,0.427,0.592,0.646
"2018-06-18 09:30:00",1865,0.45,0.415,"NAN",0.378,0.508,0.395,0.589,0.636
"2018-06-18 10:00:00",1866,0.439,0.404,"NAN",0.364,0.496,0.383,0.586,0.616
"2018-06-18 10:30:00",1867,0.432,0.397,"NAN",0.354,0.486,0.378,0.58,0.586
"2018-06-18 11:00:00",1868,0.428,0.393,"NAN",0.347,0.479,0.376,0.565,0.549
"2018-06-18 11:30:00",1869,0.43,0.395,"NAN",0.346,0.478,0.379,0.541,0.52
"2018-06-18 12:00:00",1870,0.439,0.402,"NAN",0.354,0.484,0.388,0.527,0.511
"2018-06-18 12:30:00",1871,0.437,0.403,"NAN",0.352,0.481,0.39,0.515,0.501
"2018-06-18 13:00:00",1872,0.434,0.401,"NAN",0.349,0.477,0.39,0.504,0.494
"2018-06-18 13:30:00",1873,0.436,0.406,"NAN",0.352,0.479,0.398,0.502,0.496
"2018-06-18 14:00:00",1874,0.435,0.408,"NAN",0.351,0.476,0.405,0.499,0.496
"2018-06-18 14:30:00",1875,0.437,0.414,"NAN",0.354,0.476,0.413,0.499,0.503
"2018-06-18 15:00:00",1876,0.437,0.417,"NAN",0.357,0.477,0.417,0.502,0.509
"2018-06-18 15:30:00",1877,0.438,0.418,"NAN",0.36,0.477,0.419,0.504,0.511
"2018-06-18 16:00:00",1878,0.442,0.422,"NAN",0.366,0.481,0.424,0.51,0.516
"2018-06-18 16:30:00",1879,0.447,0.425,"NAN",0.372,0.484,0.427,0.519,0.52
"2018-06-18 17:00:00",1880,0.452,0.428,"NAN",0.377,0.487,0.43,0.526,0.524
"2018-06-18 17:30:00",1881,0.463,0.434,"NAN",0.387,0.494,0.44,0.535,0.536
"2018-06-18 18:00:00",1882,0.484,0.444,"NAN",0.405,0.512,0.459,0.546,0.557
"2018-06-18 18:30:00",1883,0.514,0.456,"NAN",0.428,0.534,0.485,0.561,0.586
"2018-06-18 19:00:00",1884,0.515,0.453,"NAN",0.428,0.531,0.485,0.568,0.6
"2018-06-18 19:30:00",1885,0.507,0.449,"NAN",0.42,0.53,0.479,0.576,0.611
"2018-06-18 20:00:00",1886,0.526,0.46,"NAN",0.434,0.549,0.494,0.582,0.624
"2018-06-18 20:30:00",1887,0.545,0.471,"NAN",0.448,0.568,0.51,0.585,0.632
"2018-06-18 21:00:00",1888,0.552,0.477,"NAN",0.453,0.58,0.514,0.589,0.637
"2018-06-18 21:30:00",1889,0.556,0.48,"NAN",0.455,0.588,0.506,0.591,0.64
"2018-06-18 22:00:00",1890,0.558,0.481,"NAN",0.456,0.592,0.5,0.591,0.642
"2018-06-18 22:30:00",1891,0.559,0.482,"NAN",0.457,0.595,0.501,0.593,0.643
"2018-06-18 23:00:00",1892,0.56,0.482,"NAN",0.457,0.597,0.499,0.592,0.644
"2018-06-18 23:30:00",1893,0.561,0.481,"NAN",0.457,0.597,0.498,0.592,0.645
"2018-06-19 00:00:00",1894,0.561,0.481,"NAN",0.457,0.598,0.496,0.593,0.645
"2018-06-19 00:30:00",1895,0.561,0.48,"NAN",0.456,0.599,0.494,0.594,0.646
"2018-06-19 01:00:00",1896,0.561,0.48,"NAN",0.455,0.6,0.493,0.594,0.646
"2018-06-19 01:30:00",1897,0.561,0.478,"NAN",0.454,0.6,0.49,0.592,0.645
"2018-06-19 02:00:00",1898,0.561,0.478,"NAN",0.453,0.6,0.489,0.593,0.646
"2018-06-19 02:30:00",1899,0.561,0.478,"NAN",0.452,0.6,0.488,0.593,0.645
"2018-06-19 03:00:00",1900,0.561,0.477,"NAN",0.451,0.6,0.488,0.592,0.646
"2018-06-19 03:30:00",1901,0.561,0.477,"NAN",0.451,0.599,0.487,0.591,0.644
"2018-06-19 04:00:00",1902,0.56,0.477,"NAN",0.45,0.599,0.486,0.592,0.644
"2018-06-19 04:30:00",1903,0.56,0.476,"NAN",0.449,0.6,0.484,0.591,0.644
"2018-06-19 05:00:00",1904,0.559,0.476,"NAN",0.448,0.6,0.484,0.593,0.646
"2018-06-19 05:30:00",1905,0.559,0.476,"NAN",0.448,0.6,0.482,0.595,0.646
"2018-06-19 06:00:00",1906,0.558,0.476,"NAN",0.447,0.599,0.482,0.594,0.647
"2018-06-19 06:30:00",1907,0.556,0.475,"NAN",0.445,0.594,0.48,0.595,0.647
"2018-06-19 07:00:00",1908,0.548,0.47,"NAN",0.438,0.579,0.472,0.595,0.646
"2018-06-19 07:30:00",1909,0.538,0.464,"NAN",0.431,0.572,0.464,0.595,0.645
"2018-06-19 08:00:00",1910,0.528,0.458,"NAN",0.425,0.566,0.455,0.595,0.643
"2018-06-19 08:30:00",1911,0.513,0.451,"NAN",0.417,0.557,0.442,0.594,0.639
"2018-06-19 09:00:00",1912,0.49,0.44,"NAN",0.406,0.542,0.425,0.592,0.635
"2018-06-19 09:30:00",1913,0.455,0.417,"NAN",0.378,0.514,0.393,0.587,0.622
"2018-06-19 10:00:00",1914,0.433,0.398,"NAN",0.356,0.491,0.373,0.578,0.593
"2018-06-19 10:30:00",1915,0.428,0.391,"NAN",0.347,0.484,0.37,0.565,0.559
"2018-06-19 11:00:00",1916,0.425,0.39,"NAN",0.343,0.48,0.37,0.542,0.528
"2018-06-19 11:30:00",1917,0.427,0.394,"NAN",0.344,0.479,0.374,0.52,0.513
"2018-06-19 12:00:00",1918,0.435,0.401,"NAN",0.35,0.484,0.382,0.514,0.517
"2018-06-19 12:30:00",1919,0.438,0.405,"NAN",0.353,0.484,0.387,0.513,0.515
"2018-06-19 13:00:00",1920,0.433,0.404,"NAN",0.349,0.479,0.389,0.505,0.504
"2018-06-19 13:30:00",1921,0.433,0.405,"NAN",0.35,0.48,0.395,0.498,0.497
"2018-06-19 14:00:00",1922,0.476,0.43,"NAN",0.385,0.52,0.431,0.512,0.53
"2018-06-19 14:30:00",1923,0.521,0.45,"NAN",0.42,0.563,0.454,0.486,0.503
"2018-06-19 15:00:00",1924,0.521,0.445,"NAN",0.414,0.56,0.456,0.514,0.554
"2018-06-19 15:30:00",1925,0.533,0.45,"NAN",0.419,0.578,0.465,0.543,0.589
"2018-06-19 16:00:00",1926,0.542,0.454,"NAN",0.428,0.587,0.471,0.548,0.599
"2018-06-19 16:30:00",1927,0.549,0.457,"NAN",0.437,0.594,0.474,0.553,0.606
"2018-06-19 17:00:00",1928,0.553,0.458,"NAN",0.441,0.597,0.473,0.558,0.61
"2018-06-19 17:30:00",1929,0.552,0.458,"NAN",0.441,0.594,0.47,0.56,0.612
"2018-06-19 18:00:00",1930,0.55,0.459,"NAN",0.439,0.592,0.47,0.559,0.613
"2018-06-19 18:30:00",1931,0.548,0.459,"NAN",0.435,0.587,0.468,0.56,0.614
"2018-06-19 19:00:00",1932,0.547,0.46,"NAN",0.434,0.586,0.467,0.555,0.615
"2018-06-19 19:30:00",1933,0.545,0.459,"NAN",0.433,0.583,0.465,0.554,0.614
"2018-06-19 20:00:00",1934,0.543,0.458,"NAN",0.431,0.583,0.464,0.555,0.615
"2018-06-19 20:30:00",1935,0.547,0.46,"NAN",0.435,0.591,0.467,0.552,0.615
"2018-06-19 21:00:00",1936,0.551,0.462,"NAN",0.439,0.597,0.468,0.553,0.615
"2018-06-19 21:30:00",1937,0.552,0.462,"NAN",0.44,0.599,0.468,0.553,0.615
"2018-06-19 22:00:00",1938,0.552,0.462,"NAN",0.441,0.599,0.468,0.553,0.616
"2018-06-19 22:30:00",1939,0.553,0.462,"NAN",0.441,0.6,0.468,0.554,0.617
"2018-06-19 23:00:00",1940,0.552,0.462,"NAN",0.441,0.6,0.468,0.555,0.617
"2018-06-19 23:30:00",1941,0.552,0.462,"NAN",0.441,0.601,0.469,0.556,0.618
"2018-06-20 00:00:00",1942,0.552,0.462,"NAN",0.441,0.601,0.47,0.556,0.619
"2018-06-20 00:30:00",1943,0.553,0.462,"NAN",0.44,0.602,0.471,0.557,0.62
"2018-06-20 01:00:00",1944,0.554,0.463,"NAN",0.44,0.602,0.471,0.554,0.622
"2018-06-20 01:30:00",1945,0.555,0.463,"NAN",0.44,0.603,0.472,0.557,0.624
"2018-06-20 02:00:00",1946,0.555,0.463,"NAN",0.44,0.603,0.473,0.561,0.626
"2018-06-20 02:30:00",1947,0.555,0.463,"NAN",0.44,0.603,0.474,0.559,0.628
"2018-06-20 03:00:00",1948,0.555,0.463,"NAN",0.44,0.603,0.475,0.562,0.63
"2018-06-20 03:30:00",1949,0.555,0.463,"NAN",0.439,0.604,0.475,0.563,0.632
"2018-06-20 04:00:00",1950,0.555,0.463,"NAN",0.439,0.603,0.476,0.563,0.633
"2018-06-20 04:30:00",1951,0.555,0.463,"NAN",0.439,0.603,0.476,0.561,0.635
"2018-06-20 05:00:00",1952,0.555,0.463,"NAN",0.439,0.603,0.476,0.564,0.637
"2018-06-20 05:30:00",1953,0.555,0.463,"NAN",0.439,0.603,0.474,0.565,0.638
"2018-06-20 06:00:00",1954,0.553,0.462,"NAN",0.439,0.601,0.472,0.561,0.64
"2018-06-20 06:30:00",1955,0.552,0.462,"NAN",0.438,0.6,0.471,0.562,0.642
"2018-06-20 07:00:00",1956,0.546,0.461,"NAN",0.435,0.594,0.468,0.565,0.643
"2018-06-20 07:30:00",1957,0.532,0.455,"NAN",0.426,0.581,0.458,0.563,0.643
"2018-06-20 08:00:00",1958,0.519,0.449,"NAN",0.418,0.573,0.449,0.566,0.643
"2018-06-20 08:30:00",1959,0.478,0.433,"NAN",0.4,0.547,0.424,0.567,0.643
"2018-06-20 09:00:00",1960,0.459,0.417,"NAN",0.383,0.529,0.405,0.565,0.639
"2018-06-20 09:30:00",1961,0.432,0.399,"NAN",0.36,0.505,0.384,0.56,0.622
"2018-06-20 10:00:00",1962,0.432,0.399,"NAN",0.358,0.505,0.389,0.553,0.605
"2018-06-20 10:30:00",1963,0.422,0.392,"NAN",0.351,0.496,0.381,0.551,0.589
"2018-06-20 11:00:00",1964,0.42,0.389,"NAN",0.347,0.493,0.379,0.544,0.564
"2018-06-20 11:30:00",1965,0.422,0.391,"NAN",0.347,0.494,0.38,0.531,0.542
"2018-06-20 12:00:00",1966,0.422,0.393,"NAN",0.346,0.494,0.381,0.52,0.53
"2018-06-20 12:30:00",1967,0.423,0.393,"NAN",0.346,0.494,0.383,0.512,0.526
"2018-06-20 13:00:00",1968,0.433,0.401,"NAN",0.354,0.503,0.392,0.515,0.537
"2018-06-20 13:30:00",1969,0.419,0.393,"NAN",0.344,0.49,0.38,0.509,0.524
"2018-06-20 14:00:00",1970,0.415,0.389,"NAN",0.339,0.486,0.378,0.496,0.512
"2018-06-20 14:30:00",1971,0.42,0.395,"NAN",0.345,0.49,0.384,0.501,0.519
"2018-06-20 15:00:00",1972,0.421,0.395,"NAN",0.345,0.49,0.386,0.5,0.519
"2018-06-20 15:30:00",1973,0.431,0.402,"NAN",0.353,0.5,0.394,0.508,0.531
"2018-06-20 16:00:00",1974,0.428,0.4,"NAN",0.353,0.495,0.391,0.517,0.537
"2018-06-20 16:30:00",1975,0.441,0.408,"NAN",0.362,0.507,0.404,0.523,0.543
"2018-06-20 17:00:00",1976,0.457,0.42,"NAN",0.38,0.523,0.42,0.532,0.567
"2018-06-20 17:30:00",1977,0.482,0.433,"NAN",0.397,0.541,0.44,0.545,0.593
"2018-06-20 18:00:00",1978,0.514,0.452,"NAN",0.419,0.569,0.465,0.554,0.614
"2018-06-20 18:30:00",1979,0.532,0.461,"NAN",0.431,0.587,0.475,0.56,0.624
"2018-06-20 19:00:00",1980,0.537,0.464,"NAN",0.435,0.592,0.479,0.563,0.63
"2018-06-20 19:30:00",1981,0.54,0.466,"NAN",0.438,0.595,0.484,0.566,0.633
"2018-06-20 20:00:00",1982,0.542,0.466,"NAN",0.439,0.595,0.484,0.568,0.636
"2018-06-20 20:30:00",1983,0.545,0.467,"NAN",0.44,0.598,0.486,0.566,0.638
"2018-06-20 21:00:00",1984,0.547,0.468,"NAN",0.443,0.601,0.481,0.565,0.639
"2018-06-20 21:30:00",1985,0.547,0.467,"NAN",0.443,0.602,0.476,0.565,0.638
"2018-06-20 22:00:00",1986,0.547,0.466,"NAN",0.443,0.602,0.473,0.564,0.639
"2018-06-20 22:30:00",1987,0.546,0.466,"NAN",0.443,0.601,0.471,0.567,0.64
"2018-06-20 23:00:00",1988,0.546,0.466,"NAN",0.443,0.601,0.47,0.571,0.641
"2018-06-20 23:30:00",1989,0.546,0.465,"NAN",0.443,0.6,0.47,0.572,0.642
"2018-06-21 00:00:00",1990,0.545,0.464,"NAN",0.443,0.599,0.469,0.574,0.644
"2018-06-21 00:30:00",1991,0.545,0.463,"NAN",0.442,0.598,0.468,0.574,0.644
"2018-06-21 01:00:00",1992,0.544,0.463,"NAN",0.442,0.598,0.468,0.575,0.645
"2018-06-21 01:30:00",1993,0.543,0.463,"NAN",0.442,0.597,0.468,0.575,0.646
"2018-06-21 02:00:00",1994,0.543,0.462,"NAN",0.442,0.596,0.468,0.575,0.646
"2018-06-21 02:30:00",1995,0.543,0.462,"NAN",0.442,0.596,0.468,0.575,0.647
"2018-06-21 03:00:00",1996,0.542,0.462,"NAN",0.441,0.596,0.467,0.575,0.647
"2018-06-21 03:30:00",1997,0.542,0.462,"NAN",0.441,0.595,0.467,0.576,0.647
"2018-06-21 04:00:00",1998,0.541,0.462,"NAN",0.441,0.594,0.467,0.576,0.646
"2018-06-21 04:30:00",1999,0.541,0.462,"NAN",0.44,0.594,0.467,0.577,0.647
"2018-06-21 05:00:00",2000,0.541,0.462,"NAN",0.44,0.594,0.467,0.578,0.647
"2018-06-21 05:30:00",2001,0.54,0.462,"NAN",0.44,0.594,0.467,0.577,0.647
"2018-06-21 06:00:00",2002,0.54,0.462,"NAN",0.44,0.594,0.467,0.579,0.648
"2018-06-21 06:30:00",2003,0.539,0.461,"NAN",0.44,0.593,0.468,0.578,0.648
"2018-06-21 07:00:00",2004,0.539,0.461,"NAN",0.44,0.592,0.468,0.578,0.648
"2018-06-21 07:30:00",2005,0.538,0.461,"NAN",0.44,0.592,0.467,0.578,0.648
"2018-06-21 08:00:00",2006,0.538,0.462,"NAN",0.439,0.591,0.467,0.578,0.647
"2018-06-21 08:30:00",2007,0.539,0.462,"NAN",0.439,0.592,0.467,0.576,0.647
"2018-06-21 09:00:00",2008,0.537,0.463,"NAN",0.439,0.592,0.469,0.575,0.646
"2018-06-21 09:30:00",2009,0.508,0.453,"NAN",0.424,0.575,0.456,0.574,0.645
"2018-06-21 10:00:00",2010,0.466,0.43,"NAN",0.393,0.541,0.42,0.574,0.642
"2018-06-21 10:30:00",2011,0.454,0.415,"NAN",0.376,0.524,0.402,0.573,0.637
"2018-06-21 11:00:00",2012,0.447,0.408,"NAN",0.369,0.517,0.398,0.572,0.628
"2018-06-21 11:30:00",2013,0.44,0.401,"NAN",0.362,0.51,0.389,0.57,0.615
"2018-06-21 12:00:00",2014,0.432,0.394,"NAN",0.354,0.503,0.382,0.564,0.588
"2018-06-21 12:30:00",2015,0.427,0.391,"NAN",0.351,0.499,0.381,0.559,0.568
"2018-06-21 13:00:00",2016,0.436,0.397,"NAN",0.356,0.508,0.389,0.557,0.561
"2018-06-21 13:30:00",2017,0.439,0.4,"NAN",0.359,0.51,0.392,0.558,0.565
"2018-06-21 14:00:00",2018,0.433,0.396,"NAN",0.354,0.504,0.387,0.552,0.556
"2018-06-21 14:30:00",2019,0.442,0.404,"NAN",0.362,0.512,0.398,0.553,0.566
"2018-06-21 15:00:00",2020,0.436,0.401,"NAN",0.358,0.505,0.393,0.55,0.564
"2018-06-21 15:30:00",2021,0.424,0.392,"NAN",0.347,0.494,0.384,0.541,0.551
"2018-06-21 16:00:00",2022,0.422,0.391,"NAN",0.345,0.493,0.408,0.532,0.539
"2018-06-21 16:30:00",2023,0.431,0.397,"NAN",0.353,0.502,0.42,0.529,0.54
"2018-06-21 17:00:00",2024,0.442,0.405,"NAN",0.366,0.512,0.434,0.537,0.556
