"TOA5","CR1000-SALT","CR1000","86631","CR1000.Std.31.03","CPU:Sapflow_SERC.CR1","8974","Table1"
"TIMESTAMP","RECORD","DiffVolt_Avg(1)","DiffVolt_Avg(2)","DiffVolt_Avg(3)","DiffVolt_Avg(4)","DiffVolt_Avg(5)","DiffVolt_Avg(6)","DiffVolt_Avg(7)","DiffVolt_Avg(8)"
"TS","RN","mV","mV","mV","mV","mV","mV","mV","mV"
"","","Avg","Avg","Avg","Avg","Avg","Avg","Avg","Avg"
"2018-06-21 17:30:00",2029,0.415,0.403,0.471,0.369,0.297,0.42,0.538,0.589
"2018-06-21 18:00:00",2030,0.423,0.412,0.479,0.372,0.308,0.427,0.544,0.587
"2018-06-21 18:30:00",2031,0.429,0.42,0.488,0.373,0.32,0.431,0.551,0.587
"2018-06-21 19:00:00",2032,0.444,0.434,0.51,0.382,0.333,0.448,0.565,0.593
"2018-06-21 19:30:00",2033,0.462,0.451,0.536,0.396,0.346,0.47,0.585,0.601
"2018-06-21 20:00:00",2034,0.481,0.465,0.56,0.414,0.357,0.504,0.604,0.605
"2018-06-21 20:30:00",2035,0.497,0.472,0.574,0.427,0.365,0.526,0.616,0.607
"2018-06-21 21:00:00",2036,0.506,0.474,0.584,0.434,0.369,0.543,0.623,0.609
"2018-06-21 21:30:00",2037,0.51,0.474,0.589,0.438,0.372,0.552,0.627,0.612
"2018-06-21 22:00:00",2038,0.512,0.473,0.593,0.439,0.373,0.558,0.629,0.614
"2018-06-21 22:30:00",2039,0.513,0.471,0.595,0.44,0.374,0.558,0.63,0.614
"2018-06-21 23:00:00",2040,0.513,0.47,0.596,0.44,0.375,0.559,0.631,0.615
"2018-06-21 23:30:00",2041,0.513,0.468,0.596,0.44,0.375,0.559,0.629,0.614
"2018-06-22 00:00:00",2042,0.513,0.467,0.596,0.441,0.375,0.56,0.629,0.615
"2018-06-22 00:30:00",2043,0.513,0.466,0.597,0.441,0.375,0.562,0.63,0.616
"2018-06-22 01:00:00",2044,0.513,0.466,0.597,0.442,0.375,0.563,0.631,0.617
"2018-06-22 01:30:00",2045,0.513,0.465,0.597,0.442,0.375,0.563,0.632,0.615
"2018-06-22 02:00:00",2046,0.512,0.464,0.598,0.442,0.375,0.564,0.632,0.616
"2018-06-22 02:30:00",2047,0.512,0.465,0.598,0.443,0.376,0.564,0.633,0.615
"2018-06-22 03:00:00",2048,0.513,0.465,0.599,0.443,0.376,0.565,0.633,0.616
"2018-06-22 03:30:00",2049,0.513,0.464,0.6,0.442,0.376,0.565,0.633,0.616
"2018-06-22 04:00:00",2050,0.512,0.465,0.598,0.443,0.376,0.565,0.634,0.617
"2018-06-22 04:30:00",2051,0.512,0.466,0.596,0.442,0.376,0.565,0.633,0.618
"2018-06-22 05:00:00",2052,0.51,0.466,0.593,0.442,0.377,0.561,0.632,0.618
"2018-06-22 05:30:00",2053,0.507,0.467,0.589,0.439,0.377,0.555,0.632,0.618
"2018-06-22 06:00:00",2054,0.499,0.465,0.579,0.43,0.377,0.536,0.626,0.616
"2018-06-22 06:30:00",2055,0.485,0.457,0.549,0.408,0.375,0.499,0.626,0.615
"2018-06-22 07:00:00",2056,0.473,0.449,0.526,0.393,0.372,0.487,0.62,0.613
"2018-06-22 07:30:00",2057,0.466,0.442,0.515,0.388,0.365,0.48,0.613,0.61
"2018-06-22 08:00:00",2058,0.467,0.443,0.521,0.395,0.355,0.486,0.61,0.611
"2018-06-22 08:30:00",2059,0.483,0.453,0.546,0.411,0.363,0.515,0.612,0.613
"2018-06-22 09:00:00",2060,0.489,0.453,0.554,0.414,0.368,0.528,0.605,0.61
"2018-06-22 09:30:00",2061,0.492,0.452,0.56,0.418,0.37,0.537,0.604,0.608
"2018-06-22 10:00:00",2062,0.488,0.449,0.546,0.416,0.367,0.525,0.601,0.605
"2018-06-22 10:30:00",2063,0.475,0.441,0.521,0.408,0.36,0.498,0.599,0.601
"2018-06-22 11:00:00",2064,0.463,0.433,0.508,0.398,0.352,0.482,0.595,0.598
"2018-06-22 11:30:00",2065,0.463,0.434,0.514,0.399,0.352,0.487,0.594,0.598
"2018-06-22 12:00:00",2066,0.466,0.435,0.519,0.402,0.353,0.493,0.594,0.598
"2018-06-22 12:30:00",2067,0.46,0.431,0.508,0.4,0.347,0.482,0.596,0.597
"2018-06-22 13:00:00",2068,0.45,0.424,0.5,0.391,0.341,0.47,0.593,0.597
"2018-06-22 13:30:00",2069,0.459,0.431,0.514,0.398,0.347,0.485,0.594,0.598
"2018-06-22 14:00:00",2070,0.466,0.435,0.53,0.404,0.353,0.506,0.592,0.597
"2018-06-22 14:30:00",2071,0.474,0.439,0.543,0.411,0.36,0.518,0.594,0.596
"2018-06-22 15:00:00",2072,0.478,0.442,0.553,0.414,0.363,0.53,0.598,0.597
"2018-06-22 15:30:00",2073,0.484,0.444,0.565,0.418,0.367,0.544,0.601,0.594
"2018-06-22 16:00:00",2074,0.488,0.446,0.575,0.42,0.37,0.553,0.606,0.581
"2018-06-22 16:30:00",2075,0.489,0.444,0.573,0.419,0.371,0.551,0.603,0.577
"2018-06-22 17:00:00",2076,0.488,0.443,0.569,0.419,0.371,0.546,0.6,0.577
"2018-06-22 17:30:00",2077,0.489,0.444,0.576,0.421,0.372,0.554,0.6,0.576
"2018-06-22 18:00:00",2078,0.491,0.446,0.583,0.423,0.373,0.56,0.602,0.577
"2018-06-22 18:30:00",2079,0.49,0.446,0.587,0.422,0.373,0.561,0.602,0.575
"2018-06-22 19:00:00",2080,0.488,0.44,0.587,0.421,0.373,0.561,0.601,0.574
"2018-06-22 19:30:00",2081,0.487,0.437,0.588,0.421,0.373,0.561,0.6,0.575
"2018-06-22 20:00:00",2082,0.485,0.436,0.588,0.422,0.373,0.562,0.6,0.574
"2018-06-22 20:30:00",2083,0.484,0.436,0.589,0.422,0.373,0.562,0.601,0.574
"2018-06-22 21:00:00",2084,0.483,0.435,0.588,0.422,0.373,0.562,0.6,0.573
"2018-06-22 21:30:00",2085,0.482,0.436,0.589,0.422,0.373,0.563,0.599,0.574
"2018-06-22 22:00:00",2086,0.479,0.436,0.588,0.421,0.373,0.562,0.597,0.573
"2018-06-22 22:30:00",2087,0.477,0.438,0.589,0.42,0.373,0.562,0.596,0.577
"2018-06-22 23:00:00",2088,0.477,0.441,0.589,0.421,0.373,0.562,0.595,0.58
"2018-06-22 23:30:00",2089,0.477,0.44,0.59,0.422,0.372,0.563,0.597,0.583
"2018-06-23 00:00:00",2090,0.477,0.439,0.591,0.423,0.371,0.562,0.601,0.584
"2018-06-23 00:30:00",2091,0.476,0.439,0.59,0.424,0.371,0.561,0.602,0.584
"2018-06-23 01:00:00",2092,0.476,0.439,0.591,0.424,0.37,0.56,0.604,0.585
"2018-06-23 01:30:00",2093,0.479,0.44,0.592,0.426,0.37,0.561,0.609,0.587
"2018-06-23 02:00:00",2094,0.481,0.442,0.593,0.428,0.37,0.561,0.612,0.589
"2018-06-23 02:30:00",2095,0.481,0.441,0.592,0.427,0.37,0.561,0.612,0.59
"2018-06-23 03:00:00",2096,0.481,0.442,0.594,0.428,0.369,0.561,0.61,0.593
"2018-06-23 03:30:00",2097,0.481,0.442,0.594,0.429,0.369,0.561,0.612,0.595
"2018-06-23 04:00:00",2098,0.483,0.445,0.596,0.433,0.369,0.561,0.617,0.599
"2018-06-23 04:30:00",2099,0.483,0.444,0.595,0.432,0.369,0.561,0.616,0.6
"2018-06-23 05:00:00",2100,0.482,0.443,0.594,0.431,0.369,0.561,0.614,0.599
"2018-06-23 05:30:00",2101,0.483,0.444,0.595,0.433,0.369,0.56,0.616,0.6
"2018-06-23 06:00:00",2102,0.479,0.443,0.593,0.427,0.368,0.558,0.608,0.597
"2018-06-23 06:30:00",2103,0.481,0.443,0.594,0.431,0.368,0.559,0.614,0.599
"2018-06-23 07:00:00",2104,0.48,0.444,0.594,0.429,0.367,0.559,0.61,0.599
"2018-06-23 07:30:00",2105,0.481,0.445,0.595,0.431,0.368,0.559,0.613,0.6
"2018-06-23 08:00:00",2106,0.479,0.445,0.595,0.429,0.367,0.56,0.607,0.598
"2018-06-23 08:30:00",2107,0.479,0.445,0.595,0.43,0.367,0.562,0.606,0.597
"2018-06-23 09:00:00",2108,0.479,0.445,0.593,0.43,0.367,0.564,0.604,0.596
"2018-06-23 09:30:00",2109,0.478,0.447,0.589,0.428,0.367,0.563,0.602,0.595
"2018-06-23 10:00:00",2110,0.481,0.449,0.584,0.433,0.367,0.561,0.607,0.597
"2018-06-23 10:30:00",2111,0.483,0.452,0.579,0.435,0.368,0.558,0.61,0.598
"2018-06-23 11:00:00",2112,0.486,0.454,0.579,0.441,0.369,0.558,0.618,0.6
"2018-06-23 11:30:00",2113,0.487,0.456,0.577,0.441,0.37,0.555,0.615,0.6
"2018-06-23 12:00:00",2114,0.486,0.456,0.578,0.439,0.37,0.555,0.613,0.599
"2018-06-23 12:30:00",2115,0.486,0.457,0.573,0.442,0.369,0.548,0.619,0.601
"2018-06-23 13:00:00",2116,0.481,0.456,0.558,0.437,0.367,0.532,0.615,0.598
"2018-06-23 13:30:00",2117,0.473,0.454,0.537,0.43,0.363,0.509,0.613,0.598
"2018-06-23 14:00:00",2118,0.453,0.444,0.51,0.415,0.35,0.476,0.606,0.595
"2018-06-23 14:30:00",2119,0.428,0.427,0.49,0.396,0.327,0.449,0.594,0.595
"2018-06-23 15:00:00",2120,0.417,0.418,0.482,0.388,0.314,0.437,0.579,0.594
"2018-06-23 15:30:00",2121,0.419,0.419,0.486,0.387,0.312,0.443,0.573,0.595
"2018-06-23 16:00:00",2122,0.405,0.405,0.472,0.376,0.297,0.423,0.56,0.595
"2018-06-23 16:30:00",2123,0.41,0.409,0.479,0.378,0.298,0.432,0.555,0.599
"2018-06-23 17:00:00",2124,0.439,0.434,0.507,0.399,0.329,0.467,0.568,0.599
"2018-06-23 17:30:00",2125,0.429,0.43,0.494,0.39,0.33,0.446,0.564,0.594
"2018-06-23 18:00:00",2126,0.44,0.438,0.509,0.399,0.331,0.466,0.576,0.6
"2018-06-23 18:30:00",2127,0.459,0.454,0.529,0.413,0.346,0.494,0.587,0.602
"2018-06-23 19:00:00",2128,0.47,0.461,0.541,0.42,0.354,0.504,0.596,0.605
"2018-06-23 19:30:00",2129,0.466,0.464,0.533,0.416,0.355,0.483,0.604,0.607
"2018-06-23 20:00:00",2130,0.479,0.47,0.555,0.427,0.36,0.515,0.612,0.607
"2018-06-23 20:30:00",2131,0.49,0.473,0.577,0.437,0.365,0.544,0.62,0.608
"2018-06-23 21:00:00",2132,0.495,0.473,0.588,0.442,0.367,0.557,0.622,0.606
"2018-06-23 21:30:00",2133,0.497,0.471,0.593,0.442,0.368,0.561,0.625,0.608
"2018-06-23 22:00:00",2134,0.497,0.469,0.595,0.442,0.369,0.562,0.625,0.609
"2018-06-23 22:30:00",2135,0.496,0.468,0.596,0.441,0.37,0.561,0.626,0.609
"2018-06-23 23:00:00",2136,0.495,0.467,0.597,0.442,0.37,0.561,0.629,0.611
"2018-06-23 23:30:00",2137,0.494,0.466,0.597,0.441,0.371,0.562,0.628,0.612
"2018-06-24 00:00:00",2138,0.492,0.463,0.595,0.438,0.371,0.56,0.624,0.609
"2018-06-24 00:30:00",2139,0.491,0.462,0.597,0.44,0.371,0.559,0.626,0.609
"2018-06-24 01:00:00",2140,0.491,0.461,0.597,0.44,0.372,0.558,0.627,0.61
"2018-06-24 01:30:00",2141,0.491,0.46,0.598,0.441,0.372,0.558,0.628,0.61
"2018-06-24 02:00:00",2142,0.491,0.46,0.598,0.442,0.373,0.559,0.631,0.613
"2018-06-24 02:30:00",2143,0.491,0.46,0.599,0.442,0.373,0.558,0.631,0.612
"2018-06-24 03:00:00",2144,0.491,0.46,0.599,0.442,0.374,0.557,0.631,0.611
"2018-06-24 03:30:00",2145,0.49,0.459,0.599,0.441,0.374,0.556,0.63,0.611
"2018-06-24 04:00:00",2146,0.491,0.459,0.599,0.442,0.374,0.558,0.631,0.614
"2018-06-24 04:30:00",2147,0.491,0.459,0.6,0.442,0.374,0.557,0.631,0.615
"2018-06-24 05:00:00",2148,0.491,0.459,0.599,0.442,0.375,0.557,0.631,0.613
"2018-06-24 05:30:00",2149,0.491,0.458,0.6,0.441,0.375,0.556,0.63,0.612
"2018-06-24 06:00:00",2150,0.49,0.458,0.6,0.442,0.375,0.557,0.631,0.613
"2018-06-24 06:30:00",2151,0.49,0.457,0.599,0.442,0.375,0.557,0.631,0.613
"2018-06-24 07:00:00",2152,0.489,0.456,0.6,0.442,0.374,0.556,0.629,0.609
"2018-06-24 07:30:00",2153,0.489,0.456,0.6,0.443,0.374,0.559,0.628,0.608
"2018-06-24 08:00:00",2154,0.489,0.457,0.589,0.445,0.373,0.552,0.628,0.609
"2018-06-24 08:30:00",2155,0.484,0.458,0.559,0.441,0.372,0.521,0.626,0.609
"2018-06-24 09:00:00",2156,0.445,0.441,0.5,0.41,0.357,0.458,0.617,0.608
"2018-06-24 09:30:00",2157,0.404,0.409,0.472,0.381,0.313,0.425,0.589,0.606
"2018-06-24 10:00:00",2158,0.401,0.405,0.47,0.375,0.298,0.422,0.565,0.607
"2018-06-24 10:30:00",2159,0.403,0.406,0.471,0.374,0.299,0.422,0.552,0.607
"2018-06-24 11:00:00",2160,0.402,0.404,0.468,0.373,0.296,0.42,0.541,0.604
"2018-06-24 11:30:00",2161,0.405,0.407,0.469,0.375,0.298,0.421,0.537,0.603
"2018-06-24 12:00:00",2162,0.391,0.394,0.459,0.366,0.282,0.41,0.523,0.6
"2018-06-24 12:30:00",2163,0.379,0.389,0.451,0.356,0.263,0.403,0.504,0.592
"2018-06-24 13:00:00",2164,0.379,0.393,0.452,0.355,0.257,0.402,0.499,0.584
"2018-06-24 13:30:00",2165,0.384,0.396,0.452,0.356,0.257,0.403,0.499,0.581
"2018-06-24 14:00:00",2166,0.39,0.398,0.45,0.358,0.258,0.404,0.499,0.579
"2018-06-24 14:30:00",2167,0.392,0.399,0.448,0.359,0.258,0.404,0.496,0.575
"2018-06-24 15:00:00",2168,0.395,0.401,0.449,0.362,0.258,0.404,0.497,0.574
"2018-06-24 15:30:00",2169,0.4,0.403,0.452,0.365,0.26,0.404,0.498,0.573
"2018-06-24 16:00:00",2170,0.408,0.407,0.454,0.367,0.266,0.406,0.503,0.574
"2018-06-24 16:30:00",2171,0.417,0.414,0.457,0.369,0.276,0.409,0.509,0.578
"2018-06-24 17:00:00",2172,0.431,0.428,0.466,0.375,0.296,0.419,0.524,0.58
"2018-06-24 17:30:00",2173,0.456,0.45,0.484,0.389,0.327,0.437,0.553,0.586
"2018-06-24 18:00:00",2174,0.437,0.432,0.467,0.375,0.298,0.417,0.551,0.594
"2018-06-24 18:30:00",2175,0.439,0.437,0.47,0.374,0.305,0.416,0.555,0.595
"2018-06-24 19:00:00",2176,0.447,0.453,0.479,0.379,0.32,0.421,0.565,0.597
"2018-06-24 19:30:00",2177,0.475,0.474,0.508,0.399,0.339,0.447,0.582,0.6
"2018-06-24 20:00:00",2178,0.494,0.486,0.524,0.413,0.35,0.467,0.592,0.602
"2018-06-24 20:30:00",2179,0.506,0.491,0.544,0.423,0.357,0.5,0.6,0.603
"2018-06-24 21:00:00",2180,0.507,0.492,0.556,0.428,0.362,0.519,0.607,0.605
"2018-06-24 21:30:00",2181,0.508,0.493,0.566,0.434,0.367,0.534,0.613,0.608
"2018-06-24 22:00:00",2182,0.509,0.492,0.574,0.438,0.37,0.543,0.617,0.607
"2018-06-24 22:30:00",2183,0.51,0.489,0.58,0.442,0.372,0.548,0.623,0.609
"2018-06-24 23:00:00",2184,0.511,0.486,0.584,0.443,0.374,0.551,0.624,0.609
"2018-06-24 23:30:00",2185,0.512,0.484,0.587,0.444,0.375,0.555,0.625,0.611
"2018-06-25 00:00:00",2186,0.513,0.482,0.59,0.445,0.375,0.558,0.628,0.613
"2018-06-25 00:30:00",2187,0.514,0.48,0.592,0.444,0.376,0.558,0.628,0.612
"2018-06-25 01:00:00",2188,0.514,0.479,0.594,0.444,0.377,0.557,0.629,0.612
"2018-06-25 01:30:00",2189,0.514,0.478,0.595,0.443,0.377,0.556,0.63,0.613
"2018-06-25 02:00:00",2190,0.514,0.477,0.596,0.443,0.378,0.557,0.631,0.615
"2018-06-25 02:30:00",2191,0.514,0.475,0.596,0.443,0.378,0.557,0.632,0.616
"2018-06-25 03:00:00",2192,0.513,0.474,0.597,0.443,0.378,0.555,0.631,0.616
"2018-06-25 03:30:00",2193,0.513,0.474,0.597,0.442,0.378,0.556,0.633,0.617
"2018-06-25 04:00:00",2194,0.512,0.473,0.597,0.441,0.378,0.557,0.63,0.617
"2018-06-25 04:30:00",2195,0.512,0.472,0.596,0.44,0.378,0.56,0.627,0.619
"2018-06-25 05:00:00",2196,0.512,0.471,0.596,0.44,0.378,0.562,0.628,0.62
"2018-06-25 05:30:00",2197,0.513,0.47,0.596,0.441,0.379,0.563,0.627,0.619
"2018-06-25 06:00:00",2198,0.513,0.471,0.591,0.439,0.379,0.564,0.627,0.621
"2018-06-25 06:30:00",2199,0.511,0.471,0.571,0.436,0.378,0.557,0.625,0.62
"2018-06-25 07:00:00",2200,0.498,0.468,0.531,0.425,0.375,0.529,0.624,0.619
"2018-06-25 07:30:00",2201,0.471,0.455,0.499,0.402,0.368,0.49,0.608,0.609
"2018-06-25 08:00:00",2202,0.444,0.438,0.483,0.387,0.358,0.461,0.602,0.607
"2018-06-25 08:30:00",2203,0.426,0.42,0.469,0.371,0.341,0.439,0.586,0.598
"2018-06-25 09:00:00",2204,0.417,0.411,0.465,0.365,0.321,0.427,0.572,0.598
"2018-06-25 09:30:00",2205,0.413,0.407,0.462,0.361,0.307,0.422,0.553,0.595
"2018-06-25 10:00:00",2206,0.405,0.4,0.456,0.357,0.289,0.412,0.537,0.595
"2018-06-25 10:30:00",2207,0.4,0.395,0.451,0.35,0.276,0.407,0.518,0.586
"2018-06-25 11:00:00",2208,0.398,0.394,0.449,0.351,0.275,0.405,0.508,0.58
"2018-06-25 11:30:00",2209,0.399,0.395,0.451,0.357,0.276,0.405,0.503,0.578
"2018-06-25 12:00:00",2210,0.398,0.394,0.449,0.356,0.274,0.403,0.498,0.572
"2018-06-25 12:30:00",2211,0.4,0.396,0.449,0.358,0.273,0.403,0.498,0.57
"2018-06-25 13:00:00",2212,0.402,0.397,0.45,0.361,0.271,0.403,0.497,0.57
"2018-06-25 13:30:00",2213,0.405,0.398,0.447,0.361,0.268,0.402,0.494,0.567
"2018-06-25 14:00:00",2214,0.413,0.402,0.449,0.365,0.272,0.405,0.498,0.57
"2018-06-25 14:30:00",2215,0.416,0.405,0.448,0.365,0.274,0.405,0.498,0.569
"2018-06-25 15:00:00",2216,0.419,0.406,0.448,0.365,0.272,0.404,0.499,0.571
"2018-06-25 15:30:00",2217,0.421,0.413,0.451,0.367,0.273,0.407,0.498,0.574
"2018-06-25 16:00:00",2218,0.427,0.419,0.454,0.368,0.277,0.409,0.503,0.577
"2018-06-25 16:30:00",2219,0.434,0.425,0.458,0.371,0.284,0.413,0.511,0.583
"2018-06-25 17:00:00",2220,0.445,0.436,0.467,0.379,0.295,0.421,0.53,0.592
"2018-06-25 17:30:00",2221,0.454,0.447,0.473,0.384,0.307,0.427,0.541,0.598
"2018-06-25 18:00:00",2222,0.452,0.447,0.472,0.382,0.303,0.425,0.549,0.603
"2018-06-25 18:30:00",2223,0.455,0.454,0.479,0.383,0.31,0.427,0.558,0.605
"2018-06-25 19:00:00",2224,0.464,0.469,0.493,0.389,0.324,0.439,0.57,0.606
"2018-06-25 19:30:00",2225,0.487,0.487,0.523,0.408,0.344,0.473,0.587,0.608
"2018-06-25 20:00:00",2226,0.5,0.496,0.544,0.422,0.355,0.505,0.602,0.613
"2018-06-25 20:30:00",2227,0.509,0.5,0.563,0.431,0.363,0.531,0.612,0.613
"2018-06-25 21:00:00",2228,0.512,0.499,0.569,0.434,0.367,0.541,0.618,0.616
"2018-06-25 21:30:00",2229,0.513,0.496,0.572,0.436,0.369,0.545,0.623,0.617
"2018-06-25 22:00:00",2230,0.516,0.494,0.576,0.438,0.372,0.548,0.626,0.618
"2018-06-25 22:30:00",2231,0.518,0.493,0.579,0.438,0.374,0.548,0.628,0.617
"2018-06-25 23:00:00",2232,0.52,0.491,0.582,0.438,0.376,0.551,0.63,0.619
"2018-06-25 23:30:00",2233,0.522,0.489,0.585,0.438,0.378,0.553,0.631,0.62
"2018-06-26 00:00:00",2234,0.524,0.487,0.588,0.439,0.379,0.554,0.631,0.623
"2018-06-26 00:30:00",2235,0.525,0.486,0.59,0.44,0.381,0.556,0.633,0.625
"2018-06-26 01:00:00",2236,0.525,0.486,0.592,0.44,0.382,0.557,0.634,0.626
"2018-06-26 01:30:00",2237,0.526,0.485,0.593,0.44,0.383,0.556,0.634,0.625
"2018-06-26 02:00:00",2238,0.526,0.485,0.594,0.441,0.384,0.555,0.635,0.625
"2018-06-26 02:30:00",2239,0.526,0.485,0.595,0.442,0.385,0.557,0.635,0.627
"2018-06-26 03:00:00",2240,0.526,0.485,0.595,0.442,0.386,0.558,0.637,0.628
"2018-06-26 03:30:00",2241,0.526,0.485,0.593,0.444,0.386,0.559,0.637,0.628
"2018-06-26 04:00:00",2242,0.525,0.485,0.592,0.444,0.386,0.559,0.637,0.629
"2018-06-26 04:30:00",2243,0.525,0.485,0.591,0.445,0.386,0.56,0.637,0.63
"2018-06-26 05:00:00",2244,0.524,0.485,0.59,0.446,0.385,0.561,0.637,0.63
"2018-06-26 05:30:00",2245,0.523,0.484,0.587,0.446,0.386,0.559,0.637,0.629
"2018-06-26 06:00:00",2246,0.521,0.483,0.579,0.445,0.385,0.557,0.638,0.631
"2018-06-26 06:30:00",2247,0.5,0.474,0.531,0.426,0.377,0.522,0.638,0.631
"2018-06-26 07:00:00",2248,0.483,0.467,0.513,0.41,0.364,0.498,0.635,0.631
"2018-06-26 07:30:00",2249,0.473,0.459,0.5,0.402,0.357,0.475,0.63,0.632
"2018-06-26 08:00:00",2250,0.457,0.446,0.489,0.396,0.346,0.46,0.621,0.631
"2018-06-26 08:30:00",2251,0.453,0.441,0.488,0.394,0.343,0.457,0.606,0.627
"2018-06-26 09:00:00",2252,0.431,0.419,0.469,0.377,0.32,0.433,0.571,0.614
"2018-06-26 09:30:00",2253,0.424,0.41,0.464,0.37,0.304,0.425,0.555,0.609
"2018-06-26 10:00:00",2254,0.417,0.406,0.462,0.365,0.295,0.42,0.538,0.605
"2018-06-26 10:30:00",2255,0.418,0.406,0.463,0.367,0.292,0.42,0.536,0.602
"2018-06-26 11:00:00",2256,0.418,0.405,0.463,0.367,0.291,0.419,0.53,0.597
"2018-06-26 11:30:00",2257,0.415,0.402,0.462,0.368,0.289,0.417,0.525,0.593
"2018-06-26 12:00:00",2258,0.413,0.401,0.46,0.367,0.287,0.416,0.521,0.587
"2018-06-26 12:30:00",2259,0.408,0.399,0.457,0.364,0.28,0.412,0.515,0.584
"2018-06-26 13:00:00",2260,0.403,0.395,0.453,0.36,0.27,0.407,0.507,0.578
"2018-06-26 13:30:00",2261,0.402,0.394,0.45,0.359,0.266,0.405,0.504,0.576
"2018-06-26 14:00:00",2262,0.402,0.395,0.447,0.358,0.264,0.405,0.501,0.574
"2018-06-26 14:30:00",2263,0.403,0.397,0.446,0.359,0.264,0.403,0.502,0.575
"2018-06-26 15:00:00",2264,0.405,0.399,0.446,0.359,0.264,0.403,0.504,0.577
"2018-06-26 15:30:00",2265,0.409,0.403,0.448,0.362,0.266,0.404,0.506,0.579
"2018-06-26 16:00:00",2266,0.416,0.407,0.45,0.364,0.268,0.405,0.509,0.581
"2018-06-26 16:30:00",2267,0.422,0.412,0.453,0.366,0.269,0.407,0.514,0.585
"2018-06-26 17:00:00",2268,0.428,0.419,0.456,0.368,0.273,0.408,0.522,0.588
"2018-06-26 17:30:00",2269,0.436,0.426,0.461,0.371,0.282,0.411,0.532,0.591
"2018-06-26 18:00:00",2270,0.439,0.431,0.463,0.371,0.287,0.41,0.541,0.594
"2018-06-26 18:30:00",2271,0.445,0.44,0.469,0.373,0.297,0.414,0.549,0.597
"2018-06-26 19:00:00",2272,0.455,0.455,0.478,0.377,0.313,0.418,0.56,0.6
"2018-06-26 19:30:00",2273,0.476,0.474,0.499,0.389,0.334,0.43,0.574,0.605
"2018-06-26 20:00:00",2274,0.489,0.484,0.508,0.396,0.346,0.443,0.586,0.609
"2018-06-26 20:30:00",2275,0.504,0.495,0.536,0.414,0.357,0.475,0.603,0.611
"2018-06-26 21:00:00",2276,0.516,0.499,0.56,0.428,0.365,0.511,0.613,0.614
"2018-06-26 21:30:00",2277,0.522,0.5,0.571,0.436,0.371,0.531,0.62,0.619
"2018-06-26 22:00:00",2278,0.525,0.499,0.577,0.438,0.375,0.541,0.625,0.621
"2018-06-26 22:30:00",2279,0.527,0.497,0.58,0.44,0.377,0.545,0.627,0.623
"2018-06-26 23:00:00",2280,0.529,0.495,0.582,0.441,0.379,0.549,0.629,0.623
"2018-06-26 23:30:00",2281,0.529,0.491,0.584,0.441,0.379,0.551,0.631,0.623
"2018-06-27 00:00:00",2282,0.53,0.488,0.585,0.441,0.379,0.555,0.631,0.622
"2018-06-27 00:30:00",2283,0.531,0.487,0.587,0.442,0.378,0.558,0.628,0.622
"2018-06-27 01:00:00",2284,0.53,0.484,0.587,0.441,0.377,0.56,0.628,0.62
"2018-06-27 01:30:00",2285,0.53,0.482,0.588,0.441,0.377,0.56,0.628,0.619
"2018-06-27 02:00:00",2286,0.53,0.481,0.588,0.441,0.377,0.561,0.629,0.618
"2018-06-27 02:30:00",2287,0.529,0.48,0.59,0.441,0.376,0.562,0.629,0.619
"2018-06-27 03:00:00",2288,0.529,0.48,0.591,0.442,0.376,0.562,0.63,0.618
"2018-06-27 03:30:00",2289,0.529,0.479,0.592,0.443,0.376,0.563,0.631,0.618
"2018-06-27 04:00:00",2290,0.528,0.478,0.593,0.443,0.376,0.563,0.631,0.619
"2018-06-27 04:30:00",2291,0.527,0.476,0.593,0.442,0.376,0.563,0.631,0.62
"2018-06-27 05:00:00",2292,0.527,0.475,0.593,0.442,0.376,0.562,0.63,0.618
"2018-06-27 05:30:00",2293,0.526,0.473,0.592,0.442,0.375,0.561,0.629,0.616
"2018-06-27 06:00:00",2294,0.525,0.471,0.591,0.44,0.375,0.56,0.627,0.614
"2018-06-27 06:30:00",2295,0.524,0.47,0.589,0.44,0.374,0.561,0.627,0.614
"2018-06-27 07:00:00",2296,0.522,0.47,0.578,0.44,0.372,0.558,0.625,0.614
"2018-06-27 07:30:00",2297,0.517,0.467,0.559,0.436,0.37,0.548,0.62,0.612
"2018-06-27 08:00:00",2298,0.507,0.463,0.538,0.429,0.366,0.528,0.616,0.61
"2018-06-27 08:30:00",2299,0.5,0.461,0.535,0.426,0.363,0.518,0.615,0.61
"2018-06-27 09:00:00",2300,0.499,0.462,0.535,0.427,0.363,0.515,0.619,0.61
"2018-06-27 09:30:00",2301,0.471,0.44,0.497,0.406,0.344,0.467,0.602,0.607
"2018-06-27 10:00:00",2302,0.463,0.436,0.5,0.399,0.333,0.469,0.596,0.608
"2018-06-27 10:30:00",2303,0.464,0.438,0.5,0.401,0.335,0.466,0.595,0.609
"2018-06-27 11:00:00",2304,0.469,0.44,0.509,0.405,0.336,0.478,0.593,0.608
"2018-06-27 11:30:00",2305,0.47,0.441,0.507,0.407,0.34,0.475,0.593,0.608
"2018-06-27 12:00:00",2306,0.459,0.432,0.494,0.398,0.333,0.459,0.584,0.604
"2018-06-27 12:30:00",2307,0.454,0.426,0.491,0.393,0.328,0.455,0.578,0.602
"2018-06-27 13:00:00",2308,0.455,0.426,0.496,0.394,0.327,0.462,0.576,0.602
"2018-06-27 13:30:00",2309,0.478,0.444,0.525,0.41,0.344,0.497,0.59,0.604
"2018-06-27 14:00:00",2310,0.493,0.454,0.543,0.42,0.354,0.517,0.6,0.605
"2018-06-27 14:30:00",2311,0.484,0.447,0.52,0.413,0.351,0.49,0.599,0.603
"2018-06-27 15:00:00",2312,0.467,0.436,0.5,0.402,0.34,0.466,0.594,0.603
"2018-06-27 15:30:00",2313,0.444,0.418,0.481,0.387,0.321,0.439,0.578,0.601
"2018-06-27 16:00:00",2314,0.44,0.413,0.481,0.383,0.312,0.44,0.567,0.599
"2018-06-27 16:30:00",2315,0.433,0.409,0.476,0.38,0.306,0.433,0.555,0.597
"2018-06-27 17:00:00",2316,0.441,0.417,0.486,0.385,0.313,0.444,0.556,0.597
"2018-06-27 17:30:00",2317,0.442,0.42,0.487,0.388,0.318,0.441,0.56,0.598
"2018-06-27 18:00:00",2318,0.445,0.422,0.489,0.388,0.317,0.446,0.56,0.597
"2018-06-27 18:30:00",2319,0.454,0.431,0.5,0.393,0.328,0.457,0.566,0.596
"2018-06-27 19:00:00",2320,0.452,0.433,0.499,0.392,0.329,0.45,0.568,0.597
"2018-06-27 19:30:00",2321,0.462,0.443,0.512,0.397,0.337,0.464,0.577,0.599
"2018-06-27 20:00:00",2322,0.484,0.457,0.542,0.412,0.35,0.499,0.588,0.6
"2018-06-27 20:30:00",2323,0.5,0.463,0.563,0.426,0.358,0.532,0.599,0.602
"2018-06-27 21:00:00",2324,0.508,0.464,0.573,0.432,0.362,0.547,0.608,0.605
"2018-06-27 21:30:00",2325,0.512,0.462,0.578,0.435,0.364,0.552,0.61,0.606
"2018-06-27 22:00:00",2326,0.514,0.461,0.58,0.435,0.365,0.554,0.612,0.606
"2018-06-27 22:30:00",2327,0.514,0.461,0.58,0.434,0.365,0.554,0.611,0.604
"2018-06-27 23:00:00",2328,0.516,0.461,0.582,0.436,0.366,0.555,0.615,0.607
"2018-06-27 23:30:00",2329,0.517,0.462,0.585,0.439,0.368,0.557,0.619,0.61
"2018-06-28 00:00:00",2330,0.517,0.462,0.586,0.44,0.369,0.556,0.619,0.61
"2018-06-28 00:30:00",2331,0.518,0.462,0.587,0.441,0.37,0.557,0.62,0.611
"2018-06-28 01:00:00",2332,0.518,0.462,0.589,0.441,0.37,0.558,0.623,0.612
"2018-06-28 01:30:00",2333,0.518,0.462,0.59,0.441,0.371,0.557,0.623,0.613
"2018-06-28 02:00:00",2334,0.517,0.462,0.591,0.441,0.371,0.557,0.624,0.614
"2018-06-28 02:30:00",2335,0.516,0.462,0.592,0.44,0.371,0.557,0.624,0.615
"2018-06-28 03:00:00",2336,0.515,0.461,0.591,0.439,0.371,0.556,0.623,0.615
"2018-06-28 03:30:00",2337,0.515,0.461,0.592,0.439,0.37,0.556,0.622,0.614
"2018-06-28 04:00:00",2338,0.514,0.46,0.592,0.44,0.37,0.556,0.622,0.614
"2018-06-28 04:30:00",2339,0.514,0.46,0.592,0.441,0.37,0.555,0.623,0.614
"2018-06-28 05:00:00",2340,0.513,0.46,0.593,0.441,0.37,0.556,0.625,0.615
"2018-06-28 05:30:00",2341,0.513,0.46,0.594,0.441,0.37,0.557,0.626,0.617
"2018-06-28 06:00:00",2342,0.512,0.461,0.593,0.44,0.371,0.557,0.625,0.617
"2018-06-28 06:30:00",2343,0.513,0.46,0.594,0.442,0.371,0.558,0.627,0.617
"2018-06-28 07:00:00",2344,0.512,0.461,0.588,0.443,0.371,0.558,0.624,0.617
"2018-06-28 07:30:00",2345,0.507,0.463,0.553,0.441,0.37,0.545,0.622,0.616
"2018-06-28 08:00:00",2346,0.484,0.456,0.515,0.427,0.366,0.504,0.619,0.614
"2018-06-28 08:30:00",2347,0.478,0.454,0.519,0.423,0.362,0.496,0.618,0.615
"2018-06-28 09:00:00",2348,0.469,0.448,0.508,0.416,0.356,0.481,0.611,0.615
"2018-06-28 09:30:00",2349,0.447,0.43,0.486,0.399,0.337,0.452,0.594,0.616
"2018-06-28 10:00:00",2350,0.433,0.416,0.475,0.388,0.316,0.436,0.573,0.613
"2018-06-28 10:30:00",2351,0.42,0.403,0.464,0.377,0.297,0.422,0.551,0.61
"2018-06-28 11:00:00",2352,0.411,0.395,0.457,0.37,0.286,0.414,0.535,0.606
"2018-06-28 11:30:00",2353,0.414,0.399,0.461,0.371,0.286,0.417,0.531,0.603
"2018-06-28 12:00:00",2354,0.407,0.394,0.452,0.366,0.281,0.409,0.521,0.6
"2018-06-28 12:30:00",2355,0.393,0.384,0.444,0.357,0.26,0.4,0.505,0.589
"2018-06-28 13:00:00",2356,0.394,0.384,0.444,0.357,0.257,0.4,0.499,0.58
"2018-06-28 13:30:00",2357,0.395,0.386,0.445,0.361,0.257,0.401,0.498,0.579
"2018-06-28 14:00:00",2358,0.407,0.395,0.451,0.37,0.272,0.408,0.509,0.581
"2018-06-28 14:30:00",2359,0.406,0.395,0.448,0.371,0.271,0.405,0.509,0.583
"2018-06-28 15:00:00",2360,0.407,0.394,0.447,0.37,0.268,0.405,0.507,0.585
"2018-06-28 15:30:00",2361,0.407,0.392,0.444,0.368,0.263,0.402,0.501,0.582
"2018-06-28 16:00:00",2362,0.417,0.398,0.45,0.374,0.271,0.407,0.508,0.583
"2018-06-28 16:30:00",2363,0.418,0.398,0.449,0.374,0.269,0.404,0.509,0.584
"2018-06-28 17:00:00",2364,0.421,0.4,0.451,0.375,0.271,0.407,0.512,0.586
"2018-06-28 17:30:00",2365,0.424,0.404,0.452,0.376,0.275,0.407,0.519,0.59
"2018-06-28 18:00:00",2366,0.426,0.411,0.454,0.377,0.281,0.407,0.525,0.592
"2018-06-28 18:30:00",2367,0.43,0.422,0.46,0.379,0.287,0.41,0.537,0.594
"2018-06-28 19:00:00",2368,0.441,0.441,0.471,0.383,0.306,0.416,0.55,0.6
"2018-06-28 19:30:00",2369,0.458,0.461,0.486,0.39,0.328,0.424,0.561,0.604
"2018-06-28 20:00:00",2370,0.475,0.474,0.501,0.397,0.34,0.437,0.573,0.607
"2018-06-28 20:30:00",2371,0.496,0.483,0.529,0.415,0.349,0.473,0.588,0.607
"2018-06-28 21:00:00",2372,0.507,0.487,0.551,0.43,0.357,0.51,0.605,0.61
"2018-06-28 21:30:00",2373,0.513,0.489,0.563,0.44,0.362,0.53,0.612,0.612
"2018-06-28 22:00:00",2374,0.516,0.489,0.569,0.446,0.365,0.539,0.617,0.613
"2018-06-28 22:30:00",2375,0.517,0.489,0.573,0.447,0.368,0.543,0.62,0.615
"2018-06-28 23:00:00",2376,0.519,0.489,0.576,0.448,0.37,0.547,0.623,0.618
"2018-06-28 23:30:00",2377,0.52,0.487,0.579,0.448,0.372,0.549,0.624,0.617
"2018-06-29 00:00:00",2378,0.521,0.485,0.581,0.448,0.373,0.55,0.625,0.618
"2018-06-29 00:30:00",2379,0.521,0.482,0.582,0.448,0.374,0.552,0.625,0.618
"2018-06-29 01:00:00",2380,0.521,0.48,0.582,0.448,0.374,0.553,0.625,0.618
"2018-06-29 01:30:00",2381,0.522,0.479,0.583,0.448,0.375,0.551,0.627,0.618
"2018-06-29 02:00:00",2382,0.522,0.477,0.584,0.448,0.375,0.553,0.627,0.619
"2018-06-29 02:30:00",2383,0.522,0.476,0.585,0.448,0.376,0.556,0.627,0.622
"2018-06-29 03:00:00",2384,0.522,0.474,0.585,0.448,0.376,0.556,0.624,0.619
"2018-06-29 03:30:00",2385,0.522,0.472,0.585,0.449,0.376,0.553,0.625,0.618
"2018-06-29 04:00:00",2386,0.522,0.471,0.585,0.448,0.377,0.553,0.627,0.618
"2018-06-29 04:30:00",2387,0.522,0.471,0.586,0.448,0.377,0.552,0.627,0.618
"2018-06-29 05:00:00",2388,0.522,0.47,0.587,0.449,0.378,0.554,0.627,0.619
"2018-06-29 05:30:00",2389,0.522,0.47,0.588,0.449,0.378,0.555,0.628,0.621
"2018-06-29 06:00:00",2390,0.521,0.47,0.588,0.449,0.378,0.554,0.629,0.62
"2018-06-29 06:30:00",2391,0.52,0.47,0.582,0.448,0.378,0.553,0.629,0.62
"2018-06-29 07:00:00",2392,0.512,0.469,0.547,0.441,0.376,0.537,0.628,0.621
"2018-06-29 07:30:00",2393,0.486,0.461,0.506,0.422,0.369,0.499,0.624,0.625
"2018-06-29 08:00:00",2394,0.461,0.446,0.492,0.411,0.36,0.471,0.622,0.624
"2018-06-29 08:30:00",2395,0.436,0.423,0.471,0.394,0.342,0.443,0.603,0.622
"2018-06-29 09:00:00",2396,0.417,0.403,0.456,0.373,0.314,0.423,0.572,0.613
"2018-06-29 09:30:00",2397,0.41,0.396,0.451,0.365,0.292,0.414,0.546,0.604
"2018-06-29 10:00:00",2398,0.408,0.394,0.45,0.363,0.283,0.411,0.528,0.596
"2018-06-29 10:30:00",2399,0.411,0.398,0.453,0.369,0.287,0.412,0.524,0.597
"2018-06-29 11:00:00",2400,0.398,0.388,0.444,0.357,0.267,0.402,0.505,0.588
"2018-06-29 11:30:00",2401,0.397,0.385,0.445,0.358,0.262,0.401,0.5,0.584
"2018-06-29 12:00:00",2402,0.399,0.387,0.445,0.359,0.264,0.402,0.499,0.582
"2018-06-29 12:30:00",2403,0.398,0.387,0.445,0.358,0.262,0.401,0.496,0.579
"2018-06-29 13:00:00",2404,0.398,0.387,0.444,0.357,0.259,0.4,0.491,0.574
"2018-06-29 13:30:00",2405,0.402,0.388,0.442,0.36,0.259,0.399,0.489,0.57
"2018-06-29 14:00:00",2406,0.406,0.39,0.441,0.363,0.259,0.399,0.492,0.571
"2018-06-29 14:30:00",2407,0.41,0.396,0.44,0.364,0.259,0.399,0.494,0.576
"2018-06-29 15:00:00",2408,0.413,0.402,0.44,0.365,0.261,0.4,0.499,0.581
"2018-06-29 15:30:00",2409,0.416,0.406,0.442,0.368,0.263,0.401,0.502,0.585
"2018-06-29 16:00:00",2410,0.418,0.409,0.444,0.371,0.263,0.401,0.505,0.588
"2018-06-29 16:30:00",2411,0.421,0.412,0.445,0.372,0.263,0.402,0.508,0.592
"2018-06-29 17:00:00",2412,0.424,0.417,0.447,0.374,0.266,0.403,0.514,0.596
"2018-06-29 17:30:00",2413,0.428,0.422,0.451,0.375,0.273,0.405,0.521,0.598
"2018-06-29 18:00:00",2414,0.433,0.429,0.455,0.377,0.282,0.407,0.53,0.602
"2018-06-29 18:30:00",2415,0.443,0.442,0.465,0.382,0.297,0.413,0.541,0.605
"2018-06-29 19:00:00",2416,0.453,0.456,0.473,0.385,0.309,0.416,0.55,0.605
"2018-06-29 19:30:00",2417,0.472,0.474,0.491,0.395,0.329,0.43,0.563,0.608
"2018-06-29 20:00:00",2418,0.496,0.487,0.512,0.409,0.344,0.455,0.58,0.609
"2018-06-29 20:30:00",2419,0.514,0.494,0.537,0.423,0.355,0.491,0.596,0.612
"2018-06-29 21:00:00",2420,0.521,0.496,0.558,0.432,0.362,0.523,0.609,0.613
"2018-06-29 21:30:00",2421,0.523,0.495,0.568,0.437,0.366,0.537,0.616,0.616
"2018-06-29 22:00:00",2422,0.523,0.492,0.572,0.439,0.369,0.542,0.621,0.617
"2018-06-29 22:30:00",2423,0.523,0.489,0.576,0.44,0.371,0.546,0.623,0.62
"2018-06-29 23:00:00",2424,0.524,0.485,0.579,0.44,0.372,0.547,0.625,0.62
"2018-06-29 23:30:00",2425,0.524,0.483,0.581,0.44,0.373,0.549,0.626,0.622
"2018-06-30 00:00:00",2426,0.524,0.482,0.583,0.439,0.374,0.549,0.627,0.621
"2018-06-30 00:30:00",2427,0.524,0.481,0.584,0.441,0.375,0.548,0.628,0.621
"2018-06-30 01:00:00",2428,0.524,0.48,0.585,0.444,0.376,0.548,0.628,0.622
"2018-06-30 01:30:00",2429,0.524,0.479,0.585,0.445,0.376,0.548,0.629,0.622
"2018-06-30 02:00:00",2430,0.524,0.478,0.585,0.446,0.377,0.548,0.629,0.623
"2018-06-30 02:30:00",2431,0.524,0.478,0.585,0.446,0.377,0.549,0.629,0.623
"2018-06-30 03:00:00",2432,0.524,0.478,0.585,0.446,0.378,0.548,0.629,0.622
"2018-06-30 03:30:00",2433,0.524,0.477,0.585,0.446,0.378,0.549,0.63,0.623
"2018-06-30 04:00:00",2434,0.524,0.477,0.586,0.447,0.379,0.55,0.631,0.626
"2018-06-30 04:30:00",2435,0.524,0.474,0.587,0.447,0.38,0.551,0.632,0.626
"2018-06-30 05:00:00",2436,0.523,0.474,0.587,0.447,0.38,0.55,0.631,0.624
"2018-06-30 05:30:00",2437,0.523,0.473,0.587,0.448,0.38,0.549,0.632,0.624
"2018-06-30 06:00:00",2438,0.523,0.473,0.587,0.448,0.38,0.55,0.632,0.624
"2018-06-30 06:30:00",2439,0.52,0.473,0.577,0.445,0.38,0.546,0.631,0.623
"2018-06-30 07:00:00",2440,0.508,0.471,0.534,0.431,0.377,0.521,0.631,0.623
"2018-06-30 07:30:00",2441,0.482,0.463,0.503,0.417,0.372,0.486,0.63,0.622
"2018-06-30 08:00:00",2442,0.454,0.444,0.484,0.404,0.363,0.457,0.623,0.62
"2018-06-30 08:30:00",2443,0.434,0.423,0.47,0.391,0.344,0.435,0.609,0.617
"2018-06-30 09:00:00",2444,0.418,0.407,0.459,0.378,0.314,0.419,0.582,0.613
"2018-06-30 09:30:00",2445,0.408,0.397,0.451,0.368,0.287,0.409,0.552,0.61
"2018-06-30 10:00:00",2446,0.404,0.395,0.449,0.365,0.275,0.407,0.529,0.606
"2018-06-30 10:30:00",2447,0.398,0.391,0.445,0.361,0.266,0.403,0.514,0.597
"2018-06-30 11:00:00",2448,0.393,0.389,0.443,0.358,0.26,0.401,0.504,0.588
"2018-06-30 11:30:00",2449,0.394,0.388,0.443,0.36,0.258,0.401,0.501,0.584
"2018-06-30 12:00:00",2450,0.394,0.388,0.442,0.36,0.257,0.4,0.494,0.577
"2018-06-30 12:30:00",2451,0.395,0.389,0.442,0.36,0.255,0.399,0.492,0.572
"2018-06-30 13:00:00",2452,0.398,0.392,0.442,0.362,0.253,0.398,0.492,0.571
"2018-06-30 13:30:00",2453,0.403,0.398,0.441,0.365,0.254,0.399,0.492,0.571
"2018-06-30 14:00:00",2454,0.406,0.401,0.439,0.366,0.255,0.398,0.493,0.572
"2018-06-30 14:30:00",2455,0.408,0.404,0.439,0.367,0.254,0.398,0.496,0.574
"2018-06-30 15:00:00",2456,0.409,0.406,0.439,0.369,0.255,0.398,0.498,0.579
"2018-06-30 15:30:00",2457,0.41,0.408,0.439,0.369,0.255,0.399,0.497,0.581
"2018-06-30 16:00:00",2458,0.412,0.41,0.44,0.372,0.257,0.398,0.5,0.582
"2018-06-30 16:30:00",2459,0.417,0.414,0.444,0.374,0.258,0.4,0.508,0.589
"2018-06-30 17:00:00",2460,0.419,0.417,0.444,0.375,0.261,0.401,0.51,0.591
"2018-06-30 17:30:00",2461,0.423,0.422,0.447,0.376,0.267,0.402,0.517,0.595
"2018-06-30 18:00:00",2462,0.43,0.429,0.453,0.378,0.278,0.404,0.526,0.599
"2018-06-30 18:30:00",2463,0.438,0.44,0.462,0.38,0.29,0.41,0.537,0.602
"2018-06-30 19:00:00",2464,0.449,0.454,0.47,0.384,0.304,0.415,0.549,0.603
"2018-06-30 19:30:00",2465,0.469,0.473,0.488,0.393,0.325,0.429,0.563,0.606
"2018-06-30 20:00:00",2466,0.496,0.488,0.511,0.407,0.341,0.456,0.578,0.607
"2018-06-30 20:30:00",2467,0.513,0.496,0.531,0.418,0.351,0.483,0.595,0.608
"2018-06-30 21:00:00",2468,0.522,0.499,0.553,0.429,0.357,0.517,0.608,0.612
"2018-06-30 21:30:00",2469,0.523,0.499,0.563,0.435,0.362,0.532,0.615,0.614
"2018-06-30 22:00:00",2470,0.523,0.496,0.569,0.437,0.366,0.539,0.62,0.616
"2018-06-30 22:30:00",2471,0.524,0.494,0.572,0.439,0.368,0.543,0.623,0.618
"2018-06-30 23:00:00",2472,0.525,0.49,0.575,0.44,0.37,0.546,0.626,0.621
"2018-06-30 23:30:00",2473,0.526,0.487,0.578,0.442,0.372,0.548,0.627,0.622
"2018-07-01 00:00:00",2474,0.526,0.485,0.58,0.445,0.373,0.549,0.628,0.624
"2018-07-01 00:30:00",2475,0.526,0.483,0.581,0.445,0.373,0.55,0.629,0.624
"2018-07-01 01:00:00",2476,0.526,0.482,0.582,0.445,0.374,0.551,0.629,0.625
"2018-07-01 01:30:00",2477,0.526,0.481,0.583,0.444,0.374,0.552,0.63,0.626
"2018-07-01 02:00:00",2478,0.526,0.48,0.584,0.444,0.375,0.552,0.63,0.626
"2018-07-01 02:30:00",2479,0.526,0.479,0.584,0.445,0.375,0.553,0.631,0.626
"2018-07-01 03:00:00",2480,0.525,0.477,0.585,0.444,0.375,0.554,0.631,0.626
"2018-07-01 03:30:00",2481,0.525,0.475,0.585,0.445,0.375,0.553,0.63,0.625
"2018-07-01 04:00:00",2482,0.525,0.475,0.586,0.445,0.376,0.553,0.63,0.624
"2018-07-01 04:30:00",2483,0.525,0.474,0.587,0.445,0.376,0.552,0.629,0.624
"2018-07-01 05:00:00",2484,0.525,0.474,0.588,0.446,0.377,0.553,0.631,0.625
"2018-07-01 05:30:00",2485,0.525,0.473,0.589,0.445,0.377,0.554,0.633,0.628
"2018-07-01 06:00:00",2486,0.524,0.473,0.59,0.444,0.377,0.551,0.632,0.626
"2018-07-01 06:30:00",2487,0.524,0.472,0.591,0.444,0.377,0.552,0.632,0.627
"2018-07-01 07:00:00",2488,0.523,0.473,0.583,0.445,0.377,0.552,0.632,0.627
"2018-07-01 07:30:00",2489,0.516,0.473,0.555,0.442,0.377,0.54,0.633,0.627
"2018-07-01 08:00:00",2490,0.489,0.463,0.514,0.427,0.375,0.498,0.631,0.625
"2018-07-01 08:30:00",2491,0.454,0.439,0.485,0.404,0.361,0.454,0.622,0.623
"2018-07-01 09:00:00",2492,0.428,0.414,0.466,0.384,0.327,0.427,0.596,0.62
"2018-07-01 09:30:00",2493,0.412,0.398,0.454,0.37,0.294,0.412,0.562,0.615
"2018-07-01 10:00:00",2494,0.406,0.391,0.449,0.365,0.279,0.407,0.537,0.612
"2018-07-01 10:30:00",2495,0.402,0.388,0.446,0.362,0.269,0.404,0.52,0.605
"2018-07-01 11:00:00",2496,0.399,0.387,0.445,0.361,0.263,0.403,0.511,0.598
"2018-07-01 11:30:00",2497,0.397,0.386,0.444,0.361,0.264,0.402,0.504,0.59
"2018-07-01 12:00:00",2498,0.394,0.385,0.443,0.359,0.261,0.4,0.498,0.584
"2018-07-01 12:30:00",2499,0.397,0.387,0.445,0.361,0.261,0.401,0.496,0.579
"2018-07-01 13:00:00",2500,0.395,0.386,0.442,0.361,0.257,0.399,0.492,0.574
"2018-07-01 13:30:00",2501,0.397,0.387,0.44,0.362,0.255,0.398,0.492,0.573
"2018-07-01 14:00:00",2502,0.403,0.39,0.438,0.365,0.254,0.398,0.494,0.573
"2018-07-01 14:30:00",2503,0.406,0.393,0.437,0.364,0.254,0.398,0.496,0.576
"2018-07-01 15:00:00",2504,0.407,0.394,0.435,0.362,0.254,0.396,0.495,0.578
"2018-07-01 15:30:00",2505,0.409,0.396,0.437,0.364,0.255,0.396,0.499,0.581
"2018-07-01 16:00:00",2506,0.412,0.399,0.44,0.368,0.257,0.398,0.501,0.583
"2018-07-01 16:30:00",2507,0.414,0.402,0.442,0.37,0.258,0.399,0.503,0.588
"2018-07-01 17:00:00",2508,0.419,0.407,0.444,0.372,0.262,0.4,0.511,0.592
"2018-07-01 17:30:00",2509,0.422,0.411,0.448,0.373,0.268,0.402,0.516,0.594
"2018-07-01 18:00:00",2510,0.43,0.419,0.455,0.376,0.279,0.405,0.527,0.598
"2018-07-01 18:30:00",2511,0.44,0.432,0.465,0.381,0.293,0.411,0.54,0.603
"2018-07-01 19:00:00",2512,0.453,0.448,0.476,0.387,0.309,0.419,0.552,0.606
"2018-07-01 19:30:00",2513,0.474,0.466,0.494,0.397,0.328,0.435,0.566,0.609
"2018-07-01 20:00:00",2514,0.501,0.479,0.518,0.413,0.344,0.463,0.581,0.612
"2018-07-01 20:30:00",2515,0.52,0.487,0.544,0.427,0.355,0.499,0.599,0.614
"2018-07-01 21:00:00",2516,0.524,0.49,0.561,0.437,0.361,0.528,0.61,0.616
"2018-07-01 21:30:00",2517,0.525,0.49,0.569,0.439,0.365,0.54,0.616,0.618
"2018-07-01 22:00:00",2518,0.525,0.488,0.574,0.439,0.367,0.546,0.619,0.62
"2018-07-01 22:30:00",2519,0.525,0.486,0.577,0.441,0.368,0.548,0.623,0.619
"2018-07-01 23:00:00",2520,0.526,0.484,0.58,0.442,0.369,0.548,0.625,0.62
"2018-07-01 23:30:00",2521,0.526,0.482,0.582,0.442,0.37,0.548,0.626,0.621
"2018-07-02 00:00:00",2522,0.526,0.48,0.583,0.442,0.371,0.548,0.626,0.622
"2018-07-02 00:30:00",2523,0.526,0.479,0.584,0.442,0.371,0.548,0.627,0.623
"2018-07-02 01:00:00",2524,0.525,0.479,0.585,0.442,0.372,0.55,0.628,0.625
"2018-07-02 01:30:00",2525,0.525,0.478,0.587,0.442,0.372,0.551,0.629,0.626
"2018-07-02 02:00:00",2526,0.524,0.476,0.588,0.441,0.373,0.55,0.63,0.626
"2018-07-02 02:30:00",2527,0.524,0.474,0.589,0.441,0.373,0.549,0.63,0.627
"2018-07-02 03:00:00",2528,0.523,0.472,0.59,0.44,0.374,0.549,0.63,0.628
"2018-07-02 03:30:00",2529,0.523,0.471,0.59,0.44,0.374,0.55,0.631,0.628
"2018-07-02 04:00:00",2530,0.522,0.47,0.59,0.439,0.374,0.549,0.631,0.628
"2018-07-02 04:30:00",2531,0.521,0.468,0.59,0.439,0.374,0.547,0.631,0.627
"2018-07-02 05:00:00",2532,0.521,0.465,0.59,0.438,0.375,0.548,0.631,0.629
"2018-07-02 05:30:00",2533,0.52,0.464,0.59,0.438,0.375,0.548,0.632,0.629
"2018-07-02 06:00:00",2534,0.519,0.463,0.59,0.438,0.375,0.548,0.633,0.63
"2018-07-02 06:30:00",2535,0.518,0.461,0.589,0.436,0.375,0.546,0.632,0.627
"2018-07-02 07:00:00",2536,0.517,0.46,0.589,0.436,0.375,0.546,0.632,0.628
"2018-07-02 07:30:00",2537,0.516,0.461,0.576,0.439,0.375,0.548,0.631,0.625
"2018-07-02 08:00:00",2538,0.5,0.462,0.53,0.437,0.374,0.524,0.629,0.623
"2018-07-02 08:30:00",2539,0.459,0.444,0.489,0.415,0.367,0.467,0.623,0.619
"2018-07-02 09:00:00",2540,0.428,0.417,0.468,0.388,0.341,0.434,0.605,0.618
"2018-07-02 09:30:00",2541,0.413,0.399,0.456,0.374,0.307,0.418,0.573,0.615
"2018-07-02 10:00:00",2542,0.405,0.389,0.451,0.367,0.286,0.41,0.544,0.612
"2018-07-02 10:30:00",2543,0.401,0.383,0.447,0.364,0.274,0.405,0.523,0.604
"2018-07-02 11:00:00",2544,0.395,0.38,0.443,0.361,0.266,0.401,0.51,0.593
"2018-07-02 11:30:00",2545,0.389,0.377,0.441,0.357,0.259,0.4,0.5,0.585
"2018-07-02 12:00:00",2546,0.392,0.378,0.443,0.36,0.263,0.401,0.496,0.577
"2018-07-02 12:30:00",2547,0.393,0.379,0.443,0.361,0.262,0.401,0.493,0.573
"2018-07-02 13:00:00",2548,0.394,0.38,0.442,0.363,0.26,0.399,0.494,0.574
"2018-07-02 13:30:00",2549,0.395,0.38,0.439,0.363,0.256,0.398,0.494,0.574
"2018-07-02 14:00:00",2550,0.399,0.381,0.437,0.364,0.253,0.397,0.493,0.573
"2018-07-02 14:30:00",2551,0.404,0.384,0.437,0.366,0.254,0.397,0.497,0.579
"2018-07-02 15:00:00",2552,0.405,0.384,0.434,0.364,0.252,0.396,0.497,0.581
"2018-07-02 15:30:00",2553,0.406,0.387,0.435,0.365,0.253,0.396,0.497,0.582
"2018-07-02 16:00:00",2554,0.409,0.39,0.438,0.368,0.255,0.397,0.5,0.585
"2018-07-02 16:30:00",2555,0.411,0.393,0.439,0.369,0.256,0.397,0.504,0.589
"2018-07-02 17:00:00",2556,0.415,0.396,0.44,0.371,0.259,0.398,0.507,0.589
"2018-07-02 17:30:00",2557,0.419,0.402,0.444,0.373,0.266,0.4,0.514,0.594
"2018-07-02 18:00:00",2558,0.423,0.409,0.448,0.374,0.274,0.402,0.522,0.598
"2018-07-02 18:30:00",2559,0.431,0.42,0.457,0.376,0.288,0.407,0.533,0.602
"2018-07-02 19:00:00",2560,0.447,0.439,0.47,0.382,0.306,0.413,0.549,0.606
"2018-07-02 19:30:00",2561,0.463,0.454,0.483,0.389,0.324,0.423,0.561,0.608
"2018-07-02 20:00:00",2562,0.49,0.469,0.508,0.404,0.341,0.447,0.578,0.611
"2018-07-02 20:30:00",2563,0.513,0.479,0.533,0.419,0.352,0.483,0.595,0.613
"2018-07-02 21:00:00",2564,0.526,0.483,0.551,0.429,0.358,0.516,0.607,0.616
"2018-07-02 21:30:00",2565,0.526,0.484,0.561,0.434,0.363,0.533,0.614,0.619
"2018-07-02 22:00:00",2566,0.524,0.483,0.567,0.436,0.365,0.54,0.62,0.62
"2018-07-02 22:30:00",2567,0.524,0.482,0.572,0.438,0.368,0.543,0.622,0.62
"2018-07-02 23:00:00",2568,0.525,0.482,0.575,0.438,0.37,0.545,0.625,0.622
"2018-07-02 23:30:00",2569,0.525,0.481,0.579,0.441,0.371,0.547,0.627,0.623
"2018-07-03 00:00:00",2570,0.525,0.479,0.581,0.442,0.373,0.549,0.629,0.625
"2018-07-03 00:30:00",2571,0.525,0.478,0.583,0.442,0.373,0.55,0.629,0.626
"2018-07-03 01:00:00",2572,0.524,0.477,0.584,0.441,0.374,0.55,0.63,0.626
"2018-07-03 01:30:00",2573,0.524,0.475,0.585,0.441,0.374,0.55,0.63,0.626
"2018-07-03 02:00:00",2574,0.524,0.473,0.585,0.441,0.375,0.55,0.63,0.627
"2018-07-03 02:30:00",2575,0.523,0.472,0.586,0.441,0.375,0.55,0.63,0.628
"2018-07-03 03:00:00",2576,0.523,0.47,0.587,0.441,0.375,0.553,0.631,0.63
"2018-07-03 03:30:00",2577,0.522,0.469,0.587,0.44,0.376,0.552,0.63,0.629
"2018-07-03 04:00:00",2578,0.521,0.467,0.586,0.439,0.376,0.553,0.63,0.628
"2018-07-03 04:30:00",2579,0.52,0.464,0.587,0.438,0.376,0.551,0.629,0.626
"2018-07-03 05:00:00",2580,0.52,0.462,0.588,0.439,0.376,0.549,0.63,0.626
"2018-07-03 05:30:00",2581,0.519,0.462,0.587,0.437,0.376,0.548,0.629,0.626
"2018-07-03 06:00:00",2582,0.518,0.461,0.587,0.437,0.376,0.547,0.629,0.626
"2018-07-03 06:30:00",2583,0.517,0.46,0.587,0.436,0.376,0.548,0.629,0.628
"2018-07-03 07:00:00",2584,0.516,0.46,0.583,0.438,0.376,0.549,0.629,0.626
"2018-07-03 07:30:00",2585,0.508,0.462,0.547,0.438,0.375,0.535,0.628,0.625
"2018-07-03 08:00:00",2586,0.475,0.453,0.502,0.421,0.373,0.486,0.627,0.624
"2018-07-03 08:30:00",2587,0.444,0.431,0.48,0.4,0.36,0.453,0.619,0.622
"2018-07-03 09:00:00",2588,0.427,0.414,0.467,0.385,0.337,0.437,0.6,0.624
"2018-07-03 09:30:00",2589,0.414,0.399,0.458,0.376,0.311,0.422,0.566,0.616
"2018-07-03 10:00:00",2590,0.404,0.387,0.451,0.368,0.289,0.412,0.538,0.608
"2018-07-03 10:30:00",2591,0.398,0.383,0.446,0.364,0.276,0.406,0.52,0.599
"2018-07-03 11:00:00",2592,0.399,0.384,0.448,0.363,0.278,0.407,0.517,0.593
"2018-07-03 11:30:00",2593,0.397,0.381,0.445,0.36,0.274,0.404,0.51,0.589
"2018-07-03 12:00:00",2594,0.396,0.38,0.444,0.36,0.272,0.402,0.505,0.585
"2018-07-03 12:30:00",2595,0.394,0.379,0.441,0.36,0.267,0.399,0.499,0.581
"2018-07-03 13:00:00",2596,0.39,0.377,0.437,0.359,0.261,0.397,0.493,0.573
"2018-07-03 13:30:00",2597,0.39,0.377,0.437,0.361,0.256,0.396,0.494,0.575
"2018-07-03 14:00:00",2598,0.394,0.379,0.435,0.364,0.255,0.396,0.494,0.576
"2018-07-03 14:30:00",2599,0.399,0.382,0.436,0.366,0.256,0.397,0.496,0.579
"2018-07-03 15:00:00",2600,0.402,0.385,0.436,0.367,0.255,0.397,0.499,0.583
"2018-07-03 15:30:00",2601,0.405,0.392,0.436,0.368,0.257,0.397,0.5,0.587
"2018-07-03 16:00:00",2602,0.408,0.396,0.437,0.368,0.258,0.397,0.503,0.591
"2018-07-03 16:30:00",2603,0.41,0.399,0.437,0.37,0.259,0.397,0.506,0.593
"2018-07-03 17:00:00",2604,0.413,0.404,0.44,0.371,0.263,0.398,0.511,0.596
"2018-07-03 17:30:00",2605,0.418,0.41,0.444,0.374,0.27,0.4,0.518,0.598
"2018-07-03 18:00:00",2606,0.423,0.417,0.448,0.374,0.278,0.403,0.526,0.602
"2018-07-03 18:30:00",2607,0.43,0.426,0.455,0.377,0.29,0.407,0.535,0.604
"2018-07-03 19:00:00",2608,0.441,0.439,0.464,0.383,0.303,0.412,0.545,0.607
"2018-07-03 19:30:00",2609,0.468,0.459,0.492,0.396,0.323,0.438,0.564,0.61
"2018-07-03 20:00:00",2610,0.496,0.478,0.524,0.413,0.343,0.476,0.584,0.613
"2018-07-03 20:30:00",2611,0.512,0.486,0.543,0.423,0.354,0.51,0.598,0.614
"2018-07-03 21:00:00",2612,0.516,0.489,0.554,0.429,0.36,0.53,0.609,0.616
"2018-07-03 21:30:00",2613,0.518,0.49,0.561,0.433,0.364,0.539,0.617,0.618
"2018-07-03 22:00:00",2614,0.518,0.49,0.566,0.435,0.367,0.543,0.619,0.621
"2018-07-03 22:30:00",2615,0.516,0.486,0.566,0.431,0.368,0.545,0.611,0.617
"2018-07-03 23:00:00",2616,0.514,0.482,0.563,0.426,0.367,0.544,0.607,0.614
"2018-07-03 23:30:00",2617,0.516,0.485,0.567,0.431,0.369,0.547,0.616,0.619
"2018-07-04 00:00:00",2618,0.519,0.485,0.571,0.433,0.371,0.548,0.621,0.622
"2018-07-04 00:30:00",2619,0.52,0.484,0.575,0.433,0.373,0.55,0.624,0.624
"2018-07-04 01:00:00",2620,0.521,0.483,0.578,0.434,0.374,0.55,0.625,0.625
"2018-07-04 01:30:00",2621,0.521,0.481,0.58,0.435,0.375,0.549,0.627,0.626
"2018-07-04 02:00:00",2622,0.522,0.48,0.582,0.436,0.376,0.55,0.629,0.628
"2018-07-04 02:30:00",2623,0.522,0.479,0.583,0.436,0.376,0.551,0.63,0.63
"2018-07-04 03:00:00",2624,0.521,0.477,0.584,0.436,0.376,0.547,0.63,0.627
"2018-07-04 03:30:00",2625,0.52,0.476,0.584,0.436,0.377,0.547,0.63,0.628
"2018-07-04 04:00:00",2626,0.52,0.476,0.585,0.435,0.377,0.548,0.632,0.629
"2018-07-04 04:30:00",2627,0.52,0.474,0.586,0.435,0.377,0.548,0.632,0.629
"2018-07-04 05:00:00",2628,0.519,0.472,0.586,0.435,0.377,0.549,0.632,0.63
"2018-07-04 05:30:00",2629,0.518,0.471,0.587,0.436,0.377,0.549,0.631,0.63
"2018-07-04 06:00:00",2630,0.517,0.468,0.587,0.436,0.377,0.548,0.632,0.629
"2018-07-04 06:30:00",2631,0.516,0.465,0.587,0.435,0.377,0.547,0.632,0.628
"2018-07-04 07:00:00",2632,0.515,0.465,0.583,0.436,0.377,0.55,0.631,0.629
"2018-07-04 07:30:00",2633,0.507,0.466,0.559,0.436,0.377,0.539,0.631,0.63
"2018-07-04 08:00:00",2634,0.477,0.458,0.51,0.422,0.375,0.491,0.629,0.629
"2018-07-04 08:30:00",2635,0.442,0.434,0.48,0.396,0.359,0.451,0.617,0.627
"2018-07-04 09:00:00",2636,0.45,0.435,0.491,0.396,0.351,0.462,0.608,0.628
"2018-07-04 09:30:00",2637,0.438,0.422,0.475,0.388,0.337,0.441,0.594,0.627
"2018-07-04 10:00:00",2638,0.418,0.402,0.458,0.373,0.307,0.423,0.564,0.622
"2018-07-04 10:30:00",2639,0.402,0.386,0.445,0.357,0.283,0.407,0.532,0.611
"2018-07-04 11:00:00",2640,0.398,0.382,0.442,0.354,0.275,0.403,0.518,0.603
"2018-07-04 11:30:00",2641,0.394,0.379,0.438,0.351,0.268,0.399,0.508,0.595
"2018-07-04 12:00:00",2642,0.394,0.379,0.439,0.353,0.27,0.4,0.504,0.59
"2018-07-04 12:30:00",2643,0.396,0.381,0.44,0.356,0.27,0.4,0.503,0.587
"2018-07-04 13:00:00",2644,0.394,0.381,0.438,0.355,0.266,0.398,0.499,0.584
"2018-07-04 13:30:00",2645,0.393,0.38,0.435,0.354,0.26,0.396,0.497,0.581
"2018-07-04 14:00:00",2646,0.398,0.384,0.435,0.358,0.26,0.396,0.501,0.585
"2018-07-04 14:30:00",2647,0.403,0.388,0.434,0.362,0.261,0.396,0.503,0.587
"2018-07-04 15:00:00",2648,0.406,0.39,0.434,0.363,0.262,0.397,0.504,0.589
"2018-07-04 15:30:00",2649,0.408,0.392,0.436,0.365,0.262,0.397,0.505,0.592
"2018-07-04 16:00:00",2650,0.41,0.396,0.437,0.367,0.263,0.398,0.508,0.596
"2018-07-04 16:30:00",2651,0.412,0.397,0.438,0.368,0.263,0.398,0.511,0.599
"2018-07-04 17:00:00",2652,0.414,0.4,0.44,0.369,0.264,0.398,0.515,0.601
"2018-07-04 17:30:00",2653,0.427,0.412,0.449,0.376,0.279,0.406,0.525,0.604
"2018-07-04 18:00:00",2654,0.45,0.433,0.467,0.389,0.306,0.419,0.544,0.604
"2018-07-04 18:30:00",2655,0.477,0.455,0.498,0.404,0.33,0.448,0.569,0.61
"2018-07-04 19:00:00",2656,0.505,0.474,0.531,0.422,0.349,0.488,0.589,0.614
"2018-07-04 19:30:00",2657,0.512,0.48,0.542,0.426,0.356,0.503,0.601,0.618
"2018-07-04 20:00:00",2658,0.511,0.484,0.552,0.43,0.36,0.518,0.61,0.619
"2018-07-04 20:30:00",2659,0.515,0.486,0.564,0.434,0.365,0.534,0.617,0.619
"2018-07-04 21:00:00",2660,0.515,0.486,0.568,0.435,0.367,0.542,0.622,0.622
"2018-07-04 21:30:00",2661,0.516,0.485,0.569,0.435,0.368,0.548,0.624,0.625
"2018-07-04 22:00:00",2662,0.516,0.484,0.568,0.433,0.369,0.551,0.623,0.626
"2018-07-04 22:30:00",2663,0.517,0.483,0.57,0.433,0.37,0.552,0.624,0.626
"2018-07-04 23:00:00",2664,0.517,0.481,0.572,0.432,0.371,0.553,0.623,0.624
"2018-07-04 23:30:00",2665,0.518,0.48,0.575,0.433,0.371,0.553,0.626,0.624
"2018-07-05 00:00:00",2666,0.518,0.477,0.576,0.434,0.372,0.554,0.625,0.624
"2018-07-05 00:30:00",2667,0.518,0.474,0.578,0.434,0.373,0.553,0.626,0.623
"2018-07-05 01:00:00",2668,0.518,0.472,0.577,0.431,0.372,0.553,0.624,0.621
"2018-07-05 01:30:00",2669,0.518,0.471,0.58,0.433,0.373,0.553,0.628,0.623
"2018-07-05 02:00:00",2670,0.518,0.471,0.582,0.434,0.373,0.554,0.632,0.623
"2018-07-05 02:30:00",2671,0.518,0.47,0.584,0.435,0.374,0.552,0.631,0.625
"2018-07-05 03:00:00",2672,0.518,0.469,0.585,0.435,0.375,0.551,0.631,0.624
"2018-07-05 03:30:00",2673,0.518,0.467,0.586,0.435,0.375,0.549,0.632,0.625
"2018-07-05 04:00:00",2674,0.517,0.465,0.586,0.436,0.375,0.548,0.632,0.625
"2018-07-05 04:30:00",2675,0.516,0.464,0.586,0.435,0.375,0.547,0.632,0.625
"2018-07-05 05:00:00",2676,0.515,0.463,0.586,0.435,0.375,0.547,0.634,0.626
"2018-07-05 05:30:00",2677,0.514,0.462,0.586,0.434,0.375,0.547,0.634,0.627
"2018-07-05 06:00:00",2678,0.513,0.461,0.586,0.434,0.375,0.546,0.633,0.626
"2018-07-05 06:30:00",2679,0.512,0.46,0.585,0.434,0.375,0.545,0.632,0.626
"2018-07-05 07:00:00",2680,0.512,0.459,0.585,0.432,0.375,0.547,0.631,0.626
"2018-07-05 07:30:00",2681,0.511,0.459,0.586,0.433,0.375,0.547,0.631,0.625
"2018-07-05 08:00:00",2682,0.51,0.459,0.586,0.435,0.374,0.549,0.63,0.624
"2018-07-05 08:30:00",2683,0.51,0.459,0.586,0.435,0.374,0.551,0.628,0.626
"2018-07-05 09:00:00",2684,0.505,0.459,0.571,0.436,0.373,0.54,0.628,0.625
"2018-07-05 09:30:00",2685,0.472,0.45,0.515,0.418,0.366,0.489,0.622,0.624
"2018-07-05 10:00:00",2686,0.445,0.433,0.482,0.4,0.353,0.448,0.617,0.625
"2018-07-05 10:30:00",2687,0.421,0.41,0.465,0.38,0.323,0.428,0.598,0.62
"2018-07-05 11:00:00",2688,0.409,0.397,0.453,0.369,0.303,0.414,0.568,0.621
"2018-07-05 11:30:00",2689,0.394,0.38,0.441,0.357,0.279,0.402,0.534,0.614
"2018-07-05 12:00:00",2690,0.391,0.377,0.439,0.356,0.274,0.399,0.521,0.606
"2018-07-05 12:30:00",2691,0.4,0.387,0.447,0.362,0.281,0.407,0.522,0.601
"2018-07-05 13:00:00",2692,0.393,0.382,0.44,0.359,0.273,0.398,0.516,0.6
"2018-07-05 13:30:00",2693,0.389,0.377,0.435,0.356,0.261,0.397,0.504,0.592
"2018-07-05 14:00:00",2694,0.388,0.377,0.433,0.358,0.26,0.396,0.502,0.589
"2018-07-05 14:30:00",2695,0.391,0.381,0.433,0.36,0.261,0.397,0.505,0.591
"2018-07-05 15:00:00",2696,0.396,0.383,0.433,0.363,0.262,0.397,0.507,0.591
"2018-07-05 15:30:00",2697,0.399,0.385,0.434,0.363,0.262,0.397,0.506,0.592
"2018-07-05 16:00:00",2698,0.403,0.388,0.436,0.365,0.264,0.397,0.509,0.592
"2018-07-05 16:30:00",2699,0.411,0.395,0.442,0.371,0.269,0.401,0.517,0.596
"2018-07-05 17:00:00",2700,0.419,0.402,0.445,0.373,0.28,0.404,0.526,0.598
"2018-07-05 17:30:00",2701,0.423,0.407,0.449,0.372,0.284,0.407,0.531,0.6
"2018-07-05 18:00:00",2702,0.43,0.416,0.457,0.373,0.295,0.41,0.542,0.604
"2018-07-05 18:30:00",2703,0.429,0.42,0.458,0.371,0.299,0.408,0.549,0.607
"2018-07-05 19:00:00",2704,0.438,0.436,0.467,0.375,0.313,0.412,0.56,0.61
"2018-07-05 19:30:00",2705,0.454,0.455,0.483,0.384,0.333,0.426,0.574,0.613
"2018-07-05 20:00:00",2706,0.485,0.47,0.519,0.404,0.35,0.471,0.59,0.616
"2018-07-05 20:30:00",2707,0.503,0.478,0.547,0.421,0.359,0.514,0.605,0.618
"2018-07-05 21:00:00",2708,0.508,0.48,0.56,0.428,0.364,0.536,0.613,0.619
"2018-07-05 21:30:00",2709,0.511,0.481,0.568,0.431,0.367,0.546,0.62,0.62
"2018-07-05 22:00:00",2710,0.514,0.48,0.574,0.433,0.369,0.549,0.625,0.622
"2018-07-05 22:30:00",2711,0.515,0.479,0.576,0.433,0.37,0.551,0.627,0.623
"2018-07-05 23:00:00",2712,0.515,0.477,0.577,0.433,0.371,0.552,0.63,0.624
"2018-07-05 23:30:00",2713,0.516,0.476,0.578,0.434,0.372,0.552,0.631,0.625
"2018-07-06 00:00:00",2714,0.516,0.475,0.579,0.434,0.373,0.552,0.63,0.623
"2018-07-06 00:30:00",2715,0.516,0.474,0.581,0.435,0.373,0.553,0.633,0.626
"2018-07-06 01:00:00",2716,0.516,0.473,0.582,0.437,0.374,0.553,0.633,0.627
"2018-07-06 01:30:00",2717,0.516,0.472,0.584,0.437,0.375,0.553,0.634,0.628
"2018-07-06 02:00:00",2718,0.515,0.471,0.585,0.437,0.375,0.553,0.634,0.629
"2018-07-06 02:30:00",2719,0.515,0.47,0.585,0.437,0.375,0.553,0.634,0.63
"2018-07-06 03:00:00",2720,0.514,0.469,0.585,0.436,0.375,0.553,0.632,0.631
"2018-07-06 03:30:00",2721,0.513,0.467,0.585,0.437,0.375,0.553,0.632,0.631
"2018-07-06 04:00:00",2722,0.513,0.466,0.585,0.437,0.375,0.554,0.632,0.631
"2018-07-06 04:30:00",2723,0.512,0.465,0.585,0.438,0.375,0.554,0.632,0.63
"2018-07-06 05:00:00",2724,0.512,0.464,0.585,0.439,0.376,0.553,0.631,0.629
"2018-07-06 05:30:00",2725,0.512,0.464,0.585,0.439,0.375,0.555,0.632,0.631
"2018-07-06 06:00:00",2726,0.512,0.464,0.585,0.439,0.376,0.555,0.632,0.63
"2018-07-06 06:30:00",2727,0.51,0.465,0.583,0.44,0.376,0.555,0.633,0.63
"2018-07-06 07:00:00",2728,0.508,0.466,0.573,0.439,0.376,0.552,0.632,0.63
"2018-07-06 07:30:00",2729,0.499,0.465,0.551,0.434,0.374,0.532,0.63,0.628
"2018-07-06 08:00:00",2730,0.486,0.461,0.533,0.426,0.371,0.506,0.629,0.628
"2018-07-06 08:30:00",2731,0.474,0.456,0.52,0.416,0.368,0.488,0.623,0.628
"2018-07-06 09:00:00",2732,0.466,0.45,0.512,0.411,0.364,0.476,0.619,0.628
"2018-07-06 09:30:00",2733,0.455,0.44,0.498,0.403,0.355,0.462,0.61,0.628
"2018-07-06 10:00:00",2734,0.448,0.433,0.492,0.398,0.344,0.456,0.602,0.628
"2018-07-06 10:30:00",2735,0.449,0.433,0.493,0.401,0.342,0.456,0.599,0.628
"2018-07-06 11:00:00",2736,0.436,0.421,0.478,0.391,0.329,0.441,0.585,0.627
"2018-07-06 11:30:00",2737,0.423,0.408,0.465,0.382,0.311,0.429,0.57,0.624
"2018-07-06 12:00:00",2738,0.42,0.406,0.463,0.377,0.305,0.425,0.566,0.624
"2018-07-06 12:30:00",2739,0.428,0.414,0.471,0.384,0.315,0.43,0.569,0.624
"2018-07-06 13:00:00",2740,0.423,0.408,0.461,0.377,0.31,0.426,0.554,0.619
"2018-07-06 13:30:00",2741,0.425,0.412,0.466,0.382,0.311,0.427,0.562,0.622
"2018-07-06 14:00:00",2742,0.415,0.403,0.457,0.376,0.298,0.418,0.552,0.621
"2018-07-06 14:30:00",2743,0.406,0.394,0.449,0.37,0.286,0.41,0.537,0.615
"2018-07-06 15:00:00",2744,0.396,0.387,0.441,0.362,0.275,0.401,0.525,0.611
"2018-07-06 15:30:00",2745,0.404,0.395,0.447,0.368,0.284,0.408,0.529,0.611
"2018-07-06 16:00:00",2746,0.405,0.396,0.449,0.371,0.284,0.408,0.532,0.609
"2018-07-06 16:30:00",2747,0.398,0.391,0.443,0.366,0.275,0.405,0.518,0.601
"2018-07-06 17:00:00",2748,0.419,0.408,0.462,0.38,0.299,0.425,0.542,0.606
"2018-07-06 17:30:00",2749,0.437,0.427,0.479,0.393,0.322,0.442,0.565,0.613
"2018-07-06 18:00:00",2750,0.45,0.437,0.492,0.403,0.334,0.455,0.579,0.616
"2018-07-06 18:30:00",2751,0.461,0.448,0.504,0.408,0.342,0.467,0.589,0.62
"2018-07-06 19:00:00",2752,0.469,0.457,0.518,0.413,0.351,0.48,0.6,0.621
"2018-07-06 19:30:00",2753,0.465,0.46,0.519,0.405,0.354,0.481,0.603,0.624
"2018-07-06 20:00:00",2754,0.463,0.464,0.519,0.4,0.356,0.476,0.611,0.624
"2018-07-06 20:30:00",2755,0.475,0.47,0.54,0.41,0.363,0.498,0.619,0.625
"2018-07-06 21:00:00",2756,0.486,0.474,0.557,0.42,0.368,0.52,0.625,0.626
"2018-07-06 21:30:00",2757,0.496,0.475,0.566,0.427,0.372,0.533,0.628,0.626
"2018-07-06 22:00:00",2758,0.502,0.476,0.572,0.432,0.375,0.542,0.631,0.628
"2018-07-06 22:30:00",2759,0.508,0.476,0.577,0.434,0.376,0.547,0.632,0.63
"2018-07-06 23:00:00",2760,0.509,0.476,0.577,0.436,0.376,0.551,0.634,0.631
"2018-07-06 23:30:00",2761,0.506,0.474,0.571,0.429,0.376,0.55,0.627,0.63
"2018-07-07 00:00:00",2762,0.502,0.472,0.564,0.419,0.376,0.548,0.617,0.624
"2018-07-07 00:30:00",2763,0.496,0.471,0.557,0.413,0.375,0.544,0.61,0.617
"2018-07-07 01:00:00",2764,0.487,0.468,0.552,0.405,0.374,0.539,0.596,0.609
"2018-07-07 01:30:00",2765,0.478,0.462,0.548,0.401,0.372,0.534,0.587,0.599
"2018-07-07 02:00:00",2766,0.474,0.46,0.547,0.401,0.371,0.534,0.587,0.6
"2018-07-07 02:30:00",2767,0.476,0.459,0.548,0.403,0.372,0.535,0.588,0.601
"2018-07-07 03:00:00",2768,0.476,0.457,0.548,0.402,0.373,0.535,0.588,0.605
"2018-07-07 03:30:00",2769,0.475,0.454,0.546,0.399,0.374,0.533,0.586,0.605
"2018-07-07 04:00:00",2770,0.472,0.453,0.543,0.395,0.376,0.53,0.582,0.602
"2018-07-07 04:30:00",2771,0.468,0.453,0.54,0.39,0.376,0.527,0.582,0.6
"2018-07-07 05:00:00",2772,0.466,0.453,0.54,0.39,0.375,0.527,0.585,0.603
"2018-07-07 05:30:00",2773,0.466,0.455,0.54,0.391,0.375,0.527,0.588,0.604
"2018-07-07 06:00:00",2774,0.467,0.454,0.534,0.39,0.375,0.525,0.589,0.608
"2018-07-07 06:30:00",2775,0.455,0.442,0.481,0.366,0.368,0.476,0.585,0.605
"2018-07-07 07:00:00",2776,0.448,0.428,0.466,0.363,0.343,0.452,0.581,0.606
"2018-07-07 07:30:00",2777,0.447,0.426,0.468,0.366,0.336,0.446,0.576,0.606
"2018-07-07 08:00:00",2778,0.446,0.422,0.464,0.366,0.339,0.437,0.569,0.606
"2018-07-07 08:30:00",2779,0.442,0.417,0.459,0.364,0.338,0.431,0.562,0.61
"2018-07-07 09:00:00",2780,0.436,0.41,0.454,0.363,0.324,0.425,0.554,0.608
"2018-07-07 09:30:00",2781,0.431,0.405,0.451,0.361,0.313,0.421,0.549,0.61
"2018-07-07 10:00:00",2782,0.423,0.398,0.446,0.358,0.303,0.415,0.543,0.609
"2018-07-07 10:30:00",2783,0.412,0.391,0.439,0.353,0.291,0.407,0.531,0.603
"2018-07-07 11:00:00",2784,0.404,0.386,0.436,0.35,0.281,0.402,0.519,0.598
"2018-07-07 11:30:00",2785,0.4,0.382,0.434,0.35,0.278,0.4,0.513,0.596
"2018-07-07 12:00:00",2786,0.4,0.382,0.435,0.353,0.278,0.401,0.512,0.596
"2018-07-07 12:30:00",2787,0.401,0.382,0.435,0.354,0.278,0.401,0.512,0.596
"2018-07-07 13:00:00",2788,0.403,0.383,0.436,0.356,0.278,0.403,0.511,0.596
"2018-07-07 13:30:00",2789,0.405,0.387,0.437,0.358,0.279,0.403,0.513,0.595
"2018-07-07 14:00:00",2790,0.406,0.39,0.436,0.359,0.279,0.404,0.514,0.595
"2018-07-07 14:30:00",2791,0.403,0.388,0.434,0.357,0.274,0.401,0.514,0.596
"2018-07-07 15:00:00",2792,0.409,0.391,0.436,0.36,0.276,0.403,0.52,0.602
"2018-07-07 15:30:00",2793,0.41,0.39,0.435,0.359,0.273,0.401,0.517,0.601
"2018-07-07 16:00:00",2794,0.414,0.392,0.436,0.361,0.273,0.402,0.52,0.602
"2018-07-07 16:30:00",2795,0.417,0.393,0.437,0.361,0.272,0.402,0.522,0.605
"2018-07-07 17:00:00",2796,0.419,0.396,0.438,0.36,0.273,0.401,0.524,0.604
"2018-07-07 17:30:00",2797,0.421,0.401,0.44,0.362,0.276,0.401,0.529,0.604
"2018-07-07 18:00:00",2798,0.424,0.406,0.442,0.363,0.28,0.403,0.534,0.606
"2018-07-07 18:30:00",2799,0.427,0.413,0.445,0.365,0.285,0.405,0.542,0.605
"2018-07-07 19:00:00",2800,0.434,0.425,0.448,0.366,0.295,0.408,0.553,0.606
"2018-07-07 19:30:00",2801,0.443,0.442,0.454,0.369,0.314,0.413,0.561,0.608
"2018-07-07 20:00:00",2802,0.463,0.457,0.468,0.379,0.334,0.424,0.579,0.614
"2018-07-07 20:30:00",2803,0.496,0.473,0.503,0.404,0.354,0.453,0.603,0.624
"2018-07-07 21:00:00",2804,0.511,0.483,0.526,0.418,0.363,0.476,0.617,0.629
"2018-07-07 21:30:00",2805,0.513,0.482,0.542,0.421,0.367,0.498,0.614,0.627
"2018-07-07 22:00:00",2806,0.516,0.483,0.553,0.425,0.369,0.52,0.62,0.628
"2018-07-07 22:30:00",2807,0.519,0.484,0.559,0.426,0.372,0.532,0.623,0.629
"2018-07-07 23:00:00",2808,0.521,0.486,0.564,0.431,0.373,0.539,0.629,0.632
"2018-07-07 23:30:00",2809,0.523,0.488,0.568,0.435,0.375,0.543,0.633,0.635
"2018-07-08 00:00:00",2810,0.524,0.488,0.571,0.436,0.377,0.548,0.633,0.635
"2018-07-08 00:30:00",2811,0.526,0.488,0.573,0.436,0.379,0.551,0.634,0.636
"2018-07-08 01:00:00",2812,0.526,0.486,0.574,0.436,0.379,0.554,0.634,0.637
"2018-07-08 01:30:00",2813,0.527,0.485,0.578,0.438,0.38,0.554,0.636,0.637
"2018-07-08 02:00:00",2814,0.528,0.483,0.58,0.438,0.382,0.551,0.637,0.637
"2018-07-08 02:30:00",2815,0.529,0.482,0.583,0.438,0.383,0.551,0.638,0.639
"2018-07-08 03:00:00",2816,0.531,0.482,0.585,0.438,0.384,0.552,0.64,0.641
"2018-07-08 03:30:00",2817,0.532,0.482,0.587,0.439,0.386,0.552,0.641,0.643
"2018-07-08 04:00:00",2818,0.532,0.481,0.59,0.439,0.386,0.555,0.642,0.645
"2018-07-08 04:30:00",2819,0.532,0.48,0.592,0.439,0.387,0.556,0.643,0.646
"2018-07-08 05:00:00",2820,0.533,0.478,0.593,0.439,0.387,0.556,0.644,0.647
"2018-07-08 05:30:00",2821,0.532,0.476,0.593,0.44,0.388,0.554,0.644,0.647
"2018-07-08 06:00:00",2822,0.532,0.476,0.594,0.44,0.388,0.556,0.645,0.648
"2018-07-08 06:30:00",2823,0.532,0.475,0.595,0.44,0.388,0.556,0.645,0.648
"2018-07-08 07:00:00",2824,0.532,0.475,0.589,0.441,0.388,0.56,0.646,0.648
"2018-07-08 07:30:00",2825,0.523,0.475,0.55,0.439,0.387,0.544,0.644,0.645
"2018-07-08 08:00:00",2826,0.486,0.46,0.499,0.417,0.38,0.494,0.64,0.642
"2018-07-08 08:30:00",2827,0.438,0.417,0.461,0.377,0.334,0.442,0.607,0.625
"2018-07-08 09:00:00",2828,0.421,0.4,0.452,0.363,0.31,0.425,0.587,0.616
"2018-07-08 09:30:00",2829,0.412,0.393,0.448,0.357,0.297,0.415,0.564,0.611
"2018-07-08 10:00:00",2830,0.407,0.388,0.443,0.353,0.282,0.408,0.543,0.607
"2018-07-08 10:30:00",2831,0.401,0.385,0.439,0.35,0.273,0.403,0.525,0.6
"2018-07-08 11:00:00",2832,0.398,0.382,0.437,0.348,0.267,0.401,0.514,0.594
"2018-07-08 11:30:00",2833,0.397,0.381,0.436,0.352,0.268,0.401,0.507,0.59
"2018-07-08 12:00:00",2834,0.399,0.382,0.436,0.354,0.27,0.401,0.506,0.589
"2018-07-08 12:30:00",2835,0.4,0.383,0.436,0.354,0.269,0.401,0.503,0.586
"2018-07-08 13:00:00",2836,0.4,0.384,0.434,0.354,0.266,0.399,0.5,0.583
"2018-07-08 13:30:00",2837,0.403,0.385,0.434,0.356,0.264,0.399,0.499,0.584
"2018-07-08 14:00:00",2838,0.406,0.387,0.432,0.358,0.264,0.399,0.5,0.584
"2018-07-08 14:30:00",2839,0.41,0.389,0.433,0.361,0.265,0.4,0.504,0.589
"2018-07-08 15:00:00",2840,0.411,0.391,0.432,0.36,0.265,0.399,0.504,0.589
"2018-07-08 15:30:00",2841,0.414,0.393,0.433,0.364,0.265,0.4,0.509,0.593
"2018-07-08 16:00:00",2842,0.416,0.395,0.435,0.366,0.267,0.4,0.511,0.596
"2018-07-08 16:30:00",2843,0.417,0.398,0.436,0.367,0.266,0.4,0.514,0.595
"2018-07-08 17:00:00",2844,0.421,0.401,0.439,0.37,0.268,0.401,0.521,0.599
"2018-07-08 17:30:00",2845,0.424,0.405,0.442,0.372,0.272,0.402,0.529,0.603
"2018-07-08 18:00:00",2846,0.429,0.411,0.447,0.376,0.279,0.405,0.538,0.607
"2018-07-08 18:30:00",2847,0.436,0.421,0.453,0.379,0.289,0.409,0.551,0.609
"2018-07-08 19:00:00",2848,0.448,0.442,0.464,0.386,0.313,0.412,0.568,0.616
"2018-07-08 19:30:00",2849,0.465,0.457,0.477,0.391,0.332,0.421,0.581,0.617
"2018-07-08 20:00:00",2850,0.49,0.471,0.5,0.403,0.349,0.439,0.595,0.62
"2018-07-08 20:30:00",2851,0.514,0.482,0.527,0.417,0.36,0.471,0.61,0.624
"2018-07-08 21:00:00",2852,0.527,0.488,0.549,0.428,0.367,0.501,0.62,0.627
"2018-07-08 21:30:00",2853,0.53,0.491,0.562,0.434,0.372,0.52,0.627,0.63
"2018-07-08 22:00:00",2854,0.528,0.492,0.565,0.437,0.374,0.531,0.629,0.633
"2018-07-08 22:30:00",2855,0.527,0.492,0.568,0.439,0.374,0.54,0.63,0.633
"2018-07-08 23:00:00",2856,0.527,0.492,0.569,0.44,0.375,0.542,0.632,0.633
"2018-07-08 23:30:00",2857,0.527,0.491,0.571,0.44,0.377,0.541,0.634,0.633
"2018-07-09 00:00:00",2858,0.529,0.491,0.573,0.439,0.379,0.543,0.637,0.635
"2018-07-09 00:30:00",2859,0.53,0.492,0.575,0.439,0.38,0.545,0.637,0.638
"2018-07-09 01:00:00",2860,0.532,0.493,0.578,0.439,0.381,0.545,0.639,0.64
"2018-07-09 01:30:00",2861,0.534,0.492,0.582,0.44,0.383,0.547,0.64,0.641
"2018-07-09 02:00:00",2862,0.536,0.492,0.585,0.44,0.384,0.551,0.64,0.643
"2018-07-09 02:30:00",2863,0.537,0.491,0.588,0.441,0.385,0.554,0.642,0.645
"2018-07-09 03:00:00",2864,0.539,0.49,0.59,0.441,0.386,0.557,0.642,0.647
"2018-07-09 03:30:00",2865,0.54,0.488,0.592,0.442,0.387,0.555,0.642,0.647
"2018-07-09 04:00:00",2866,0.54,0.485,0.593,0.442,0.387,0.554,0.643,0.647
"2018-07-09 04:30:00",2867,0.54,0.484,0.594,0.442,0.388,0.552,0.643,0.647
"2018-07-09 05:00:00",2868,0.541,0.483,0.595,0.442,0.388,0.553,0.644,0.647
"2018-07-09 05:30:00",2869,0.541,0.482,0.595,0.442,0.388,0.555,0.645,0.648
"2018-07-09 06:00:00",2870,0.541,0.481,0.596,0.442,0.388,0.556,0.645,0.648
"2018-07-09 06:30:00",2871,0.541,0.479,0.596,0.443,0.388,0.556,0.645,0.648
"2018-07-09 07:00:00",2872,0.539,0.479,0.585,0.444,0.387,0.556,0.647,0.648
"2018-07-09 07:30:00",2873,0.524,0.478,0.541,0.438,0.386,0.531,0.646,0.648
"2018-07-09 08:00:00",2874,0.489,0.462,0.503,0.421,0.38,0.496,0.643,0.645
"2018-07-09 08:30:00",2875,0.455,0.432,0.475,0.397,0.359,0.456,0.637,0.64
"2018-07-09 09:00:00",2876,0.437,0.413,0.461,0.381,0.332,0.435,0.621,0.637
"2018-07-09 09:30:00",2877,0.425,0.402,0.451,0.372,0.302,0.419,0.592,0.631
"2018-07-09 10:00:00",2878,0.417,0.395,0.446,0.367,0.283,0.41,0.562,0.626
"2018-07-09 10:30:00",2879,0.412,0.391,0.442,0.36,0.274,0.407,0.54,0.62
