"TOA5","CR1000-SALT","CR1000","86631","CR1000.Std.31.03","CPU:Sapflow_SERC.CR1","8974","Table1"
"TIMESTAMP","RECORD","DiffVolt_Avg(1)","DiffVolt_Avg(2)","DiffVolt_Avg(3)","DiffVolt_Avg(4)","DiffVolt_Avg(5)","DiffVolt_Avg(6)","DiffVolt_Avg(7)","DiffVolt_Avg(8)"
"TS","RN","mV","mV","mV","mV","mV","mV","mV","mV"
"","","Avg","Avg","Avg","Avg","Avg","Avg","Avg","Avg"
"2018-06-05 10:00:00",1246,0.452,0.455,0.481,0.382,0.299,0.434,0.537,0.595
"2018-06-05 10:30:00",1247,0.45,0.452,0.478,0.379,0.292,0.431,0.525,0.588
"2018-06-05 11:00:00",1248,0.45,0.449,0.473,0.376,0.288,0.428,0.518,0.579
"2018-06-05 11:30:00",1249,0.451,0.449,0.473,0.377,0.292,0.429,0.513,0.577
"2018-06-05 12:00:00",1250,0.454,0.45,0.474,0.38,0.292,0.428,0.51,0.57
"2018-06-05 12:30:00",1251,0.457,0.451,0.473,0.38,0.29,0.427,0.506,0.566
"2018-06-05 13:00:00",1252,0.46,0.451,0.472,0.381,0.29,0.427,0.504,0.562
"2018-06-05 13:30:00",1253,0.464,0.451,0.472,0.382,0.289,0.427,0.505,0.562
"2018-06-05 14:00:00",1254,0.472,0.456,0.474,0.386,0.298,0.43,0.51,0.563
"2018-06-05 14:30:00",1255,0.486,0.465,0.479,0.391,0.32,0.435,0.521,0.569
"2018-06-05 15:00:00",1256,0.481,0.46,0.473,0.386,0.316,0.429,0.517,0.573
"2018-06-05 15:30:00",1257,0.479,0.457,0.472,0.385,0.319,0.427,0.514,0.57
"2018-06-05 16:00:00",1258,0.487,0.461,0.475,0.388,0.336,0.429,0.517,0.571
"2018-06-05 16:30:00",1259,0.498,0.468,0.48,0.39,0.353,0.432,0.525,0.575
"2018-06-05 17:00:00",1260,0.505,0.472,0.482,0.391,0.353,0.433,0.533,0.578
"2018-06-05 17:30:00",1261,0.521,0.484,0.493,0.397,0.37,0.44,0.541,0.582
"2018-06-05 18:00:00",1262,0.551,0.508,0.522,0.413,0.396,0.462,0.561,0.585
"2018-06-05 18:30:00",1263,0.556,0.498,0.507,0.415,0.396,0.461,0.564,0.587
"2018-06-05 19:00:00",1264,0.545,0.505,0.502,0.395,0.392,0.449,0.569,0.589
"2018-06-05 19:30:00",1265,0.576,0.522,0.539,0.417,0.409,0.489,0.584,0.593
"2018-06-05 20:00:00",1266,0.596,0.536,0.558,0.432,0.415,0.517,0.593,0.596
"2018-06-05 20:30:00",1267,0.61,0.543,0.576,0.444,0.418,0.533,0.609,0.597
"2018-06-05 21:00:00",1268,0.619,0.546,0.587,0.45,0.42,0.552,0.617,0.6
"2018-06-05 21:30:00",1269,0.623,0.539,0.587,0.447,0.417,0.56,0.613,0.596
"2018-06-05 22:00:00",1270,0.628,0.531,0.583,0.438,0.417,0.561,0.606,0.589
"2018-06-05 22:30:00",1271,0.634,0.532,0.591,0.445,0.415,0.569,0.617,0.597
"2018-06-05 23:00:00",1272,0.637,0.533,0.597,0.45,0.414,0.575,0.624,0.604
"2018-06-05 23:30:00",1273,0.64,0.533,0.601,0.453,0.413,0.577,0.629,0.607
"2018-06-06 00:00:00",1274,0.641,0.532,0.604,0.454,0.411,0.578,0.632,0.608
"2018-06-06 00:30:00",1275,0.642,0.531,0.606,0.455,0.41,0.578,0.634,0.609
"2018-06-06 01:00:00",1276,0.643,0.53,0.606,0.455,0.409,0.579,0.633,0.61
"2018-06-06 01:30:00",1277,0.644,0.53,0.607,0.456,0.409,0.58,0.636,0.612
"2018-06-06 02:00:00",1278,0.645,0.529,0.607,0.456,0.408,0.58,0.635,0.613
"2018-06-06 02:30:00",1279,0.646,0.528,0.607,0.456,0.408,0.581,0.635,0.613
"2018-06-06 03:00:00",1280,0.647,0.527,0.607,0.457,0.407,0.582,0.633,0.612
"2018-06-06 03:30:00",1281,0.647,0.526,0.607,0.456,0.406,0.582,0.633,0.612
"2018-06-06 04:00:00",1282,0.646,0.523,0.607,0.454,0.405,0.581,0.631,0.609
"2018-06-06 04:30:00",1283,0.646,0.522,0.607,0.455,0.404,0.582,0.633,0.61
"2018-06-06 05:00:00",1284,0.645,0.52,0.605,0.451,0.403,0.581,0.629,0.609
"2018-06-06 05:30:00",1285,0.644,0.521,0.606,0.454,0.404,0.582,0.634,0.611
"2018-06-06 06:00:00",1286,0.643,0.52,0.607,0.456,0.405,0.582,0.635,0.612
"2018-06-06 06:30:00",1287,0.638,0.52,0.599,0.456,0.405,0.579,0.635,0.613
"2018-06-06 07:00:00",1288,0.626,0.517,0.566,0.452,0.4,0.558,0.634,0.615
"2018-06-06 07:30:00",1289,0.601,0.508,0.533,0.438,0.391,0.525,0.628,0.614
"2018-06-06 08:00:00",1290,0.574,0.491,0.514,0.421,0.38,0.497,0.618,0.611
"2018-06-06 08:30:00",1291,0.558,0.473,0.499,0.403,0.364,0.476,0.599,0.603
"2018-06-06 09:00:00",1292,0.547,0.46,0.492,0.393,0.35,0.462,0.585,0.596
"2018-06-06 09:30:00",1293,0.542,0.455,0.491,0.39,0.34,0.456,0.572,0.594
"2018-06-06 10:00:00",1294,0.543,0.456,0.494,0.393,0.337,0.456,0.559,0.592
"2018-06-06 10:30:00",1295,0.526,0.448,0.48,0.381,0.319,0.437,0.54,0.585
"2018-06-06 11:00:00",1296,0.521,0.443,0.477,0.377,0.307,0.433,0.529,0.581
"2018-06-06 11:30:00",1297,0.521,0.441,0.475,0.374,0.306,0.43,0.521,0.579
"2018-06-06 12:00:00",1298,0.524,0.443,0.475,0.374,0.305,0.43,0.517,0.577
"2018-06-06 12:30:00",1299,0.527,0.445,0.474,0.377,0.311,0.428,0.517,0.573
"2018-06-06 13:00:00",1300,0.524,0.444,0.475,0.376,0.302,0.427,0.512,0.571
"2018-06-06 13:30:00",1301,0.532,0.448,0.478,0.382,0.307,0.432,0.517,0.572
"2018-06-06 14:00:00",1302,0.527,0.447,0.474,0.379,0.302,0.426,0.514,0.572
"2018-06-06 14:30:00",1303,0.526,0.447,0.473,0.377,0.299,0.424,0.513,0.573
"2018-06-06 15:00:00",1304,0.535,0.454,0.476,0.382,0.306,0.429,0.517,0.575
"2018-06-06 15:30:00",1305,0.543,0.459,0.479,0.387,0.314,0.432,0.522,0.579
"2018-06-06 16:00:00",1306,0.554,0.467,0.486,0.393,0.323,0.44,0.534,0.582
"2018-06-06 16:30:00",1307,0.572,0.482,0.497,0.402,0.343,0.451,0.551,0.59
"2018-06-06 17:00:00",1308,0.591,0.497,0.517,0.413,0.352,0.472,0.567,0.597
"2018-06-06 17:30:00",1309,0.604,0.506,0.529,0.423,0.356,0.49,0.588,0.6
"2018-06-06 18:00:00",1310,0.626,0.527,0.56,0.435,0.379,0.525,0.607,0.603
"2018-06-06 18:30:00",1311,0.637,0.532,0.569,0.442,0.386,0.53,0.615,0.606
"2018-06-06 19:00:00",1312,0.641,0.533,0.571,0.445,0.388,0.535,0.623,0.607
"2018-06-06 19:30:00",1313,0.646,0.537,0.579,0.449,0.391,0.542,0.628,0.608
"2018-06-06 20:00:00",1314,0.652,0.539,0.589,0.453,0.394,0.552,0.632,0.608
"2018-06-06 20:30:00",1315,0.656,0.538,0.597,0.455,0.397,0.563,0.634,0.61
"2018-06-06 21:00:00",1316,0.658,0.535,0.602,0.456,0.399,0.565,0.636,0.607
"2018-06-06 21:30:00",1317,0.659,0.533,0.605,0.457,0.4,0.57,0.638,0.61
"2018-06-06 22:00:00",1318,0.66,0.532,0.607,0.457,0.401,0.572,0.635,0.609
"2018-06-06 22:30:00",1319,0.66,0.53,0.609,0.457,0.401,0.574,0.639,0.61
"2018-06-06 23:00:00",1320,0.66,0.529,0.61,0.457,0.4,0.575,0.639,0.61
"2018-06-06 23:30:00",1321,0.659,0.527,0.611,0.457,0.4,0.576,0.64,0.611
"2018-06-07 00:00:00",1322,0.659,0.526,0.611,0.457,0.399,0.577,0.641,0.611
"2018-06-07 00:30:00",1323,0.658,0.525,0.611,0.458,0.398,0.579,0.643,0.612
"2018-06-07 01:00:00",1324,0.658,0.524,0.612,0.458,0.398,0.579,0.643,0.612
"2018-06-07 01:30:00",1325,0.656,0.523,0.612,0.458,0.398,0.58,0.644,0.613
"2018-06-07 02:00:00",1326,0.652,0.522,0.613,0.459,0.398,0.58,0.643,0.614
"2018-06-07 02:30:00",1327,0.651,0.521,0.613,0.459,0.399,0.58,0.642,0.614
"2018-06-07 03:00:00",1328,0.647,0.52,0.613,0.459,0.399,0.58,0.642,0.614
"2018-06-07 03:30:00",1329,0.641,0.519,0.613,0.458,0.399,0.579,0.642,0.615
"2018-06-07 04:00:00",1330,0.637,0.517,0.614,0.458,0.399,0.579,0.642,0.616
"2018-06-07 04:30:00",1331,0.628,0.516,0.614,0.457,0.4,0.577,0.641,0.618
"2018-06-07 05:00:00",1332,0.616,0.514,0.614,0.458,0.4,0.578,0.643,0.618
"2018-06-07 05:30:00",1333,0.605,0.512,0.614,0.459,0.399,0.578,0.643,0.618
"2018-06-07 06:00:00",1334,0.595,0.51,0.614,0.459,0.399,0.579,0.643,0.617
"2018-06-07 06:30:00",1335,0.59,0.509,0.613,0.46,0.398,0.579,0.644,0.617
"2018-06-07 07:00:00",1336,0.586,0.508,0.606,0.46,0.397,0.574,0.642,0.616
"2018-06-07 07:30:00",1337,0.582,0.506,0.595,0.46,0.395,0.565,0.643,0.616
"2018-06-07 08:00:00",1338,0.572,0.501,0.57,0.454,0.39,0.542,0.64,0.615
"2018-06-07 08:30:00",1339,0.55,0.489,0.543,0.44,0.379,0.508,0.635,0.614
"2018-06-07 09:00:00",1340,0.533,0.478,0.528,0.429,0.368,0.491,0.625,0.613
"2018-06-07 09:30:00",1341,0.515,0.461,0.512,0.418,0.351,0.47,0.609,0.609
"2018-06-07 10:00:00",1342,0.497,0.444,0.498,0.404,0.333,0.453,0.586,0.607
"2018-06-07 10:30:00",1343,0.482,0.43,0.489,0.394,0.317,0.441,0.564,0.603
"2018-06-07 11:00:00",1344,0.478,0.426,0.486,0.388,0.311,0.438,0.549,0.6
"2018-06-07 11:30:00",1345,0.485,0.431,0.491,0.393,0.316,0.444,0.55,0.598
"2018-06-07 12:00:00",1346,0.485,0.432,0.491,0.391,0.318,0.446,0.546,0.596
"2018-06-07 12:30:00",1347,0.485,0.434,0.491,0.391,0.317,0.443,0.547,0.595
"2018-06-07 13:00:00",1348,0.485,0.435,0.49,0.39,0.313,0.444,0.544,0.592
"2018-06-07 13:30:00",1349,0.472,0.424,0.478,0.38,0.295,0.428,0.529,0.587
"2018-06-07 14:00:00",1350,0.482,0.431,0.481,0.385,0.3,0.432,0.531,0.587
"2018-06-07 14:30:00",1351,0.481,0.428,0.477,0.381,0.293,0.427,0.526,0.586
"2018-06-07 15:00:00",1352,0.482,0.429,0.476,0.38,0.291,0.426,0.524,0.585
"2018-06-07 15:30:00",1353,0.487,0.432,0.477,0.381,0.294,0.427,0.528,0.586
"2018-06-07 16:00:00",1354,0.49,0.437,0.478,0.384,0.295,0.427,0.534,0.588
"2018-06-07 16:30:00",1355,0.492,0.441,0.479,0.385,0.295,0.427,0.538,0.588
"2018-06-07 17:00:00",1356,0.499,0.448,0.484,0.39,0.303,0.43,0.546,0.59
"2018-06-07 17:30:00",1357,0.504,0.456,0.488,0.392,0.311,0.432,0.553,0.591
"2018-06-07 18:00:00",1358,0.516,0.467,0.496,0.395,0.324,0.438,0.564,0.595
"2018-06-07 18:30:00",1359,0.528,0.477,0.502,0.397,0.333,0.441,0.572,0.596
"2018-06-07 19:00:00",1360,0.54,0.493,0.51,0.401,0.344,0.446,0.581,0.597
"2018-06-07 19:30:00",1361,0.559,0.509,0.527,0.408,0.362,0.458,0.59,0.598
"2018-06-07 20:00:00",1362,0.587,0.524,0.554,0.423,0.377,0.491,0.601,0.599
"2018-06-07 20:30:00",1363,0.607,0.531,0.579,0.44,0.386,0.531,0.614,0.601
"2018-06-07 21:00:00",1364,0.618,0.534,0.593,0.451,0.391,0.556,0.624,0.603
"2018-06-07 21:30:00",1365,0.623,0.534,0.6,0.455,0.393,0.567,0.629,0.604
"2018-06-07 22:00:00",1366,0.626,0.534,0.605,0.456,0.394,0.571,0.633,0.605
"2018-06-07 22:30:00",1367,0.627,0.532,0.607,0.456,0.394,0.572,0.635,0.607
"2018-06-07 23:00:00",1368,0.628,0.531,0.609,0.456,0.394,0.574,0.638,0.61
"2018-06-07 23:30:00",1369,0.627,0.53,0.61,0.455,0.394,0.573,0.638,0.61
"2018-06-08 00:00:00",1370,0.627,0.529,0.61,0.455,0.394,0.574,0.639,0.612
"2018-06-08 00:30:00",1371,0.626,0.528,0.611,0.455,0.394,0.575,0.64,0.612
"2018-06-08 01:00:00",1372,0.624,0.526,0.612,0.455,0.394,0.574,0.64,0.612
"2018-06-08 01:30:00",1373,0.619,0.525,0.613,0.455,0.394,0.574,0.64,0.614
"2018-06-08 02:00:00",1374,0.615,0.523,0.613,0.455,0.394,0.575,0.642,0.616
"2018-06-08 02:30:00",1375,0.612,0.522,0.614,0.455,0.394,0.575,0.642,0.615
"2018-06-08 03:00:00",1376,0.605,0.52,0.614,0.455,0.394,0.575,0.643,0.616
"2018-06-08 03:30:00",1377,0.6,0.518,0.614,0.455,0.394,0.574,0.642,0.616
"2018-06-08 04:00:00",1378,0.597,0.516,0.615,0.455,0.394,0.574,0.641,0.616
"2018-06-08 04:30:00",1379,0.596,0.513,0.615,0.454,0.395,0.574,0.641,0.616
"2018-06-08 05:00:00",1380,0.595,0.51,0.615,0.454,0.395,0.574,0.642,0.617
"2018-06-08 05:30:00",1381,0.594,0.506,0.615,0.454,0.395,0.573,0.642,0.618
"2018-06-08 06:00:00",1382,0.593,0.503,0.615,0.454,0.395,0.573,0.643,0.619
"2018-06-08 06:30:00",1383,0.592,0.5,0.615,0.453,0.395,0.573,0.643,0.619
"2018-06-08 07:00:00",1384,0.591,0.497,0.615,0.454,0.395,0.573,0.644,0.618
"2018-06-08 07:30:00",1385,0.587,0.495,0.593,0.455,0.395,0.566,0.644,0.617
"2018-06-08 08:00:00",1386,0.57,0.491,0.55,0.447,0.391,0.534,0.641,0.615
"2018-06-08 08:30:00",1387,0.534,0.468,0.518,0.425,0.376,0.488,0.634,0.613
"2018-06-08 09:00:00",1388,0.508,0.445,0.5,0.407,0.35,0.46,0.618,0.611
"2018-06-08 09:30:00",1389,0.491,0.428,0.49,0.394,0.322,0.443,0.592,0.608
"2018-06-08 10:00:00",1390,0.486,0.422,0.488,0.388,0.309,0.438,0.566,0.604
"2018-06-08 10:30:00",1391,0.487,0.423,0.488,0.388,0.306,0.437,0.55,0.6
"2018-06-08 11:00:00",1392,0.483,0.42,0.484,0.384,0.3,0.433,0.536,0.593
"2018-06-08 11:30:00",1393,0.476,0.416,0.48,0.379,0.291,0.429,0.525,0.589
"2018-06-08 12:00:00",1394,0.478,0.418,0.481,0.381,0.292,0.429,0.522,0.585
"2018-06-08 12:30:00",1395,0.484,0.423,0.483,0.384,0.297,0.431,0.524,0.584
"2018-06-08 13:00:00",1396,0.481,0.422,0.48,0.382,0.29,0.427,0.519,0.581
"2018-06-08 13:30:00",1397,0.483,0.422,0.479,0.381,0.287,0.427,0.518,0.578
"2018-06-08 14:00:00",1398,0.49,0.427,0.48,0.385,0.291,0.429,0.523,0.578
"2018-06-08 14:30:00",1399,0.494,0.431,0.481,0.386,0.293,0.429,0.525,0.58
"2018-06-08 15:00:00",1400,0.494,0.431,0.478,0.383,0.292,0.428,0.523,0.577
"2018-06-08 15:30:00",1401,0.499,0.437,0.481,0.384,0.296,0.43,0.528,0.579
"2018-06-08 16:00:00",1402,0.509,0.445,0.486,0.388,0.304,0.435,0.537,0.584
"2018-06-08 16:30:00",1403,0.522,0.456,0.494,0.396,0.314,0.442,0.548,0.587
"2018-06-08 17:00:00",1404,0.527,0.462,0.497,0.398,0.319,0.443,0.556,0.591
"2018-06-08 17:30:00",1405,0.539,0.474,0.508,0.404,0.33,0.456,0.566,0.594
"2018-06-08 18:00:00",1406,0.553,0.487,0.52,0.412,0.343,0.466,0.578,0.598
"2018-06-08 18:30:00",1407,0.549,0.487,0.516,0.408,0.342,0.46,0.583,0.598
"2018-06-08 19:00:00",1408,0.571,0.504,0.538,0.42,0.356,0.485,0.595,0.599
"2018-06-08 19:30:00",1409,0.592,0.518,0.565,0.434,0.369,0.515,0.606,0.598
"2018-06-08 20:00:00",1410,0.605,0.524,0.581,0.444,0.377,0.539,0.616,0.6
"2018-06-08 20:30:00",1411,0.615,0.525,0.59,0.45,0.382,0.555,0.62,0.6
"2018-06-08 21:00:00",1412,0.621,0.526,0.598,0.454,0.384,0.565,0.628,0.603
"2018-06-08 21:30:00",1413,0.624,0.525,0.601,0.455,0.386,0.569,0.629,0.603
"2018-06-08 22:00:00",1414,0.625,0.523,0.603,0.454,0.386,0.571,0.63,0.602
"2018-06-08 22:30:00",1415,0.625,0.52,0.604,0.454,0.386,0.571,0.631,0.602
"2018-06-08 23:00:00",1416,0.622,0.517,0.605,0.454,0.385,0.571,0.631,0.602
"2018-06-08 23:30:00",1417,0.618,0.515,0.606,0.453,0.385,0.57,0.632,0.603
"2018-06-09 00:00:00",1418,0.613,0.513,0.607,0.453,0.385,0.57,0.633,0.604
"2018-06-09 00:30:00",1419,0.6,0.511,0.608,0.453,0.385,0.57,0.635,0.605
"2018-06-09 01:00:00",1420,0.591,0.51,0.609,0.453,0.386,0.57,0.638,0.608
"2018-06-09 01:30:00",1421,0.587,0.508,0.61,0.453,0.386,0.57,0.638,0.609
"2018-06-09 02:00:00",1422,0.583,0.507,0.61,0.453,0.387,0.57,0.639,0.61
"2018-06-09 02:30:00",1423,0.58,0.505,0.61,0.452,0.387,0.569,0.639,0.61
"2018-06-09 03:00:00",1424,0.58,0.503,0.611,0.452,0.388,0.568,0.639,0.611
"2018-06-09 03:30:00",1425,0.58,0.5,0.611,0.452,0.388,0.569,0.64,0.617
"2018-06-09 04:00:00",1426,0.579,0.498,0.611,0.452,0.388,0.57,0.64,0.632
"2018-06-09 04:30:00",1427,0.579,0.496,0.612,0.452,0.388,0.569,0.64,0.64
"2018-06-09 05:00:00",1428,0.578,0.494,0.612,0.452,0.388,0.569,0.641,0.645
"2018-06-09 05:30:00",1429,0.577,0.492,0.613,0.452,0.388,0.57,0.641,0.649
"2018-06-09 06:00:00",1430,0.577,0.49,0.613,0.452,0.388,0.569,0.642,0.648
"2018-06-09 06:30:00",1431,0.576,0.487,0.612,0.451,0.388,0.57,0.643,0.652
"2018-06-09 07:00:00",1432,0.574,0.485,0.612,0.45,0.388,0.569,0.641,0.649
"2018-06-09 07:30:00",1433,0.573,0.483,0.612,0.45,0.387,0.568,0.641,0.652
"2018-06-09 08:00:00",1434,0.572,0.482,0.608,0.451,0.386,0.569,0.64,0.655
"2018-06-09 08:30:00",1435,0.567,0.481,0.578,0.45,0.384,0.55,0.638,0.648
"2018-06-09 09:00:00",1436,0.538,0.468,0.533,0.433,0.373,0.499,0.632,0.645
"2018-06-09 09:30:00",1437,0.502,0.442,0.506,0.406,0.35,0.466,0.604,0.631
"2018-06-09 10:00:00",1438,0.499,0.438,0.509,0.403,0.336,0.469,0.59,0.635
"2018-06-09 10:30:00",1439,0.507,0.442,0.512,0.409,0.342,0.472,0.593,0.629
"2018-06-09 11:00:00",1440,0.475,0.416,0.489,0.386,0.32,0.44,0.561,0.615
"2018-06-09 11:30:00",1441,0.468,0.407,0.485,0.381,0.304,0.435,0.544,0.612
"2018-06-09 12:00:00",1442,0.476,0.414,0.489,0.387,0.307,0.44,0.546,0.615
"2018-06-09 12:30:00",1443,0.469,0.408,0.482,0.382,0.301,0.431,0.539,0.616
"2018-06-09 13:00:00",1444,0.453,0.397,0.471,0.37,0.284,0.419,0.516,0.6
"2018-06-09 13:30:00",1445,0.476,0.413,0.488,0.386,0.298,0.437,0.535,0.613
"2018-06-09 14:00:00",1446,0.524,0.453,0.529,0.414,0.343,0.488,0.569,0.625
"2018-06-09 14:30:00",1447,0.547,0.473,0.55,0.43,0.363,0.511,0.596,0.634
"2018-06-09 15:00:00",1448,0.561,0.483,0.574,0.44,0.372,0.541,0.611,0.627
"2018-06-09 15:30:00",1449,0.56,0.48,0.568,0.44,0.372,0.529,0.617,0.625
"2018-06-09 16:00:00",1450,0.536,0.465,0.532,0.422,0.362,0.485,0.616,0.637
"2018-06-09 16:30:00",1451,0.523,0.458,0.522,0.416,0.353,0.47,0.614,0.638
"2018-06-09 17:00:00",1452,0.476,0.422,0.487,0.387,0.308,0.432,0.578,0.619
"2018-06-09 17:30:00",1453,0.476,0.42,0.488,0.38,0.31,0.436,0.555,0.604
"2018-06-09 18:00:00",1454,0.515,0.449,0.525,0.4,0.342,0.472,0.577,0.612
"2018-06-09 18:30:00",1455,0.548,0.475,0.562,0.425,0.363,0.513,0.604,0.634
"2018-06-09 19:00:00",1456,0.543,0.47,0.544,0.419,0.363,0.494,0.599,0.63
"2018-06-09 19:30:00",1457,0.541,0.471,0.546,0.415,0.365,0.498,0.594,0.619
"2018-06-09 20:00:00",1458,0.562,0.485,0.58,0.436,0.375,0.54,0.615,0.629
"2018-06-09 20:30:00",1459,0.571,0.489,0.591,0.444,0.379,0.558,0.624,0.633
"2018-06-09 21:00:00",1460,0.572,0.486,0.594,0.443,0.38,0.564,0.621,0.626
"2018-06-09 21:30:00",1461,0.571,0.485,0.597,0.443,0.38,0.567,0.624,0.618
"2018-06-09 22:00:00",1462,0.572,0.486,0.602,0.447,0.381,0.57,0.631,0.612
"2018-06-09 22:30:00",1463,0.572,0.486,0.605,0.449,0.382,0.571,0.635,0.61
"2018-06-09 23:00:00",1464,0.572,0.485,0.607,0.449,0.383,0.571,0.635,0.61
"2018-06-09 23:30:00",1465,0.572,0.485,0.608,0.449,0.383,0.572,0.637,0.61
"2018-06-10 00:00:00",1466,0.571,0.484,0.609,0.45,0.383,0.572,0.639,0.611
"2018-06-10 00:30:00",1467,0.571,0.483,0.61,0.45,0.384,0.572,0.639,0.611
"2018-06-10 01:00:00",1468,0.57,0.481,0.61,0.449,0.384,0.57,0.638,0.611
"2018-06-10 01:30:00",1469,0.571,0.478,0.61,0.449,0.385,0.569,0.638,0.61
"2018-06-10 02:00:00",1470,0.57,0.476,0.611,0.448,0.384,0.568,0.639,0.611
"2018-06-10 02:30:00",1471,0.569,0.475,0.61,0.448,0.385,0.568,0.639,0.611
"2018-06-10 03:00:00",1472,0.569,0.474,0.61,0.449,0.385,0.569,0.639,0.613
"2018-06-10 03:30:00",1473,0.568,0.472,0.61,0.449,0.384,0.569,0.638,0.613
"2018-06-10 04:00:00",1474,0.566,0.47,0.607,0.445,0.384,0.568,0.633,0.609
"2018-06-10 04:30:00",1475,0.564,0.466,0.603,0.439,0.382,0.566,0.623,0.605
"2018-06-10 05:00:00",1476,0.564,0.467,0.606,0.442,0.382,0.567,0.629,0.607
"2018-06-10 05:30:00",1477,0.563,0.466,0.607,0.443,0.383,0.567,0.632,0.608
"2018-06-10 06:00:00",1478,0.562,0.465,0.609,0.444,0.382,0.568,0.631,0.608
"2018-06-10 06:30:00",1479,0.561,0.465,0.609,0.444,0.382,0.569,0.631,0.608
"2018-06-10 07:00:00",1480,0.561,0.464,0.609,0.444,0.382,0.57,0.629,0.607
"2018-06-10 07:30:00",1481,0.56,0.463,0.607,0.444,0.382,0.572,0.627,0.606
"2018-06-10 08:00:00",1482,0.556,0.461,0.589,0.44,0.38,0.565,0.623,0.602
"2018-06-10 08:30:00",1483,0.546,0.458,0.551,0.434,0.374,0.53,0.621,0.602
"2018-06-10 09:00:00",1484,0.534,0.454,0.541,0.428,0.37,0.516,0.621,0.603
"2018-06-10 09:30:00",1485,0.532,0.455,0.541,0.427,0.368,0.514,0.62,0.603
"2018-06-10 10:00:00",1486,0.514,0.442,0.52,0.413,0.359,0.486,0.61,0.601
"2018-06-10 10:30:00",1487,0.494,0.426,0.503,0.4,0.339,0.464,0.593,0.601
"2018-06-10 11:00:00",1488,0.482,0.416,0.494,0.391,0.324,0.452,0.575,0.598
"2018-06-10 11:30:00",1489,0.476,0.412,0.492,0.388,0.316,0.447,0.566,0.599
"2018-06-10 12:00:00",1490,0.477,0.411,0.491,0.39,0.316,0.446,0.562,0.6
"2018-06-10 12:30:00",1491,0.474,0.409,0.489,0.387,0.313,0.442,0.556,0.6
"2018-06-10 13:00:00",1492,0.46,0.399,0.48,0.378,0.301,0.429,0.541,0.597
"2018-06-10 13:30:00",1493,0.456,0.395,0.478,0.376,0.293,0.427,0.531,0.592
"2018-06-10 14:00:00",1494,0.459,0.396,0.478,0.378,0.291,0.427,0.529,0.59
"2018-06-10 14:30:00",1495,0.471,0.403,0.482,0.383,0.3,0.433,0.537,0.591
"2018-06-10 15:00:00",1496,0.478,0.404,0.483,0.384,0.301,0.433,0.54,0.59
"2018-06-10 15:30:00",1497,0.484,0.406,0.484,0.386,0.303,0.434,0.54,0.59
"2018-06-10 16:00:00",1498,0.496,0.412,0.49,0.391,0.313,0.443,0.547,0.59
"2018-06-10 16:30:00",1499,0.511,0.426,0.501,0.398,0.329,0.458,0.552,0.588
"2018-06-10 17:00:00",1500,0.522,0.436,0.51,0.4,0.345,0.468,0.557,0.584
"2018-06-10 17:30:00",1501,0.529,0.439,0.517,0.403,0.347,0.481,0.565,0.583
"2018-06-10 18:00:00",1502,0.546,0.454,0.543,0.412,0.36,0.515,0.581,0.588
"2018-06-10 18:30:00",1503,0.562,0.466,0.563,0.421,0.371,0.539,0.592,0.589
"2018-06-10 19:00:00",1504,0.566,0.469,0.574,0.424,0.378,0.55,0.595,0.591
"2018-06-10 19:30:00",1505,0.566,0.469,0.58,0.426,0.381,0.554,0.6,0.595
"2018-06-10 20:00:00",1506,0.565,0.468,0.577,0.428,0.381,0.551,0.602,0.597
"2018-06-10 20:30:00",1507,0.566,0.469,0.582,0.432,0.383,0.557,0.609,0.598
"2018-06-10 21:00:00",1508,0.564,0.471,0.585,0.431,0.384,0.56,0.603,0.596
"2018-06-10 21:30:00",1509,0.56,0.469,0.585,0.428,0.386,0.562,0.598,0.593
"2018-06-10 22:00:00",1510,0.56,0.467,0.588,0.429,0.386,0.565,0.601,0.594
"2018-06-10 22:30:00",1511,0.558,0.465,0.592,0.429,0.386,0.567,0.604,0.598
"2018-06-10 23:00:00",1512,0.556,0.46,0.593,0.429,0.386,0.567,0.604,0.597
"2018-06-10 23:30:00",1513,0.556,0.459,0.594,0.429,0.386,0.567,0.605,0.597
"2018-06-11 00:00:00",1514,0.556,0.46,0.596,0.429,0.385,0.567,0.605,0.599
"2018-06-11 00:30:00",1515,0.555,0.461,0.593,0.428,0.385,0.565,0.602,0.596
"2018-06-11 01:00:00",1516,0.553,0.459,0.591,0.424,0.385,0.564,0.6,0.593
"2018-06-11 01:30:00",1517,0.553,0.457,0.59,0.423,0.385,0.563,0.598,0.591
"2018-06-11 02:00:00",1518,0.553,0.455,0.591,0.424,0.385,0.565,0.6,0.591
"2018-06-11 02:30:00",1519,0.553,0.457,0.588,0.421,0.386,0.563,0.597,0.59
"2018-06-11 03:00:00",1520,0.553,0.456,0.585,0.419,0.387,0.561,0.594,0.585
"2018-06-11 03:30:00",1521,0.553,0.455,0.587,0.422,0.388,0.564,0.596,0.589
"2018-06-11 04:00:00",1522,0.557,0.458,0.587,0.424,0.388,0.564,0.604,0.591
"2018-06-11 04:30:00",1523,0.555,0.458,0.587,0.422,0.389,0.564,0.604,0.593
"2018-06-11 05:00:00",1524,0.548,0.453,0.588,0.419,0.39,0.564,0.59,0.596
"2018-06-11 05:30:00",1525,0.545,0.449,0.588,0.419,0.389,0.567,0.58,0.599
"2018-06-11 06:00:00",1526,0.545,0.452,0.586,0.421,0.389,0.568,0.593,0.599
"2018-06-11 06:30:00",1527,0.548,0.458,0.583,0.425,0.388,0.569,0.598,0.598
"2018-06-11 07:00:00",1528,0.55,0.46,0.582,0.426,0.387,0.569,0.601,0.597
"2018-06-11 07:30:00",1529,0.551,0.458,0.594,0.434,0.387,0.576,0.613,0.607
"2018-06-11 08:00:00",1530,0.544,0.455,0.592,0.43,0.385,0.574,0.602,0.604
"2018-06-11 08:30:00",1531,0.542,0.457,0.588,0.429,0.385,0.571,0.598,0.598
"2018-06-11 09:00:00",1532,0.548,0.461,0.587,0.434,0.384,0.571,0.602,0.597
"2018-06-11 09:30:00",1533,0.548,0.462,0.585,0.434,0.383,0.571,0.603,0.596
"2018-06-11 10:00:00",1534,0.549,0.463,0.584,0.435,0.383,0.571,0.605,0.597
"2018-06-11 10:30:00",1535,0.549,0.463,0.58,0.435,0.382,0.57,0.605,0.596
"2018-06-11 11:00:00",1536,0.545,0.461,0.576,0.433,0.382,0.568,0.602,0.597
"2018-06-11 11:30:00",1537,0.544,0.461,0.568,0.433,0.381,0.561,0.602,0.594
"2018-06-11 12:00:00",1538,0.541,0.461,0.558,0.432,0.379,0.549,0.603,0.594
"2018-06-11 12:30:00",1539,0.537,0.461,0.553,0.432,0.377,0.544,0.605,0.596
"2018-06-11 13:00:00",1540,0.523,0.453,0.536,0.424,0.371,0.524,0.602,0.595
"2018-06-11 13:30:00",1541,0.502,0.439,0.513,0.411,0.357,0.491,0.598,0.59
"2018-06-11 14:00:00",1542,0.504,0.441,0.518,0.411,0.351,0.498,0.601,0.592
"2018-06-11 14:30:00",1543,0.508,0.444,0.521,0.413,0.353,0.502,0.598,0.591
"2018-06-11 15:00:00",1544,0.513,0.447,0.527,0.415,0.355,0.507,0.601,0.592
"2018-06-11 15:30:00",1545,0.519,0.45,0.532,0.418,0.36,0.513,0.601,0.592
"2018-06-11 16:00:00",1546,0.517,0.448,0.528,0.416,0.361,0.507,0.599,0.591
"2018-06-11 16:30:00",1547,0.515,0.446,0.528,0.413,0.362,0.507,0.595,0.588
"2018-06-11 17:00:00",1548,0.52,0.448,0.533,0.416,0.364,0.512,0.597,0.588
"2018-06-11 17:30:00",1549,0.52,0.447,0.533,0.418,0.364,0.509,0.601,0.593
"2018-06-11 18:00:00",1550,0.52,0.446,0.532,0.419,0.361,0.507,0.603,0.596
"2018-06-11 18:30:00",1551,0.514,0.443,0.526,0.415,0.356,0.498,0.599,0.597
"2018-06-11 19:00:00",1552,0.513,0.442,0.526,0.415,0.352,0.496,0.6,0.6
"2018-06-11 19:30:00",1553,0.508,0.441,0.522,0.41,0.348,0.489,0.596,0.6
"2018-06-11 20:00:00",1554,0.521,0.451,0.539,0.419,0.354,0.509,0.607,0.603
"2018-06-11 20:30:00",1555,0.534,0.46,0.554,0.425,0.365,0.523,0.615,0.6
"2018-06-11 21:00:00",1556,0.539,0.465,0.567,0.428,0.372,0.533,0.613,0.601
"2018-06-11 21:30:00",1557,0.54,0.465,0.569,0.426,0.375,0.527,0.622,0.601
"2018-06-11 22:00:00",1558,0.541,0.467,0.568,0.423,0.377,0.522,0.627,0.604
"2018-06-11 22:30:00",1559,0.544,0.471,0.572,0.427,0.379,0.526,0.636,0.608
"2018-06-11 23:00:00",1560,0.549,0.475,0.582,0.433,0.382,0.54,0.638,0.611
"2018-06-11 23:30:00",1561,0.555,0.475,0.59,0.44,0.385,0.549,0.639,0.612
"2018-06-12 00:00:00",1562,0.559,0.475,0.596,0.444,0.386,0.555,0.64,0.614
"2018-06-12 00:30:00",1563,0.562,0.475,0.601,0.446,0.387,0.563,0.642,0.615
"2018-06-12 01:00:00",1564,0.564,0.475,0.604,0.448,0.388,0.565,0.642,0.615
"2018-06-12 01:30:00",1565,0.565,0.475,0.606,0.449,0.389,0.566,0.643,0.616
"2018-06-12 02:00:00",1566,0.566,0.474,0.607,0.453,0.39,0.569,0.643,0.616
"2018-06-12 02:30:00",1567,0.566,0.474,0.609,0.455,0.39,0.573,0.643,0.617
"2018-06-12 03:00:00",1568,0.566,0.474,0.61,0.454,0.389,0.576,0.643,0.617
"2018-06-12 03:30:00",1569,0.566,0.473,0.612,0.455,0.39,0.577,0.643,0.617
"2018-06-12 04:00:00",1570,0.565,0.473,0.612,0.455,0.389,0.579,0.643,0.617
"2018-06-12 04:30:00",1571,0.565,0.472,0.614,0.455,0.389,0.579,0.642,0.617
"2018-06-12 05:00:00",1572,0.564,0.471,0.614,0.454,0.388,0.579,0.642,0.618
"2018-06-12 05:30:00",1573,0.564,0.471,0.615,0.454,0.388,0.579,0.643,0.619
"2018-06-12 06:00:00",1574,0.563,0.471,0.615,0.455,0.388,0.579,0.642,0.618
"2018-06-12 06:30:00",1575,0.563,0.47,0.615,0.454,0.388,0.577,0.642,0.617
"2018-06-12 07:00:00",1576,0.562,0.47,0.612,0.455,0.387,0.579,0.642,0.617
"2018-06-12 07:30:00",1577,0.558,0.466,0.592,0.45,0.384,0.572,0.631,0.612
"2018-06-12 08:00:00",1578,0.547,0.459,0.558,0.441,0.376,0.545,0.622,0.607
"2018-06-12 08:30:00",1579,0.511,0.442,0.519,0.422,0.357,0.492,0.622,0.608
"2018-06-12 09:00:00",1580,0.482,0.422,0.499,0.401,0.332,0.463,0.608,0.607
"2018-06-12 09:30:00",1581,0.468,0.411,0.49,0.387,0.315,0.449,0.588,0.605
"2018-06-12 10:00:00",1582,0.463,0.404,0.485,0.381,0.306,0.441,0.567,0.602
"2018-06-12 10:30:00",1583,0.462,0.403,0.484,0.38,0.301,0.438,0.555,0.599
"2018-06-12 11:00:00",1584,0.458,0.399,0.481,0.375,0.297,0.434,0.543,0.596
"2018-06-12 11:30:00",1585,0.456,0.397,0.479,0.374,0.295,0.43,0.534,0.592
"2018-06-12 12:00:00",1586,0.453,0.391,0.473,0.369,0.29,0.426,0.521,0.585
"2018-06-12 12:30:00",1587,0.458,0.39,0.473,0.369,0.288,0.425,0.516,0.581
"2018-06-12 13:00:00",1588,0.465,0.392,0.475,0.375,0.287,0.425,0.519,0.582
"2018-06-12 13:30:00",1589,0.464,0.391,0.471,0.371,0.28,0.422,0.513,0.579
"2018-06-12 14:00:00",1590,0.468,0.394,0.472,0.378,0.278,0.421,0.516,0.578
"2018-06-12 14:30:00",1591,0.468,0.395,0.47,0.376,0.277,0.422,0.517,0.579
"2018-06-12 15:00:00",1592,0.473,0.396,0.471,0.377,0.278,0.423,0.518,0.582
"2018-06-12 15:30:00",1593,0.477,0.397,0.471,0.38,0.279,0.423,0.519,0.582
"2018-06-12 16:00:00",1594,0.481,0.399,0.472,0.381,0.28,0.422,0.523,0.583
"2018-06-12 16:30:00",1595,0.485,0.4,0.474,0.383,0.281,0.423,0.526,0.584
"2018-06-12 17:00:00",1596,0.492,0.405,0.478,0.383,0.289,0.426,0.534,0.587
"2018-06-12 17:30:00",1597,0.497,0.409,0.481,0.381,0.296,0.427,0.541,0.588
"2018-06-12 18:00:00",1598,0.504,0.416,0.485,0.381,0.307,0.429,0.55,0.59
"2018-06-12 18:30:00",1599,0.518,0.427,0.494,0.386,0.319,0.438,0.557,0.591
"2018-06-12 19:00:00",1600,0.543,0.447,0.511,0.396,0.34,0.45,0.57,0.593
"2018-06-12 19:30:00",1601,0.561,0.46,0.531,0.406,0.352,0.468,0.582,0.594
"2018-06-12 20:00:00",1602,0.576,0.47,0.548,0.416,0.362,0.488,0.59,0.592
"2018-06-12 20:30:00",1603,0.588,0.477,0.567,0.43,0.369,0.521,0.607,0.598
"2018-06-12 21:00:00",1604,0.591,0.48,0.585,0.441,0.374,0.546,0.62,0.602
"2018-06-12 21:30:00",1605,0.579,0.481,0.595,0.448,0.376,0.558,0.626,0.605
"2018-06-12 22:00:00",1606,0.573,0.48,0.6,0.451,0.377,0.566,0.63,0.607
"2018-06-12 22:30:00",1607,0.571,0.479,0.603,0.452,0.378,0.569,0.632,0.608
"2018-06-12 23:00:00",1608,0.569,0.478,0.605,0.452,0.378,0.571,0.633,0.609
"2018-06-12 23:30:00",1609,0.568,0.476,0.606,0.452,0.379,0.573,0.634,0.611
"2018-06-13 00:00:00",1610,0.566,0.474,0.608,0.452,0.379,0.574,0.635,0.611
"2018-06-13 00:30:00",1611,0.565,0.472,0.609,0.452,0.379,0.574,0.636,0.611
"2018-06-13 01:00:00",1612,0.564,0.471,0.61,0.452,0.379,0.575,0.636,0.611
"2018-06-13 01:30:00",1613,0.563,0.471,0.61,0.452,0.379,0.575,0.636,0.612
"2018-06-13 02:00:00",1614,0.562,0.47,0.61,0.451,0.379,0.575,0.635,0.61
"2018-06-13 02:30:00",1615,0.56,0.469,0.611,0.45,0.379,0.574,0.635,0.611
"2018-06-13 03:00:00",1616,0.56,0.468,0.611,0.45,0.379,0.574,0.637,0.612
"2018-06-13 03:30:00",1617,0.559,0.468,0.611,0.45,0.379,0.574,0.636,0.612
"2018-06-13 04:00:00",1618,0.558,0.467,0.611,0.45,0.379,0.573,0.637,0.612
"2018-06-13 04:30:00",1619,0.557,0.467,0.611,0.45,0.379,0.573,0.637,0.612
"2018-06-13 05:00:00",1620,0.556,0.466,0.611,0.45,0.379,0.572,0.636,0.611
"2018-06-13 05:30:00",1621,0.555,0.465,0.611,0.449,0.378,0.571,0.634,0.61
"2018-06-13 06:00:00",1622,0.554,0.465,0.611,0.449,0.378,0.571,0.634,0.611
"2018-06-13 06:30:00",1623,0.554,0.464,0.611,0.449,0.377,0.572,0.634,0.612
"2018-06-13 07:00:00",1624,0.553,0.465,0.611,0.449,0.377,0.573,0.636,0.612
"2018-06-13 07:30:00",1625,0.552,0.466,0.606,0.451,0.377,0.574,0.635,0.611
"2018-06-13 08:00:00",1626,0.547,0.465,0.578,0.449,0.375,0.557,0.632,0.61
"2018-06-13 08:30:00",1627,0.516,0.449,0.526,0.427,0.364,0.502,0.623,0.608
"2018-06-13 09:00:00",1628,0.494,0.435,0.509,0.411,0.35,0.475,0.613,0.607
"2018-06-13 09:30:00",1629,0.472,0.416,0.492,0.393,0.325,0.451,0.591,0.605
"2018-06-13 10:00:00",1630,0.466,0.409,0.489,0.389,0.312,0.443,0.575,0.603
"2018-06-13 10:30:00",1631,0.459,0.403,0.484,0.383,0.301,0.435,0.558,0.6
"2018-06-13 11:00:00",1632,0.443,0.392,0.475,0.373,0.281,0.425,0.534,0.594
"2018-06-13 11:30:00",1633,0.445,0.392,0.475,0.373,0.281,0.424,0.523,0.588
"2018-06-13 12:00:00",1634,0.446,0.39,0.474,0.372,0.279,0.423,0.518,0.582
"2018-06-13 12:30:00",1635,0.453,0.391,0.476,0.373,0.276,0.423,0.515,0.579
"2018-06-13 13:00:00",1636,0.459,0.392,0.476,0.374,0.276,0.423,0.514,0.577
"2018-06-13 13:30:00",1637,0.46,0.39,0.473,0.373,0.271,0.422,0.51,0.573
"2018-06-13 14:00:00",1638,0.465,0.394,0.475,0.376,0.276,0.423,0.516,0.575
"2018-06-13 14:30:00",1639,0.468,0.396,0.475,0.378,0.28,0.424,0.519,0.575
"2018-06-13 15:00:00",1640,0.468,0.394,0.472,0.375,0.277,0.422,0.518,0.576
"2018-06-13 15:30:00",1641,0.48,0.402,0.477,0.379,0.29,0.428,0.527,0.58
"2018-06-13 16:00:00",1642,0.479,0.4,0.475,0.377,0.285,0.423,0.527,0.581
"2018-06-13 16:30:00",1643,0.484,0.402,0.477,0.378,0.286,0.426,0.53,0.581
"2018-06-13 17:00:00",1644,0.506,0.417,0.493,0.389,0.311,0.439,0.547,0.586
"2018-06-13 17:30:00",1645,0.531,0.437,0.512,0.401,0.333,0.457,0.563,0.591
"2018-06-13 18:00:00",1646,0.531,0.437,0.51,0.401,0.334,0.453,0.569,0.595
"2018-06-13 18:30:00",1647,0.517,0.429,0.496,0.391,0.322,0.442,0.569,0.596
"2018-06-13 19:00:00",1648,0.528,0.443,0.513,0.397,0.332,0.456,0.58,0.598
"2018-06-13 19:30:00",1649,0.549,0.459,0.537,0.41,0.346,0.481,0.591,0.6
"2018-06-13 20:00:00",1650,0.569,0.472,0.565,0.429,0.358,0.519,0.605,0.601
"2018-06-13 20:30:00",1651,0.564,0.478,0.582,0.439,0.364,0.546,0.615,0.603
"2018-06-13 21:00:00",1652,0.562,0.478,0.591,0.444,0.367,0.557,0.621,0.604
"2018-06-13 21:30:00",1653,0.561,0.477,0.594,0.447,0.369,0.562,0.622,0.605
"2018-06-13 22:00:00",1654,0.56,0.476,0.597,0.448,0.37,0.564,0.624,0.606
"2018-06-13 22:30:00",1655,0.558,0.474,0.598,0.448,0.371,0.565,0.625,0.606
"2018-06-13 23:00:00",1656,0.557,0.472,0.599,0.448,0.372,0.566,0.626,0.607
"2018-06-13 23:30:00",1657,0.556,0.47,0.6,0.447,0.373,0.566,0.627,0.606
"2018-06-14 00:00:00",1658,0.555,0.469,0.6,0.446,0.373,0.566,0.624,0.605
"2018-06-14 00:30:00",1659,0.554,0.469,0.602,0.447,0.373,0.566,0.626,0.603
"2018-06-14 01:00:00",1660,0.554,0.468,0.602,0.447,0.373,0.566,0.627,0.605
"2018-06-14 01:30:00",1661,0.554,0.467,0.603,0.448,0.374,0.567,0.63,0.605
"2018-06-14 02:00:00",1662,0.553,0.467,0.604,0.448,0.374,0.567,0.628,0.604
"2018-06-14 02:30:00",1663,0.552,0.467,0.605,0.448,0.374,0.567,0.63,0.605
"2018-06-14 03:00:00",1664,0.551,0.466,0.603,0.446,0.374,0.568,0.626,0.605
"2018-06-14 03:30:00",1665,0.551,0.466,0.604,0.447,0.374,0.568,0.629,0.606
"2018-06-14 04:00:00",1666,0.55,0.466,0.605,0.448,0.374,0.569,0.628,0.606
"2018-06-14 04:30:00",1667,0.55,0.466,0.603,0.448,0.375,0.57,0.628,0.607
"2018-06-14 05:00:00",1668,0.55,0.466,0.602,0.448,0.375,0.571,0.628,0.608
"2018-06-14 05:30:00",1669,0.551,0.467,0.601,0.449,0.376,0.572,0.63,0.608
"2018-06-14 06:00:00",1670,0.551,0.467,0.599,0.449,0.377,0.572,0.628,0.607
"2018-06-14 06:30:00",1671,0.549,0.466,0.585,0.446,0.377,0.564,0.628,0.607
"2018-06-14 07:00:00",1672,0.533,0.46,0.543,0.43,0.372,0.525,0.624,0.608
"2018-06-14 07:30:00",1673,0.495,0.437,0.499,0.398,0.353,0.47,0.606,0.604
"2018-06-14 08:00:00",1674,0.466,0.413,0.475,0.371,0.325,0.438,0.584,0.599
"2018-06-14 08:30:00",1675,0.457,0.404,0.47,0.362,0.31,0.429,0.565,0.599
"2018-06-14 09:00:00",1676,0.454,0.401,0.473,0.366,0.303,0.428,0.551,0.601
"2018-06-14 09:30:00",1677,0.452,0.397,0.471,0.364,0.293,0.423,0.539,0.598
"2018-06-14 10:00:00",1678,0.451,0.391,0.464,0.355,0.283,0.416,0.519,0.585
"2018-06-14 10:30:00",1679,0.461,0.391,0.468,0.361,0.281,0.417,0.515,0.583
"2018-06-14 11:00:00",1680,0.47,0.396,0.473,0.37,0.288,0.421,0.522,0.587
"2018-06-14 11:30:00",1681,0.47,0.395,0.472,0.371,0.285,0.419,0.517,0.586
"2018-06-14 12:00:00",1682,0.471,0.392,0.469,0.368,0.281,0.418,0.509,0.581
"2018-06-14 12:30:00",1683,0.472,0.391,0.468,0.367,0.277,0.416,0.504,0.575
"2018-06-14 13:00:00",1684,0.473,0.393,0.468,0.369,0.277,0.415,0.502,0.571
"2018-06-14 13:30:00",1685,0.474,0.395,0.467,0.372,0.276,0.416,0.501,0.569
"2018-06-14 14:00:00",1686,0.475,0.397,0.466,0.374,0.277,0.417,0.504,0.571
"2018-06-14 14:30:00",1687,0.476,0.398,0.466,0.374,0.277,0.417,0.503,0.571
"2018-06-14 15:00:00",1688,0.477,0.399,0.466,0.373,0.278,0.417,0.505,0.571
"2018-06-14 15:30:00",1689,0.478,0.4,0.466,0.373,0.278,0.417,0.504,0.57
"2018-06-14 16:00:00",1690,0.482,0.403,0.47,0.376,0.278,0.418,0.51,0.575
"2018-06-14 16:30:00",1691,0.485,0.406,0.472,0.377,0.279,0.419,0.514,0.577
"2018-06-14 17:00:00",1692,0.489,0.41,0.475,0.378,0.284,0.421,0.52,0.58
"2018-06-14 17:30:00",1693,0.495,0.415,0.478,0.379,0.291,0.422,0.527,0.583
"2018-06-14 18:00:00",1694,0.5,0.421,0.481,0.38,0.301,0.424,0.532,0.585
"2018-06-14 18:30:00",1695,0.509,0.432,0.488,0.382,0.312,0.428,0.54,0.588
"2018-06-14 19:00:00",1696,0.521,0.449,0.493,0.386,0.325,0.433,0.548,0.592
"2018-06-14 19:30:00",1697,0.539,0.466,0.508,0.392,0.343,0.444,0.558,0.598
"2018-06-14 20:00:00",1698,0.558,0.479,0.521,0.398,0.356,0.461,0.569,0.601
"2018-06-14 20:30:00",1699,0.578,0.488,0.548,0.415,0.366,0.493,0.587,0.603
"2018-06-14 21:00:00",1700,0.593,0.492,0.569,0.43,0.371,0.525,0.604,0.606
"2018-06-14 21:30:00",1701,0.601,0.493,0.579,0.438,0.375,0.541,0.614,0.609
"2018-06-14 22:00:00",1702,0.601,0.493,0.584,0.44,0.377,0.547,0.619,0.611
"2018-06-14 22:30:00",1703,0.592,0.493,0.588,0.442,0.379,0.55,0.625,0.613
"2018-06-14 23:00:00",1704,0.579,0.493,0.591,0.447,0.381,0.553,0.627,0.615
"2018-06-14 23:30:00",1705,0.574,0.492,0.594,0.447,0.382,0.558,0.629,0.619
"2018-06-15 00:00:00",1706,0.573,0.491,0.597,0.448,0.384,0.561,0.632,0.622
"2018-06-15 00:30:00",1707,0.572,0.49,0.599,0.447,0.386,0.562,0.632,0.622
"2018-06-15 01:00:00",1708,0.571,0.489,0.6,0.446,0.387,0.564,0.63,0.621
"2018-06-15 01:30:00",1709,0.57,0.489,0.601,0.444,0.389,0.569,0.626,0.621
"2018-06-15 02:00:00",1710,0.568,0.487,0.602,0.446,0.388,0.568,0.629,0.618
"2018-06-15 02:30:00",1711,0.567,0.486,0.602,0.447,0.388,0.569,0.629,0.618
"2018-06-15 03:00:00",1712,0.566,0.484,0.602,0.449,0.387,0.569,0.631,0.617
"2018-06-15 03:30:00",1713,0.565,0.483,0.602,0.448,0.387,0.569,0.633,0.619
"2018-06-15 04:00:00",1714,0.564,0.482,0.603,0.448,0.387,0.57,0.632,0.618
"2018-06-15 04:30:00",1715,0.563,0.481,0.603,0.446,0.387,0.569,0.635,0.619
"2018-06-15 05:00:00",1716,0.563,0.48,0.603,0.445,0.387,0.568,0.636,0.621
"2018-06-15 05:30:00",1717,0.563,0.48,0.602,0.445,0.388,0.569,0.638,0.621
"2018-06-15 06:00:00",1718,0.562,0.48,0.598,0.445,0.389,0.568,0.638,0.622
"2018-06-15 06:30:00",1719,0.555,0.476,0.56,0.437,0.384,0.55,0.638,0.623
"2018-06-15 07:00:00",1720,0.525,0.463,0.515,0.41,0.367,0.495,0.635,0.621
"2018-06-15 07:30:00",1721,0.501,0.45,0.503,0.396,0.354,0.469,0.63,0.621
"2018-06-15 08:00:00",1722,0.49,0.438,0.495,0.392,0.352,0.461,0.616,0.62
"2018-06-15 08:30:00",1723,0.472,0.417,0.48,0.378,0.338,0.443,0.588,0.611
"2018-06-15 09:00:00",1724,0.462,0.409,0.478,0.372,0.315,0.434,0.57,0.608
"2018-06-15 09:30:00",1725,0.457,0.404,0.474,0.367,0.301,0.429,0.55,0.604
"2018-06-15 10:00:00",1726,0.451,0.398,0.471,0.362,0.291,0.423,0.533,0.596
"2018-06-15 10:30:00",1727,0.449,0.395,0.469,0.361,0.285,0.421,0.522,0.589
"2018-06-15 11:00:00",1728,0.45,0.395,0.47,0.363,0.282,0.419,0.517,0.585
"2018-06-15 11:30:00",1729,0.45,0.393,0.467,0.361,0.28,0.417,0.508,0.578
"2018-06-15 12:00:00",1730,0.459,0.395,0.469,0.366,0.281,0.418,0.508,0.577
"2018-06-15 12:30:00",1731,0.463,0.396,0.47,0.367,0.281,0.419,0.506,0.575
"2018-06-15 13:00:00",1732,0.465,0.398,0.47,0.369,0.283,0.419,0.506,0.575
"2018-06-15 13:30:00",1733,0.469,0.399,0.468,0.369,0.28,0.419,0.506,0.573
"2018-06-15 14:00:00",1734,0.47,0.4,0.466,0.369,0.279,0.418,0.507,0.574
"2018-06-15 14:30:00",1735,0.471,0.401,0.466,0.369,0.28,0.418,0.509,0.575
"2018-06-15 15:00:00",1736,0.472,0.404,0.465,0.369,0.28,0.418,0.509,0.578
"2018-06-15 15:30:00",1737,0.478,0.41,0.469,0.372,0.288,0.421,0.519,0.584
"2018-06-15 16:00:00",1738,0.485,0.417,0.474,0.375,0.289,0.424,0.528,0.59
"2018-06-15 16:30:00",1739,0.48,0.416,0.472,0.37,0.282,0.42,0.524,0.591
"2018-06-15 17:00:00",1740,0.492,0.425,0.48,0.378,0.297,0.427,0.538,0.596
"2018-06-15 17:30:00",1741,0.482,0.421,0.473,0.369,0.281,0.42,0.532,0.593
"2018-06-15 18:00:00",1742,0.486,0.426,0.478,0.371,0.294,0.421,0.537,0.593
"2018-06-15 18:30:00",1743,0.498,0.441,0.489,0.38,0.308,0.428,0.55,0.598
"2018-06-15 19:00:00",1744,0.518,0.463,0.505,0.392,0.329,0.438,0.566,0.601
"2018-06-15 19:30:00",1745,0.531,0.478,0.512,0.397,0.344,0.447,0.576,0.604
"2018-06-15 20:00:00",1746,0.549,0.489,0.528,0.404,0.356,0.458,0.588,0.606
"2018-06-15 20:30:00",1747,0.571,0.497,0.553,0.419,0.365,0.491,0.603,0.606
"2018-06-15 21:00:00",1748,0.577,0.501,0.575,0.432,0.372,0.529,0.616,0.611
"2018-06-15 21:30:00",1749,0.573,0.502,0.586,0.439,0.377,0.546,0.624,0.615
"2018-06-15 22:00:00",1750,0.573,0.501,0.592,0.442,0.38,0.553,0.629,0.618
"2018-06-15 22:30:00",1751,0.573,0.5,0.597,0.444,0.381,0.559,0.631,0.62
"2018-06-15 23:00:00",1752,0.571,0.499,0.601,0.444,0.383,0.563,0.634,0.622
"2018-06-15 23:30:00",1753,0.57,0.497,0.603,0.445,0.384,0.564,0.636,0.623
"2018-06-16 00:00:00",1754,0.567,0.495,0.605,0.445,0.385,0.565,0.638,0.624
"2018-06-16 00:30:00",1755,0.566,0.493,0.606,0.445,0.386,0.565,0.638,0.625
"2018-06-16 01:00:00",1756,0.566,0.492,0.607,0.445,0.386,0.565,0.638,0.625
"2018-06-16 01:30:00",1757,0.565,0.491,0.608,0.445,0.387,0.566,0.64,0.627
"2018-06-16 02:00:00",1758,0.565,0.489,0.609,0.445,0.387,0.568,0.641,0.628
"2018-06-16 02:30:00",1759,0.564,0.487,0.61,0.445,0.388,0.569,0.641,0.628
"2018-06-16 03:00:00",1760,0.564,0.485,0.61,0.445,0.388,0.569,0.641,0.628
"2018-06-16 03:30:00",1761,0.563,0.483,0.611,0.445,0.388,0.57,0.643,0.629
"2018-06-16 04:00:00",1762,0.562,0.482,0.611,0.445,0.389,0.57,0.643,0.628
"2018-06-16 04:30:00",1763,0.562,0.481,0.611,0.445,0.389,0.569,0.643,0.628
"2018-06-16 05:00:00",1764,0.561,0.481,0.612,0.446,0.389,0.57,0.644,0.629
"2018-06-16 05:30:00",1765,0.561,0.48,0.612,0.446,0.389,0.571,0.644,0.628
"2018-06-16 06:00:00",1766,0.56,0.48,0.613,0.446,0.389,0.571,0.644,0.628
"2018-06-16 06:30:00",1767,0.559,0.479,0.612,0.447,0.389,0.571,0.643,0.628
"2018-06-16 07:00:00",1768,0.558,0.48,0.598,0.448,0.389,0.572,0.645,0.628
"2018-06-16 07:30:00",1769,0.544,0.478,0.557,0.442,0.388,0.551,0.644,0.626
"2018-06-16 08:00:00",1770,0.507,0.459,0.515,0.417,0.38,0.5,0.641,0.623
"2018-06-16 08:30:00",1771,0.482,0.436,0.499,0.4,0.361,0.469,0.632,0.621
"2018-06-16 09:00:00",1772,0.469,0.42,0.489,0.392,0.335,0.452,0.613,0.618
"2018-06-16 09:30:00",1773,0.46,0.411,0.483,0.384,0.313,0.44,0.585,0.618
"2018-06-16 10:00:00",1774,0.452,0.405,0.479,0.378,0.293,0.429,0.557,0.612
"2018-06-16 10:30:00",1775,0.443,0.399,0.472,0.369,0.275,0.422,0.533,0.603
"2018-06-16 11:00:00",1776,0.442,0.395,0.471,0.366,0.271,0.421,0.519,0.593
"2018-06-16 11:30:00",1777,0.443,0.395,0.472,0.366,0.272,0.421,0.515,0.589
"2018-06-16 12:00:00",1778,0.448,0.394,0.47,0.365,0.273,0.419,0.509,0.581
"2018-06-16 12:30:00",1779,0.451,0.392,0.468,0.363,0.269,0.417,0.501,0.572
"2018-06-16 13:00:00",1780,0.453,0.393,0.469,0.365,0.27,0.418,0.499,0.566
"2018-06-16 13:30:00",1781,0.455,0.394,0.467,0.368,0.267,0.416,0.501,0.566
"2018-06-16 14:00:00",1782,0.457,0.395,0.466,0.37,0.266,0.416,0.505,0.569
"2018-06-16 14:30:00",1783,0.461,0.398,0.466,0.371,0.268,0.417,0.506,0.572
"2018-06-16 15:00:00",1784,0.464,0.4,0.467,0.371,0.269,0.417,0.509,0.576
"2018-06-16 15:30:00",1785,0.465,0.402,0.467,0.37,0.27,0.417,0.512,0.578
"2018-06-16 16:00:00",1786,0.467,0.405,0.469,0.372,0.271,0.417,0.515,0.58
"2018-06-16 16:30:00",1787,0.47,0.409,0.472,0.373,0.273,0.418,0.521,0.585
"2018-06-16 17:00:00",1788,0.474,0.413,0.474,0.374,0.278,0.419,0.526,0.586
"2018-06-16 17:30:00",1789,0.48,0.418,0.479,0.376,0.286,0.422,0.534,0.589
"2018-06-16 18:00:00",1790,0.488,0.427,0.485,0.379,0.297,0.425,0.544,0.593
"2018-06-16 18:30:00",1791,0.5,0.441,0.497,0.386,0.311,0.431,0.556,0.596
"2018-06-16 19:00:00",1792,0.514,0.457,0.505,0.393,0.325,0.439,0.567,0.598
"2018-06-16 19:30:00",1793,0.531,0.471,0.52,0.4,0.341,0.453,0.578,0.599
"2018-06-16 20:00:00",1794,0.552,0.483,0.541,0.414,0.354,0.479,0.592,0.601
"2018-06-16 20:30:00",1795,0.569,0.49,0.562,0.427,0.363,0.507,0.607,0.604
"2018-06-16 21:00:00",1796,0.569,0.493,0.581,0.438,0.368,0.538,0.618,0.607
"2018-06-16 21:30:00",1797,0.566,0.492,0.59,0.443,0.372,0.553,0.625,0.608
"2018-06-16 22:00:00",1798,0.565,0.491,0.595,0.446,0.374,0.559,0.629,0.61
"2018-06-16 22:30:00",1799,0.563,0.49,0.597,0.447,0.375,0.561,0.631,0.612
"2018-06-16 23:00:00",1800,0.561,0.488,0.599,0.447,0.376,0.562,0.633,0.612
"2018-06-16 23:30:00",1801,0.56,0.487,0.6,0.447,0.377,0.563,0.635,0.613
"2018-06-17 00:00:00",1802,0.56,0.485,0.601,0.448,0.377,0.563,0.635,0.615
"2018-06-17 00:30:00",1803,0.559,0.485,0.602,0.448,0.378,0.564,0.636,0.617
"2018-06-17 01:00:00",1804,0.559,0.484,0.604,0.447,0.379,0.566,0.638,0.619
"2018-06-17 01:30:00",1805,0.559,0.481,0.605,0.447,0.38,0.567,0.638,0.62
"2018-06-17 02:00:00",1806,0.558,0.48,0.606,0.447,0.38,0.568,0.639,0.62
"2018-06-17 02:30:00",1807,0.557,0.478,0.607,0.447,0.381,0.566,0.639,0.619
"2018-06-17 03:00:00",1808,0.557,0.477,0.607,0.447,0.38,0.568,0.639,0.62
"2018-06-17 03:30:00",1809,0.556,0.477,0.607,0.447,0.381,0.566,0.639,0.619
"2018-06-17 04:00:00",1810,0.555,0.476,0.608,0.447,0.381,0.566,0.639,0.62
"2018-06-17 04:30:00",1811,0.555,0.475,0.608,0.447,0.381,0.567,0.639,0.62
"2018-06-17 05:00:00",1812,0.554,0.475,0.609,0.447,0.381,0.568,0.64,0.622
"2018-06-17 05:30:00",1813,0.553,0.474,0.609,0.447,0.381,0.567,0.64,0.62
"2018-06-17 06:00:00",1814,0.552,0.474,0.61,0.447,0.381,0.568,0.64,0.621
"2018-06-17 06:30:00",1815,0.552,0.474,0.608,0.448,0.381,0.568,0.64,0.621
"2018-06-17 07:00:00",1816,0.551,0.475,0.601,0.449,0.38,0.568,0.64,0.62
"2018-06-17 07:30:00",1817,0.549,0.476,0.591,0.45,0.38,0.564,0.64,0.619
"2018-06-17 08:00:00",1818,0.532,0.47,0.548,0.441,0.377,0.532,0.639,0.619
"2018-06-17 08:30:00",1819,0.496,0.448,0.512,0.418,0.366,0.483,0.633,0.616
"2018-06-17 09:00:00",1820,0.471,0.424,0.492,0.399,0.341,0.456,0.608,0.612
"2018-06-17 09:30:00",1821,0.45,0.405,0.477,0.381,0.306,0.435,0.571,0.603
"2018-06-17 10:00:00",1822,0.442,0.399,0.474,0.373,0.29,0.427,0.546,0.598
"2018-06-17 10:30:00",1823,0.451,0.407,0.483,0.382,0.292,0.436,0.539,0.595
"2018-06-17 11:00:00",1824,0.436,0.397,0.471,0.37,0.28,0.421,0.523,0.59
"2018-06-17 11:30:00",1825,0.432,0.393,0.469,0.366,0.269,0.417,0.512,0.583
"2018-06-17 12:00:00",1826,0.433,0.392,0.467,0.364,0.263,0.415,0.509,0.583
"2018-06-17 12:30:00",1827,0.44,0.391,0.467,0.362,0.264,0.414,0.501,0.575
"2018-06-17 13:00:00",1828,0.445,0.392,0.467,0.363,0.262,0.413,0.499,0.571
"2018-06-17 13:30:00",1829,0.448,0.392,0.465,0.366,0.261,0.413,0.498,0.567
"2018-06-17 14:00:00",1830,0.451,0.395,0.465,0.373,0.264,0.413,0.502,0.569
"2018-06-17 14:30:00",1831,0.455,0.397,0.464,0.372,0.265,0.414,0.503,0.571
"2018-06-17 15:00:00",1832,0.457,0.398,0.463,0.372,0.265,0.413,0.504,0.571
"2018-06-17 15:30:00",1833,0.458,0.401,0.465,0.374,0.266,0.414,0.506,0.574
"2018-06-17 16:00:00",1834,0.46,0.404,0.467,0.376,0.267,0.415,0.509,0.577
"2018-06-17 16:30:00",1835,0.462,0.407,0.468,0.376,0.268,0.414,0.514,0.579
"2018-06-17 17:00:00",1836,0.466,0.413,0.47,0.377,0.273,0.416,0.52,0.584
"2018-06-17 17:30:00",1837,0.473,0.42,0.476,0.379,0.285,0.418,0.529,0.588
"2018-06-17 18:00:00",1838,0.483,0.43,0.483,0.383,0.296,0.423,0.54,0.593
"2018-06-17 18:30:00",1839,0.496,0.442,0.493,0.387,0.31,0.429,0.552,0.595
"2018-06-17 19:00:00",1840,0.511,0.459,0.507,0.395,0.324,0.438,0.566,0.599
"2018-06-17 19:30:00",1841,0.528,0.474,0.519,0.403,0.338,0.452,0.576,0.6
"2018-06-17 20:00:00",1842,0.551,0.485,0.543,0.419,0.351,0.482,0.59,0.602
"2018-06-17 20:30:00",1843,0.568,0.492,0.562,0.431,0.359,0.509,0.605,0.605
"2018-06-17 21:00:00",1844,0.575,0.493,0.578,0.44,0.364,0.537,0.614,0.607
"2018-06-17 21:30:00",1845,0.568,0.493,0.586,0.445,0.368,0.55,0.621,0.61
"2018-06-17 22:00:00",1846,0.563,0.492,0.59,0.446,0.37,0.556,0.624,0.612
"2018-06-17 22:30:00",1847,0.561,0.49,0.592,0.446,0.372,0.56,0.626,0.612
"2018-06-17 23:00:00",1848,0.56,0.487,0.593,0.445,0.373,0.562,0.625,0.61
"2018-06-17 23:30:00",1849,0.559,0.486,0.597,0.446,0.374,0.564,0.629,0.612
"2018-06-18 00:00:00",1850,0.559,0.483,0.598,0.446,0.374,0.565,0.63,0.612
"2018-06-18 00:30:00",1851,0.557,0.481,0.598,0.445,0.374,0.565,0.63,0.612
"2018-06-18 01:00:00",1852,0.556,0.479,0.601,0.446,0.374,0.566,0.633,0.613
"2018-06-18 01:30:00",1853,0.555,0.477,0.603,0.445,0.375,0.564,0.633,0.614
"2018-06-18 02:00:00",1854,0.554,0.475,0.604,0.444,0.375,0.564,0.634,0.614
"2018-06-18 02:30:00",1855,0.552,0.474,0.604,0.443,0.375,0.562,0.634,0.615
"2018-06-18 03:00:00",1856,0.551,0.474,0.604,0.442,0.375,0.562,0.635,0.617
"2018-06-18 03:30:00",1857,0.55,0.473,0.604,0.442,0.376,0.561,0.635,0.618
"2018-06-18 04:00:00",1858,0.549,0.472,0.604,0.441,0.376,0.561,0.636,0.618
"2018-06-18 04:30:00",1859,0.548,0.472,0.605,0.442,0.377,0.562,0.638,0.62
"2018-06-18 05:00:00",1860,0.548,0.472,0.605,0.442,0.377,0.562,0.637,0.621
"2018-06-18 05:30:00",1861,0.547,0.471,0.605,0.442,0.378,0.562,0.637,0.62
"2018-06-18 06:00:00",1862,0.546,0.471,0.605,0.442,0.377,0.561,0.636,0.62
"2018-06-18 06:30:00",1863,0.545,0.471,0.605,0.441,0.378,0.561,0.638,0.62
"2018-06-18 07:00:00",1864,0.544,0.47,0.606,0.441,0.378,0.561,0.638,0.62
"2018-06-18 07:30:00",1865,0.544,0.47,0.602,0.443,0.378,0.564,0.638,0.62
"2018-06-18 08:00:00",1866,0.537,0.471,0.571,0.444,0.377,0.551,0.635,0.619
"2018-06-18 08:30:00",1867,0.511,0.464,0.529,0.431,0.373,0.507,0.633,0.616
"2018-06-18 09:00:00",1868,0.473,0.437,0.498,0.404,0.351,0.46,0.62,0.612
"2018-06-18 09:30:00",1869,0.449,0.412,0.481,0.382,0.315,0.436,0.589,0.61
"2018-06-18 10:00:00",1870,0.439,0.401,0.475,0.374,0.293,0.426,0.558,0.606
"2018-06-18 10:30:00",1871,0.432,0.394,0.469,0.368,0.278,0.419,0.534,0.599
"2018-06-18 11:00:00",1872,0.428,0.392,0.467,0.365,0.27,0.416,0.519,0.592
"2018-06-18 11:30:00",1873,0.43,0.392,0.467,0.364,0.267,0.415,0.511,0.584
"2018-06-18 12:00:00",1874,0.443,0.396,0.471,0.369,0.279,0.419,0.511,0.579
"2018-06-18 12:30:00",1875,0.444,0.393,0.468,0.368,0.271,0.416,0.503,0.569
"2018-06-18 13:00:00",1876,0.443,0.392,0.467,0.366,0.264,0.414,0.501,0.569
"2018-06-18 13:30:00",1877,0.446,0.394,0.467,0.37,0.263,0.415,0.502,0.567
"2018-06-18 14:00:00",1878,0.445,0.394,0.463,0.371,0.262,0.415,0.501,0.567
"2018-06-18 14:30:00",1879,0.449,0.395,0.462,0.371,0.263,0.414,0.503,0.567
"2018-06-18 15:00:00",1880,0.453,0.397,0.463,0.371,0.266,0.414,0.508,0.571
"2018-06-18 15:30:00",1881,0.454,0.4,0.463,0.37,0.266,0.413,0.509,0.575
"2018-06-18 16:00:00",1882,0.458,0.403,0.466,0.373,0.27,0.415,0.514,0.578
"2018-06-18 16:30:00",1883,0.461,0.407,0.469,0.375,0.274,0.417,0.519,0.582
"2018-06-18 17:00:00",1884,0.465,0.412,0.471,0.376,0.278,0.419,0.524,0.586
"2018-06-18 17:30:00",1885,0.476,0.422,0.48,0.381,0.291,0.424,0.534,0.59
"2018-06-18 18:00:00",1886,0.499,0.442,0.498,0.392,0.315,0.444,0.552,0.593
"2018-06-18 18:30:00",1887,0.526,0.465,0.529,0.408,0.34,0.48,0.568,0.595
"2018-06-18 19:00:00",1888,0.526,0.464,0.522,0.406,0.338,0.471,0.573,0.598
"2018-06-18 19:30:00",1889,0.522,0.467,0.514,0.4,0.338,0.463,0.584,0.604
"2018-06-18 20:00:00",1890,0.542,0.481,0.543,0.415,0.352,0.495,0.6,0.606
"2018-06-18 20:30:00",1891,0.551,0.488,0.571,0.431,0.361,0.529,0.612,0.608
"2018-06-18 21:00:00",1892,0.55,0.489,0.582,0.439,0.365,0.545,0.62,0.609
"2018-06-18 21:30:00",1893,0.55,0.488,0.588,0.442,0.367,0.552,0.624,0.609
"2018-06-18 22:00:00",1894,0.551,0.486,0.592,0.444,0.368,0.556,0.627,0.611
"2018-06-18 22:30:00",1895,0.551,0.485,0.594,0.445,0.37,0.558,0.63,0.612
"2018-06-18 23:00:00",1896,0.55,0.483,0.596,0.445,0.371,0.559,0.63,0.613
"2018-06-18 23:30:00",1897,0.55,0.481,0.596,0.445,0.372,0.56,0.632,0.615
"2018-06-19 00:00:00",1898,0.549,0.48,0.597,0.445,0.373,0.56,0.632,0.616
"2018-06-19 00:30:00",1899,0.548,0.478,0.598,0.445,0.374,0.56,0.633,0.615
"2018-06-19 01:00:00",1900,0.548,0.476,0.599,0.445,0.374,0.56,0.633,0.615
"2018-06-19 01:30:00",1901,0.547,0.475,0.598,0.445,0.374,0.559,0.631,0.613
"2018-06-19 02:00:00",1902,0.546,0.474,0.598,0.445,0.375,0.561,0.632,0.614
"2018-06-19 02:30:00",1903,0.546,0.474,0.598,0.445,0.375,0.561,0.633,0.614
"2018-06-19 03:00:00",1904,0.545,0.474,0.598,0.445,0.375,0.561,0.632,0.612
"2018-06-19 03:30:00",1905,0.545,0.473,0.598,0.446,0.376,0.56,0.632,0.612
"2018-06-19 04:00:00",1906,0.544,0.473,0.598,0.445,0.376,0.561,0.632,0.612
"2018-06-19 04:30:00",1907,0.544,0.473,0.598,0.446,0.376,0.56,0.632,0.611
"2018-06-19 05:00:00",1908,0.543,0.473,0.598,0.446,0.376,0.562,0.633,0.613
"2018-06-19 05:30:00",1909,0.543,0.472,0.599,0.447,0.377,0.562,0.634,0.614
"2018-06-19 06:00:00",1910,0.542,0.472,0.599,0.447,0.377,0.563,0.634,0.614
"2018-06-19 06:30:00",1911,0.54,0.472,0.592,0.446,0.377,0.56,0.634,0.615
"2018-06-19 07:00:00",1912,0.532,0.47,0.569,0.437,0.375,0.543,0.632,0.614
"2018-06-19 07:30:00",1913,0.525,0.469,0.557,0.432,0.373,0.529,0.631,0.614
"2018-06-19 08:00:00",1914,0.518,0.467,0.547,0.426,0.371,0.515,0.628,0.615
"2018-06-19 08:30:00",1915,0.504,0.459,0.533,0.419,0.366,0.498,0.62,0.615
"2018-06-19 09:00:00",1916,0.484,0.445,0.511,0.407,0.356,0.472,0.608,0.614
"2018-06-19 09:30:00",1917,0.449,0.415,0.48,0.381,0.32,0.436,0.578,0.613
"2018-06-19 10:00:00",1918,0.429,0.395,0.467,0.368,0.284,0.418,0.543,0.605
"2018-06-19 10:30:00",1919,0.422,0.39,0.463,0.362,0.269,0.414,0.52,0.594
"2018-06-19 11:00:00",1920,0.422,0.39,0.463,0.362,0.264,0.412,0.507,0.582
"2018-06-19 11:30:00",1921,0.43,0.391,0.464,0.364,0.264,0.413,0.503,0.574
"2018-06-19 12:00:00",1922,0.444,0.397,0.467,0.369,0.273,0.416,0.508,0.574
"2018-06-19 12:30:00",1923,0.448,0.398,0.467,0.371,0.275,0.416,0.51,0.576
"2018-06-19 13:00:00",1924,0.441,0.393,0.462,0.367,0.262,0.411,0.499,0.568
"2018-06-19 13:30:00",1925,0.441,0.392,0.46,0.367,0.262,0.412,0.494,0.557
"2018-06-19 14:00:00",1926,0.49,0.426,0.499,0.395,0.311,0.458,0.531,0.57
"2018-06-19 14:30:00",1927,0.518,0.455,0.537,0.419,0.346,0.507,0.533,0.559
"2018-06-19 15:00:00",1928,0.501,0.451,0.523,0.415,0.346,0.491,0.541,0.555
"2018-06-19 15:30:00",1929,0.506,0.466,0.546,0.427,0.354,0.523,0.566,0.563
"2018-06-19 16:00:00",1930,0.496,0.474,0.567,0.436,0.361,0.54,0.584,0.569
"2018-06-19 16:30:00",1931,0.497,0.475,0.58,0.44,0.366,0.554,0.594,0.58
"2018-06-19 17:00:00",1932,0.498,0.472,0.585,0.441,0.368,0.56,0.602,0.589
"2018-06-19 17:30:00",1933,0.494,0.469,0.576,0.441,0.368,0.549,0.601,0.59
"2018-06-19 18:00:00",1934,0.491,0.47,0.57,0.441,0.368,0.546,0.602,0.593
"2018-06-19 18:30:00",1935,0.489,0.47,0.567,0.439,0.368,0.543,0.603,0.594
"2018-06-19 19:00:00",1936,0.488,0.471,0.571,0.438,0.369,0.544,0.601,0.594
"2018-06-19 19:30:00",1937,0.484,0.47,0.567,0.435,0.368,0.532,0.602,0.595
"2018-06-19 20:00:00",1938,0.484,0.471,0.569,0.434,0.369,0.529,0.606,0.596
"2018-06-19 20:30:00",1939,0.49,0.47,0.581,0.439,0.371,0.546,0.61,0.596
"2018-06-19 21:00:00",1940,0.493,0.469,0.588,0.442,0.371,0.556,0.612,0.596
"2018-06-19 21:30:00",1941,0.494,0.468,0.59,0.442,0.372,0.558,0.614,0.596
"2018-06-19 22:00:00",1942,0.495,0.467,0.592,0.441,0.373,0.558,0.616,0.598
"2018-06-19 22:30:00",1943,0.495,0.466,0.593,0.441,0.374,0.559,0.618,0.599
"2018-06-19 23:00:00",1944,0.495,0.466,0.593,0.441,0.374,0.559,0.62,0.601
"2018-06-19 23:30:00",1945,0.496,0.466,0.594,0.44,0.375,0.559,0.621,0.601
"2018-06-20 00:00:00",1946,0.497,0.467,0.594,0.44,0.375,0.561,0.622,0.603
"2018-06-20 00:30:00",1947,0.498,0.467,0.594,0.441,0.376,0.562,0.625,0.606
"2018-06-20 01:00:00",1948,0.499,0.468,0.595,0.44,0.378,0.563,0.626,0.608
"2018-06-20 01:30:00",1949,0.5,0.469,0.596,0.441,0.379,0.565,0.631,0.61
"2018-06-20 02:00:00",1950,0.5,0.47,0.596,0.441,0.38,0.565,0.632,0.611
"2018-06-20 02:30:00",1951,0.501,0.471,0.596,0.441,0.381,0.566,0.634,0.613
"2018-06-20 03:00:00",1952,0.502,0.471,0.596,0.441,0.381,0.565,0.636,0.614
"2018-06-20 03:30:00",1953,0.502,0.472,0.596,0.441,0.383,0.565,0.637,0.615
"2018-06-20 04:00:00",1954,0.503,0.472,0.595,0.441,0.383,0.566,0.639,0.616
"2018-06-20 04:30:00",1955,0.504,0.473,0.595,0.441,0.384,0.567,0.639,0.617
"2018-06-20 05:00:00",1956,0.504,0.473,0.596,0.441,0.384,0.567,0.639,0.618
"2018-06-20 05:30:00",1957,0.505,0.473,0.596,0.442,0.384,0.566,0.638,0.617
"2018-06-20 06:00:00",1958,0.505,0.473,0.593,0.441,0.385,0.565,0.639,0.618
"2018-06-20 06:30:00",1959,0.505,0.473,0.59,0.44,0.384,0.566,0.64,0.62
"2018-06-20 07:00:00",1960,0.504,0.473,0.579,0.437,0.384,0.558,0.64,0.62
"2018-06-20 07:30:00",1961,0.496,0.471,0.551,0.427,0.381,0.529,0.638,0.619
"2018-06-20 08:00:00",1962,0.486,0.467,0.537,0.42,0.378,0.512,0.636,0.619
"2018-06-20 08:30:00",1963,0.451,0.441,0.496,0.395,0.365,0.466,0.62,0.617
"2018-06-20 09:00:00",1964,0.43,0.421,0.481,0.378,0.337,0.446,0.598,0.612
"2018-06-20 09:30:00",1965,0.405,0.398,0.463,0.36,0.298,0.424,0.567,0.606
"2018-06-20 10:00:00",1966,0.41,0.398,0.467,0.365,0.296,0.425,0.556,0.606
"2018-06-20 10:30:00",1967,0.403,0.39,0.459,0.356,0.289,0.416,0.538,0.601
"2018-06-20 11:00:00",1968,0.402,0.389,0.458,0.353,0.286,0.414,0.528,0.592
"2018-06-20 11:30:00",1969,0.404,0.392,0.461,0.358,0.286,0.415,0.523,0.586
"2018-06-20 12:00:00",1970,0.402,0.392,0.46,0.36,0.282,0.414,0.517,0.582
"2018-06-20 12:30:00",1971,0.403,0.394,0.461,0.359,0.281,0.415,0.518,0.579
"2018-06-20 13:00:00",1972,0.415,0.403,0.467,0.37,0.29,0.423,0.53,0.589
"2018-06-20 13:30:00",1973,0.404,0.394,0.459,0.362,0.277,0.412,0.52,0.587
"2018-06-20 14:00:00",1974,0.405,0.39,0.457,0.358,0.269,0.41,0.512,0.581
"2018-06-20 14:30:00",1975,0.412,0.392,0.458,0.36,0.274,0.412,0.511,0.576
"2018-06-20 15:00:00",1976,0.416,0.393,0.459,0.361,0.272,0.412,0.512,0.576
"2018-06-20 15:30:00",1977,0.433,0.405,0.469,0.373,0.291,0.423,0.527,0.584
"2018-06-20 16:00:00",1978,0.425,0.4,0.462,0.367,0.281,0.416,0.524,0.581
"2018-06-20 16:30:00",1979,0.446,0.414,0.479,0.379,0.295,0.432,0.54,0.59
"2018-06-20 17:00:00",1980,0.465,0.433,0.493,0.39,0.323,0.446,0.557,0.595
"2018-06-20 17:30:00",1981,0.479,0.45,0.513,0.402,0.341,0.469,0.582,0.601
"2018-06-20 18:00:00",1982,0.5,0.469,0.554,0.421,0.358,0.521,0.604,0.605
"2018-06-20 18:30:00",1983,0.512,0.475,0.572,0.432,0.365,0.544,0.615,0.607
"2018-06-20 19:00:00",1984,0.515,0.476,0.575,0.435,0.368,0.549,0.62,0.609
"2018-06-20 19:30:00",1985,0.516,0.476,0.579,0.437,0.369,0.554,0.623,0.611
"2018-06-20 20:00:00",1986,0.515,0.475,0.582,0.438,0.37,0.557,0.625,0.61
"2018-06-20 20:30:00",1987,0.516,0.473,0.588,0.439,0.371,0.561,0.626,0.611
"2018-06-20 21:00:00",1988,0.517,0.47,0.592,0.44,0.371,0.561,0.628,0.611
"2018-06-20 21:30:00",1989,0.514,0.467,0.591,0.438,0.372,0.561,0.624,0.611
"2018-06-20 22:00:00",1990,0.513,0.466,0.593,0.436,0.371,0.56,0.626,0.611
"2018-06-20 22:30:00",1991,0.512,0.464,0.594,0.438,0.372,0.558,0.628,0.61
"2018-06-20 23:00:00",1992,0.512,0.464,0.594,0.438,0.373,0.56,0.632,0.613
"2018-06-20 23:30:00",1993,0.511,0.464,0.595,0.438,0.374,0.561,0.632,0.614
"2018-06-21 00:00:00",1994,0.511,0.463,0.595,0.438,0.374,0.56,0.633,0.614
"2018-06-21 00:30:00",1995,0.51,0.463,0.595,0.438,0.375,0.56,0.633,0.616
"2018-06-21 01:00:00",1996,0.509,0.462,0.596,0.437,0.375,0.56,0.635,0.617
"2018-06-21 01:30:00",1997,0.508,0.462,0.596,0.438,0.375,0.559,0.634,0.617
"2018-06-21 02:00:00",1998,0.507,0.462,0.596,0.438,0.375,0.559,0.634,0.618
"2018-06-21 02:30:00",1999,0.506,0.461,0.596,0.438,0.375,0.56,0.634,0.618
"2018-06-21 03:00:00",2000,0.505,0.461,0.596,0.438,0.376,0.559,0.634,0.618
"2018-06-21 03:30:00",2001,0.504,0.46,0.596,0.437,0.375,0.559,0.635,0.618
"2018-06-21 04:00:00",2002,0.504,0.46,0.597,0.437,0.375,0.558,0.636,0.618
"2018-06-21 04:30:00",2003,0.503,0.46,0.597,0.437,0.375,0.559,0.635,0.619
"2018-06-21 05:00:00",2004,0.502,0.46,0.597,0.437,0.376,0.558,0.635,0.618
"2018-06-21 05:30:00",2005,0.502,0.46,0.597,0.437,0.376,0.557,0.634,0.617
"2018-06-21 06:00:00",2006,0.501,0.46,0.597,0.437,0.376,0.557,0.635,0.618
"2018-06-21 06:30:00",2007,0.501,0.46,0.597,0.436,0.376,0.557,0.635,0.617
"2018-06-21 07:00:00",2008,0.501,0.459,0.597,0.436,0.376,0.557,0.635,0.618
"2018-06-21 07:30:00",2009,0.5,0.458,0.597,0.436,0.375,0.557,0.634,0.617
"2018-06-21 08:00:00",2010,0.499,0.457,0.597,0.436,0.375,0.558,0.634,0.616
"2018-06-21 08:30:00",2011,0.499,0.457,0.598,0.437,0.374,0.56,0.632,0.615
"2018-06-21 09:00:00",2012,0.497,0.458,0.588,0.439,0.373,0.554,0.63,0.612
"2018-06-21 09:30:00",2013,0.479,0.452,0.539,0.426,0.366,0.507,0.625,0.61
"2018-06-21 10:00:00",2014,0.434,0.425,0.491,0.395,0.344,0.451,0.609,0.605
"2018-06-21 10:30:00",2015,0.423,0.414,0.483,0.381,0.326,0.441,0.595,0.601
"2018-06-21 11:00:00",2016,0.418,0.41,0.481,0.379,0.317,0.436,0.584,0.601
"2018-06-21 11:30:00",2017,0.411,0.401,0.472,0.37,0.306,0.427,0.563,0.594
"2018-06-21 12:00:00",2018,0.403,0.394,0.468,0.364,0.298,0.422,0.542,0.588
"2018-06-21 12:30:00",2019,0.402,0.391,0.465,0.361,0.297,0.419,0.535,0.586
"2018-06-21 13:00:00",2020,0.409,0.398,0.472,0.367,0.3,0.428,0.535,0.585
"2018-06-21 13:30:00",2021,0.412,0.401,0.472,0.369,0.303,0.427,0.54,0.587
"2018-06-21 14:00:00",2022,0.406,0.397,0.468,0.365,0.296,0.422,0.533,0.587
"2018-06-21 14:30:00",2023,0.417,0.406,0.476,0.375,0.303,0.431,0.543,0.591
"2018-06-21 15:00:00",2024,0.413,0.402,0.47,0.372,0.299,0.422,0.543,0.592
"2018-06-21 15:30:00",2025,0.4,0.391,0.459,0.362,0.282,0.411,0.528,0.586
"2018-06-21 16:00:00",2026,0.4,0.39,0.46,0.362,0.278,0.41,0.52,0.584
"2018-06-21 16:30:00",2027,0.409,0.399,0.468,0.368,0.29,0.42,0.523,0.585
"2018-06-21 17:00:00",2028,0.421,0.408,0.476,0.375,0.308,0.427,0.537,0.588
